# n_H = 0.01 cm^-3. Lambda_N = cooling per H / n_H [erg cm^3 s^-1]
# logT x_e tigris_total H He tracked_ions higher_ions untracked_and_returned gow17_fits_rest sum_of_parts ncr_total ncr_H ncr_He ncr_metal chianti_solar
4.00 0.0018 3.2996e-26 0.0000e+00 2.8265e-33 2.3426e-28 7.9847e-35 0.0000e+00 3.2761e-26 2.3426e-28 1.3622e-26 4.7961e-27 2.8265e-33 8.8256e-27 2.8777e-26
4.05 0.0117 2.2828e-25 0.0000e+00 4.4838e-31 5.1938e-27 1.3377e-32 0.0000e+00 2.2309e-25 5.1943e-27 3.2943e-25 1.9705e-25 4.4838e-31 1.3238e-25 3.3250e-25
4.10 0.0592 3.0590e-24 0.0000e+00 1.5960e-29 5.9453e-26 1.0145e-30 0.0000e+00 2.9995e-24 5.9470e-26 3.5430e-24 2.6555e-24 1.5960e-29 8.8744e-25 3.5902e-24
4.15 0.2215 2.5939e-23 0.0000e+00 5.3014e-28 4.4507e-25 3.7738e-29 0.0000e+00 2.5494e-23 4.4564e-25 2.9188e-23 2.4634e-23 5.3014e-28 4.5535e-24 2.6788e-23
4.20 0.5263 9.3585e-23 0.0000e+00 6.5674e-27 2.0927e-24 6.4016e-28 0.0000e+00 9.1485e-23 2.0999e-24 1.0059e-22 8.7243e-23 6.5674e-27 1.3343e-23 9.2841e-23
4.25 0.7921 1.4153e-22 0.0000e+00 5.0274e-26 5.1467e-24 5.0715e-27 0.0000e+00 1.3633e-22 5.2020e-24 1.5219e-22 1.3026e-22 5.0274e-26 2.1885e-23 1.4063e-22
4.30 0.9215 1.3334e-22 0.0000e+00 2.2238e-25 8.1337e-24 2.3322e-26 0.0000e+00 1.2496e-22 8.3794e-24 1.4740e-22 1.2102e-22 2.2238e-25 2.6159e-23 1.3580e-22
4.35 0.9730 1.0915e-22 3.0752e-24 8.3057e-25 1.0629e-23 7.6043e-26 4.9816e-25 9.4044e-23 1.5109e-23 1.2752e-22 9.6011e-23 8.3057e-25 3.0680e-23 1.1656e-22
4.40 1.0007 9.1757e-23 1.2514e-23 2.3050e-24 1.3026e-23 2.0676e-25 3.1701e-24 6.0535e-23 3.1221e-23 1.1358e-22 7.3719e-23 2.3050e-24 3.7557e-23 1.0385e-22
4.45 1.0320 9.2093e-23 3.5148e-23 4.4857e-24 1.5772e-23 5.4021e-25 1.4583e-23 2.1564e-23 7.0529e-23 1.1005e-22 5.7428e-23 4.4857e-24 4.8132e-23 1.0133e-22
4.50 1.0654 9.9899e-23 4.2328e-23 5.4957e-24 1.9070e-23 1.4229e-24 2.8980e-23 2.6022e-24 9.7297e-23 1.1287e-22 4.5038e-23 5.4957e-24 6.2340e-23 1.0585e-22
4.55 1.0860 1.0671e-22 3.5936e-23 5.1629e-24 2.2974e-23 3.5801e-24 3.9057e-23 2.4245e-38 1.0671e-22 1.2261e-22 3.5936e-23 5.1629e-24 8.1513e-23 1.1428e-22
4.60 1.0948 1.1790e-22 2.8719e-23 4.6518e-24 2.7845e-23 8.0745e-24 4.8614e-23 -1.4694e-39 1.1790e-22 1.3893e-22 2.8719e-23 4.6518e-24 1.0556e-22 1.2787e-22
4.65 1.0981 1.3892e-22 2.3159e-23 5.4053e-24 3.4233e-23 1.5809e-23 6.0309e-23 -7.3468e-40 1.3892e-22 1.6355e-22 2.3159e-23 5.4053e-24 1.3499e-22 1.4911e-22
4.70 1.0991 1.7189e-22 1.8967e-23 8.9218e-24 4.2630e-23 2.6910e-23 7.4459e-23 2.0571e-38 1.7189e-22 1.9799e-22 1.8967e-23 8.9218e-24 1.7010e-22 1.8027e-22
4.75 1.0978 2.1926e-22 1.5764e-23 1.8667e-23 5.3131e-23 4.0918e-23 9.0784e-23 -1.1755e-38 2.1926e-22 2.4575e-22 1.5764e-23 1.8667e-23 2.1132e-22 2.2432e-22
4.80 1.0917 2.8132e-22 1.3272e-23 3.7903e-23 6.5098e-23 5.7383e-23 1.0767e-22 -3.5265e-38 2.8132e-22 3.1014e-22 1.3272e-23 3.7903e-23 2.5897e-22 2.8450e-22
4.85 1.0758 3.5070e-22 1.1381e-23 6.5713e-23 7.6836e-23 7.6292e-23 1.2048e-22 -4.7020e-38 3.5070e-22 3.8958e-22 1.1381e-23 6.5713e-23 3.1249e-22 3.5755e-22
4.90 1.0506 4.0589e-22 9.9569e-24 8.6156e-23 8.5847e-23 9.8664e-23 1.2527e-22 -1.1755e-38 4.0589e-22 4.6415e-22 9.9569e-24 8.6156e-23 3.6804e-22 4.2530e-22
4.95 1.0276 4.3879e-22 8.7959e-24 8.5411e-23 8.9624e-23 1.2624e-22 1.2872e-22 -1.1755e-38 4.3879e-22 5.1630e-22 8.7959e-24 8.5411e-23 4.2210e-22 4.7413e-22
5.00 1.0139 4.5062e-22 7.7726e-24 7.0740e-23 8.6056e-23 1.5398e-22 1.3207e-22 3.5265e-38 4.5062e-22 5.4205e-22 7.7726e-24 7.0740e-23 4.6354e-22 4.9764e-22
5.05 1.0073 4.3502e-22 6.9948e-24 5.6708e-23 7.4826e-23 1.7014e-22 1.2634e-22 -3.5265e-38 4.3502e-22 5.3808e-22 6.9948e-24 5.6708e-23 4.7438e-22 4.8284e-22
5.10 1.0043 4.1148e-22 6.2621e-24 4.3552e-23 5.8903e-23 1.8415e-22 1.1861e-22 1.7632e-38 4.1148e-22 5.0808e-22 6.2621e-24 4.3552e-23 4.5827e-22 4.5867e-22
5.15 1.0029 4.1107e-22 5.6427e-24 3.3301e-23 4.2220e-23 2.0961e-22 1.2030e-22 -7.6407e-38 4.1107e-22 4.9557e-22 5.6427e-24 3.3301e-23 4.5663e-22 4.6077e-22
5.20 1.0023 4.2792e-22 5.1411e-24 2.5737e-23 2.7430e-23 2.3963e-22 1.2998e-22 -4.7020e-38 4.2792e-22 5.0717e-22 5.1411e-24 2.5737e-23 4.7629e-22 4.8262e-22
5.25 1.0020 4.4442e-22 4.7327e-24 2.0493e-23 1.5782e-23 2.5969e-22 1.4372e-22 6.4652e-38 4.4442e-22 5.2536e-22 4.7327e-24 2.0493e-23 5.0014e-22 5.0418e-22
5.30 1.0018 4.4970e-22 4.3725e-24 1.6305e-23 7.9660e-24 2.6197e-22 1.5909e-22 -9.6978e-38 4.4970e-22 5.3876e-22 4.3725e-24 1.6305e-23 5.1808e-22 5.1413e-22
5.35 1.0017 4.5089e-22 4.0942e-24 1.3388e-23 3.6608e-24 2.5603e-22 1.7372e-22 5.8775e-39 4.5089e-22 5.5217e-22 4.0942e-24 1.3388e-23 5.3468e-22 5.1868e-22
5.40 1.0016 4.3935e-22 3.8537e-24 1.1030e-23 1.5214e-24 2.4127e-22 1.8168e-22 4.8489e-38 4.3935e-22 5.3647e-22 3.8537e-24 1.1030e-23 5.2159e-22 5.0736e-22
5.45 1.0016 3.8275e-22 3.6533e-24 9.2265e-24 5.1553e-25 1.9688e-22 1.7247e-22 5.8775e-39 3.8275e-22 4.4247e-22 3.6533e-24 9.2265e-24 4.2959e-22 4.4227e-22
5.50 1.0016 2.8619e-22 3.4757e-24 7.8610e-24 1.2950e-25 1.2584e-22 1.4889e-22 -3.3795e-38 2.8619e-22 3.1403e-22 3.4757e-24 7.8610e-24 3.0269e-22 3.2988e-22
5.55 1.0016 2.0958e-22 3.3269e-24 6.7446e-24 2.6138e-26 6.7665e-23 1.3182e-22 0.0000e+00 2.0958e-22 2.3195e-22 3.3269e-24 6.7446e-24 2.2188e-22 2.4063e-22
5.60 1.0016 1.7242e-22 3.2184e-24 5.8652e-24 5.0275e-27 3.5628e-23 1.2770e-22 -1.8367e-38 1.7242e-22 1.9833e-22 3.2184e-24 5.8652e-24 1.8925e-22 1.9754e-22
5.65 1.0016 1.5950e-22 3.1465e-24 5.1805e-24 1.0273e-27 2.0131e-23 1.3104e-22 -1.5428e-38 1.5950e-22 1.9004e-22 3.1465e-24 5.1805e-24 1.8171e-22 1.8274e-22
5.70 1.0016 1.5611e-22 3.0938e-24 4.7305e-24 2.3347e-28 1.2681e-23 1.3560e-22 -5.8775e-39 1.5611e-22 1.8868e-22 3.0938e-24 4.7305e-24 1.8086e-22 1.7890e-22
5.75 1.0016 1.5162e-22 3.0597e-24 4.2648e-24 6.0113e-29 9.1027e-24 1.3519e-22 -5.8775e-39 1.5162e-22 1.8429e-22 3.0597e-24 4.2648e-24 1.7697e-22 1.7384e-22
5.80 1.0016 1.4306e-22 3.0513e-24 3.8444e-24 1.7693e-29 7.5292e-24 1.2864e-22 1.1755e-38 1.4306e-22 1.7629e-22 3.0513e-24 3.8444e-24 1.6939e-22 1.6399e-22
5.85 1.0016 1.3641e-22 3.0659e-24 3.5167e-24 5.9829e-30 7.0986e-24 1.2273e-22 -7.3468e-40 1.3641e-22 1.7346e-22 3.0659e-24 3.5167e-24 1.6688e-22 1.5632e-22
5.90 1.0016 1.3479e-22 3.0802e-24 3.2392e-24 2.3200e-30 7.3521e-24 1.2112e-22 -5.8775e-39 1.3479e-22 1.7671e-22 3.0802e-24 3.2392e-24 1.7039e-22 1.5454e-22
5.95 1.0016 1.3541e-22 3.1151e-24 3.0176e-24 1.0130e-30 8.0179e-24 1.2126e-22 -1.4694e-38 1.3541e-22 1.7962e-22 3.1151e-24 3.0176e-24 1.7349e-22 1.5533e-22
6.00 1.0016 1.3424e-22 3.1549e-24 2.8384e-24 4.7869e-31 8.8956e-24 1.1935e-22 -1.3224e-38 1.3424e-22 1.7615e-22 3.1549e-24 2.8384e-24 1.7016e-22 1.5400e-22
6.05 1.0016 1.2983e-22 3.2321e-24 2.6991e-24 2.3299e-31 9.8104e-24 1.1409e-22 -1.8734e-38 1.2983e-22 1.6565e-22 3.2321e-24 2.6991e-24 1.5972e-22 1.4883e-22
6.10 1.0016 1.2402e-22 3.3198e-24 2.5901e-24 1.1178e-31 1.0660e-23 1.0745e-22 5.5101e-39 1.2402e-22 1.5306e-22 3.3198e-24 2.5901e-24 1.4715e-22 1.4200e-22
6.15 1.0016 1.1796e-22 3.4202e-24 2.5046e-24 5.1252e-32 1.1447e-23 1.0059e-22 -6.9795e-39 1.1796e-22 1.4107e-22 3.4202e-24 2.5046e-24 1.3515e-22 1.3487e-22
6.20 1.0016 1.1050e-22 3.5269e-24 2.4479e-24 2.1957e-32 1.2182e-23 9.2340e-23 -3.2693e-38 1.1050e-22 1.2741e-22 3.5269e-24 2.4479e-24 1.2144e-22 1.2608e-22
6.25 1.0015 9.9733e-23 3.6439e-24 2.4013e-24 8.6647e-33 1.2801e-23 8.0887e-23 -1.4694e-38 9.9733e-23 1.0913e-22 3.6439e-24 2.4013e-24 1.0309e-22 1.1341e-22
6.30 1.0015 8.4720e-23 3.7660e-24 2.3654e-24 3.1555e-33 1.3140e-23 6.5448e-23 -5.5101e-39 8.4720e-23 8.7989e-23 3.7660e-24 2.3654e-24 8.1858e-23 9.5783e-23
6.35 1.0015 6.7747e-23 3.7890e-24 2.3531e-24 1.0863e-33 1.2844e-23 4.8761e-23 9.9182e-39 6.7747e-23 6.9246e-23 3.7890e-24 2.3531e-24 6.3104e-23 7.5956e-23
6.40 1.0015 5.3425e-23 3.9428e-24 2.3505e-24 3.6261e-34 1.1500e-23 3.5631e-23 -1.2857e-38 5.3425e-23 5.5304e-23 3.9428e-24 2.3505e-24 4.9011e-23 5.9234e-23
6.45 1.0015 4.3222e-23 4.1045e-24 2.3533e-24 1.1994e-34 9.2765e-24 2.7487e-23 -2.2041e-39 4.3222e-23 4.5413e-23 4.1045e-24 2.3533e-24 3.8955e-23 4.7418e-23
6.50 1.0015 3.6530e-23 4.2768e-24 2.3592e-24 3.9817e-35 6.9910e-24 2.2903e-23 -4.4081e-39 3.6530e-23 3.7887e-23 4.2768e-24 2.3592e-24 3.1251e-23 3.9723e-23
6.55 1.0015 3.2523e-23 4.4914e-24 2.4032e-24 1.3484e-35 5.1964e-24 2.0432e-23 3.6734e-39 3.2523e-23 3.2834e-23 4.4914e-24 2.4032e-24 2.5939e-23 3.5044e-23
6.60 1.0015 3.0315e-23 4.7154e-24 2.4493e-24 4.6886e-36 3.9279e-24 1.9223e-23 -6.2448e-39 3.0315e-23 2.9765e-23 4.7154e-24 2.4493e-24 2.2600e-23 3.2442e-23
6.65 1.0015 2.9294e-23 4.9578e-24 2.4999e-24 1.6774e-36 3.0502e-24 1.8786e-23 2.9387e-39 2.9294e-23 2.8384e-23 4.9578e-24 2.4999e-24 2.0926e-23 3.1199e-23
6.70 1.0015 2.9045e-23 5.2087e-24 2.5679e-24 6.1725e-37 2.4406e-24 1.8828e-23 -3.6734e-40 2.9045e-23 2.8138e-23 5.2087e-24 2.5679e-24 2.0361e-23 3.0837e-23
6.75 1.0015 2.9241e-23 5.4601e-24 2.6342e-24 2.3237e-37 2.0106e-24 1.9136e-23 2.9387e-39 2.9241e-23 2.8627e-23 5.4601e-24 2.6342e-24 2.0532e-23 3.1009e-23
6.80 1.0015 2.9732e-23 5.7243e-24 2.7153e-24 8.9355e-38 1.7059e-24 1.9587e-23 2.2041e-39 2.9732e-23 2.9672e-23 5.7243e-24 2.7153e-24 2.1232e-23 3.1513e-23
6.85 1.0015 3.0309e-23 6.0072e-24 2.7937e-24 3.5127e-38 1.4902e-24 2.0017e-23 4.0408e-39 3.0309e-23 3.0966e-23 6.0072e-24 2.7937e-24 2.2166e-23 3.2115e-23
6.90 1.0015 3.0709e-23 6.2900e-24 2.8741e-24 1.4087e-38 1.3393e-24 2.0205e-23 3.3061e-39 3.0709e-23 3.2252e-23 6.2900e-24 2.8741e-24 2.3088e-23 3.2532e-23
6.95 1.0015 3.0721e-23 6.5892e-24 2.9736e-24 5.7543e-39 1.2359e-24 1.9923e-23 -3.3061e-39 3.0721e-23 3.3188e-23 6.5892e-24 2.9736e-24 2.3625e-23 3.2476e-23
7.00 1.0015 3.0124e-23 6.9016e-24 3.0756e-24 2.3905e-39 1.1660e-24 1.8981e-23 -1.1020e-39 3.0124e-23 3.3447e-23 6.9016e-24 3.0756e-24 2.3470e-23 3.1712e-23
7.05 1.0015 2.8847e-23 7.2836e-24 3.2044e-24 1.0087e-39 1.1184e-24 1.7240e-23 2.2041e-39 2.8847e-23 3.2858e-23 7.2836e-24 3.2044e-24 2.2370e-23 3.0061e-23
7.10 1.0015 2.6863e-23 7.7034e-24 3.3515e-24 4.3178e-40 1.0829e-24 1.4725e-23 -2.2041e-39 2.6863e-23 3.1500e-23 7.7034e-24 3.3515e-24 2.0445e-23 2.7542e-23
7.15 1.0015 2.4480e-23 8.1275e-24 3.4486e-24 1.8661e-40 1.0504e-24 1.1853e-23 0.0000e+00 2.4480e-23 2.9241e-23 8.1275e-24 3.4486e-24 1.7665e-23 2.4638e-23
7.20 1.0015 2.2493e-23 8.5943e-24 3.6155e-24 8.1521e-41 1.0134e-24 9.2698e-24 0.0000e+00 2.2493e-23 2.6856e-23 8.5943e-24 3.6155e-24 1.4646e-23 2.2105e-23
7.25 1.0015 2.1122e-23 9.0487e-24 3.7822e-24 3.6008e-41 9.6741e-25 7.3235e-24 2.9387e-39 2.1122e-23 2.4614e-23 9.0487e-24 3.7822e-24 1.1783e-23 2.0342e-23
7.30 1.0015 2.0371e-23 9.5220e-24 3.9632e-24 1.6068e-41 9.1277e-25 5.9732e-24 -7.3468e-40 2.0371e-23 2.3016e-23 9.5220e-24 3.9632e-24 9.5313e-24 1.9309e-23
7.35 1.0015 2.0083e-23 1.0029e-23 4.1442e-24 7.2386e-42 8.5343e-25 5.0569e-24 2.9387e-39 2.0083e-23 2.2105e-23 1.0029e-23 4.1442e-24 7.9323e-24 1.8821e-23
7.40 1.0015 2.0094e-23 1.0532e-23 4.3350e-24 3.2900e-42 7.9478e-25 4.4326e-24 -2.9387e-39 2.0094e-23 2.1649e-23 1.0532e-23 4.3350e-24 6.7820e-24 1.8719e-23
7.45 1.0015 2.0309e-23 1.1046e-23 4.5196e-24 1.5076e-42 7.4157e-25 4.0018e-24 1.4694e-39 2.0309e-23 2.1520e-23 1.1046e-23 4.5196e-24 5.9549e-24 1.8892e-23
7.50 1.0015 2.0647e-23 1.1553e-23 4.7022e-24 6.9617e-43 6.9648e-25 3.6958e-24 7.3468e-40 2.0647e-23 2.1566e-23 1.1553e-23 4.7022e-24 5.3105e-24 1.9265e-23
7.55 1.0015 2.1194e-23 1.2125e-23 4.9296e-24 3.2374e-43 6.6053e-25 3.4791e-24 -2.2041e-39 2.1194e-23 2.1884e-23 1.2125e-23 4.9296e-24 4.8298e-24 1.9801e-23
7.60 1.0015 2.1844e-23 1.2728e-23 5.1600e-24 1.5154e-43 6.3348e-25 3.3221e-24 0.0000e+00 2.1844e-23 2.2309e-23 1.2728e-23 5.1600e-24 4.4210e-24 2.0473e-23
7.65 1.0015 2.2521e-23 1.3325e-23 5.3766e-24 7.1363e-44 6.1463e-25 3.2051e-24 7.3468e-40 2.2521e-23 2.2766e-23 1.3325e-23 5.3766e-24 4.0645e-24 2.1252e-23
7.70 1.0015 2.3226e-23 1.3929e-23 5.5844e-24 3.3790e-44 6.0302e-25 3.1095e-24 -5.1428e-39 2.3226e-23 2.3277e-23 1.3929e-23 5.5844e-24 3.7639e-24 2.2121e-23
7.75 1.0015 2.3928e-23 1.4526e-23 5.7786e-24 1.6078e-44 5.9770e-25 3.0252e-24 -2.9387e-39 2.3928e-23 2.3800e-23 1.4526e-23 5.7786e-24 3.4957e-24 2.3069e-23
7.80 1.0015 2.4509e-23 1.5007e-23 5.9621e-24 7.6837e-45 5.9788e-25 2.9420e-24 -7.3468e-40 2.4509e-23 2.4218e-23 1.5007e-23 5.9621e-24 3.2489e-24 2.4086e-23
7.85 1.0015 2.5001e-23 1.5429e-23 6.1172e-24 3.6843e-45 6.0289e-25 2.8525e-24 2.2041e-39 2.5001e-23 2.4572e-23 1.5429e-23 6.1172e-24 3.0259e-24 2.5168e-23
7.90 1.0015 2.5464e-23 1.5849e-23 6.2493e-24 1.7702e-45 6.1221e-25 2.7536e-24 2.2041e-39 2.5464e-23 2.4922e-23 1.5849e-23 6.2493e-24 2.8239e-24 2.6314e-23
7.95 1.0015 2.5777e-23 1.6148e-23 6.3578e-24 8.5275e-46 6.2543e-25 2.6461e-24 1.4694e-39 2.5777e-23 2.5139e-23 1.6148e-23 6.3578e-24 2.6328e-24 2.7528e-23
8.00 1.0015 2.6069e-23 1.6448e-23 6.4438e-24 4.1170e-46 6.4225e-25 2.5347e-24 2.2041e-39 2.6069e-23 2.5357e-23 1.6448e-23 6.4438e-24 2.4650e-24 2.8820e-23
