# Cloudy 25 static HII region: Q(H)=1e49 s^-1, SB99 Z=0.014 2 Myr SED, n_H=100 cm^-3, R_in=10^16.5 cm
# r is the zone-centre distance from the source; x_X is the fraction of element X in that stage
# r_pc  T_K  n_e_cm-3  x_H+  x_He+  x_He++  x_O0  x_O+  x_O++  x_O3+  x_S0  x_S+  x_S++  x_S3+  x_N+  x_N++
1.04532e-02 8.85050e+03 1.19800e+02 1.00000e+00 3.76000e-02 9.62000e-01 3.81000e-15 5.30000e-07 1.00000e-01 9.00000e-01 1.17000e-19 5.67000e-11 5.93000e-05 1.17000e-01 1.35000e-08 1.10000e-02
1.08713e-02 8.39980e+03 1.19750e+02 1.00000e+00 4.21000e-02 9.58000e-01 5.15000e-15 6.43000e-07 1.08000e-01 8.92000e-01 1.71000e-19 7.35000e-11 6.89000e-05 1.26000e-01 1.66000e-08 1.22000e-02
1.13062e-02 7.51170e+03 1.19680e+02 1.00000e+00 4.91000e-02 9.51000e-01 7.57000e-15 8.19000e-07 1.18000e-01 8.82000e-01 2.77000e-19 1.01000e-10 8.13000e-05 1.36000e-01 2.18000e-08 1.39000e-02
1.16387e-02 6.84090e+03 1.19620e+02 1.00000e+00 5.53000e-02 9.45000e-01 1.02000e-14 9.85000e-07 1.26000e-01 8.74000e-01 4.04000e-19 1.29000e-10 9.24000e-05 1.44000e-01 2.69000e-08 1.54000e-02
1.18050e-02 6.61450e+03 1.19590e+02 1.00000e+00 5.81000e-02 9.42000e-01 1.15000e-14 1.07000e-06 1.29000e-01 8.71000e-01 4.76000e-19 1.44000e-10 9.82000e-05 1.48000e-01 2.94000e-08 1.61000e-02
1.19090e-02 6.50370e+03 1.19570e+02 1.00000e+00 5.98000e-02 9.40000e-01 1.24000e-14 1.12000e-06 1.32000e-01 8.68000e-01 5.24000e-19 1.53000e-10 1.02000e-04 1.50000e-01 3.10000e-08 1.65000e-02
1.20207e-02 6.40340e+03 1.19550e+02 1.00000e+00 6.15000e-02 9.39000e-01 1.34000e-14 1.17000e-06 1.34000e-01 8.66000e-01 5.78000e-19 1.64000e-10 1.06000e-04 1.53000e-01 3.26000e-08 1.69000e-02
1.21660e-02 6.28990e+03 1.19530e+02 1.00000e+00 6.37000e-02 9.36000e-01 1.47000e-14 1.24000e-06 1.37000e-01 8.63000e-01 6.54000e-19 1.78000e-10 1.11000e-04 1.56000e-01 3.48000e-08 1.74000e-02
1.23548e-02 6.17070e+03 1.19510e+02 1.00000e+00 6.64000e-02 9.34000e-01 1.65000e-14 1.34000e-06 1.41000e-01 8.59000e-01 7.60000e-19 1.98000e-10 1.19000e-04 1.60000e-01 3.77000e-08 1.81000e-02
1.26002e-02 6.05010e+03 1.19470e+02 1.00000e+00 6.98000e-02 9.30000e-01 1.89000e-14 1.46000e-06 1.46000e-01 8.54000e-01 9.14000e-19 2.25000e-10 1.28000e-04 1.66000e-01 4.15000e-08 1.90000e-02
1.29193e-02 5.93750e+03 1.19430e+02 1.00000e+00 7.41000e-02 9.26000e-01 2.24000e-14 1.63000e-06 1.52000e-01 8.48000e-01 1.14000e-18 2.63000e-10 1.42000e-04 1.73000e-01 4.66000e-08 2.01000e-02
1.33342e-02 5.83730e+03 1.19370e+02 1.00000e+00 7.96000e-02 9.20000e-01 2.74000e-14 1.85000e-06 1.61000e-01 8.39000e-01 1.49000e-18 3.19000e-10 1.60000e-04 1.82000e-01 5.36000e-08 2.15000e-02
1.38400e-02 5.77110e+03 1.19310e+02 1.00000e+00 8.59000e-02 9.14000e-01 3.43000e-14 2.14000e-06 1.72000e-01 8.28000e-01 2.01000e-18 3.96000e-10 1.83000e-04 1.94000e-01 6.28000e-08 2.32000e-02
1.43936e-02 5.70790e+03 1.19240e+02 1.00000e+00 9.31000e-02 9.07000e-01 4.34000e-14 2.50000e-06 1.84000e-01 8.16000e-01 2.75000e-18 4.95000e-10 2.12000e-04 2.07000e-01 7.40000e-08 2.52000e-02
1.49694e-02 5.70620e+03 1.19170e+02 1.00000e+00 1.00000e-01 9.00000e-01 5.41000e-14 2.88000e-06 1.96000e-01 8.04000e-01 3.67000e-18 6.12000e-10 2.44000e-04 2.20000e-01 8.63000e-08 2.71000e-02
1.55681e-02 5.69920e+03 1.19090e+02 1.00000e+00 1.08000e-01 8.92000e-01 6.74000e-14 3.32000e-06 2.09000e-01 7.91000e-01 4.91000e-18 7.56000e-10 2.80000e-04 2.33000e-01 1.01000e-07 2.93000e-02
1.61908e-02 5.66620e+03 1.19010e+02 1.00000e+00 1.16000e-01 8.84000e-01 8.45000e-14 3.85000e-06 2.23000e-01 7.77000e-01 6.62000e-18 9.37000e-10 3.22000e-04 2.48000e-01 1.18000e-07 3.17000e-02
1.68385e-02 5.69910e+03 1.18920e+02 1.00000e+00 1.24000e-01 8.76000e-01 1.04000e-13 4.40000e-06 2.37000e-01 7.63000e-01 8.70000e-18 1.15000e-09 3.68000e-04 2.62000e-01 1.37000e-07 3.41000e-02
1.75120e-02 5.69660e+03 1.18830e+02 1.00000e+00 1.34000e-01 8.66000e-01 1.29000e-13 5.06000e-06 2.52000e-01 7.48000e-01 1.16000e-17 1.41000e-09 4.20000e-04 2.78000e-01 1.59000e-07 3.67000e-02
1.82125e-02 5.69130e+03 1.18740e+02 1.00000e+00 1.43000e-01 8.57000e-01 1.60000e-13 5.82000e-06 2.68000e-01 7.32000e-01 1.54000e-17 1.73000e-09 4.81000e-04 2.94000e-01 1.86000e-07 3.96000e-02
1.89410e-02 5.68250e+03 1.18650e+02 1.00000e+00 1.54000e-01 8.46000e-01 1.99000e-13 6.69000e-06 2.84000e-01 7.16000e-01 2.04000e-17 2.12000e-09 5.49000e-04 3.10000e-01 2.17000e-07 4.27000e-02
1.96986e-02 5.72490e+03 1.18520e+02 1.00000e+00 1.64000e-01 8.36000e-01 2.43000e-13 7.61000e-06 3.01000e-01 6.99000e-01 2.66000e-17 2.57000e-09 6.23000e-04 3.27000e-01 2.50000e-07 4.58000e-02
2.04866e-02 5.71730e+03 1.18400e+02 1.00000e+00 1.76000e-01 8.24000e-01 3.01000e-13 8.72000e-06 3.19000e-01 6.81000e-01 3.51000e-17 3.14000e-09 7.09000e-04 3.44000e-01 2.92000e-07 4.94000e-02
2.13060e-02 5.71460e+03 1.18290e+02 1.00000e+00 1.89000e-01 8.11000e-01 3.71000e-13 9.97000e-06 3.38000e-01 6.62000e-01 4.63000e-17 3.83000e-09 8.06000e-04 3.62000e-01 3.39000e-07 5.32000e-02
2.21583e-02 5.75300e+03 1.18150e+02 1.00000e+00 2.01000e-01 7.99000e-01 4.52000e-13 1.13000e-05 3.57000e-01 6.43000e-01 6.01000e-17 4.62000e-09 9.12000e-04 3.80000e-01 3.92000e-07 5.70000e-02
2.30446e-02 5.74570e+03 1.18010e+02 1.00000e+00 2.16000e-01 7.84000e-01 5.57000e-13 1.29000e-05 3.77000e-01 6.23000e-01 7.91000e-17 5.62000e-09 1.03000e-03 3.98000e-01 4.56000e-07 6.14000e-02
2.39664e-02 5.73820e+03 1.17900e+02 1.00000e+00 2.31000e-01 7.69000e-01 6.86000e-13 1.47000e-05 3.97000e-01 6.03000e-01 1.04000e-16 6.82000e-09 1.17000e-03 4.17000e-01 5.31000e-07 6.60000e-02
2.49251e-02 5.78530e+03 1.17700e+02 1.00000e+00 2.46000e-01 7.54000e-01 8.31000e-13 1.66000e-05 4.18000e-01 5.82000e-01 1.34000e-16 8.18000e-09 1.32000e-03 4.35000e-01 6.11000e-07 7.08000e-02
2.59221e-02 5.77990e+03 1.17540e+02 1.00000e+00 2.62000e-01 7.38000e-01 1.02000e-12 1.89000e-05 4.39000e-01 5.61000e-01 1.75000e-16 9.88000e-09 1.48000e-03 4.55000e-01 7.10000e-07 7.60000e-02
2.69589e-02 5.77930e+03 1.17410e+02 1.00000e+00 2.80000e-01 7.20000e-01 1.25000e-12 2.15000e-05 4.62000e-01 5.38000e-01 2.28000e-16 1.19000e-08 1.67000e-03 4.74000e-01 8.24000e-07 8.17000e-02
2.80373e-02 5.83060e+03 1.17180e+02 1.00000e+00 2.97000e-01 7.03000e-01 1.50000e-12 2.41000e-05 4.84000e-01 5.16000e-01 2.91000e-16 1.42000e-08 1.87000e-03 4.93000e-01 9.46000e-07 8.74000e-02
2.91588e-02 5.82550e+03 1.17010e+02 1.00000e+00 3.17000e-01 6.83000e-01 1.83000e-12 2.73000e-05 5.07000e-01 4.93000e-01 3.79000e-16 1.71000e-08 2.10000e-03 5.12000e-01 1.10000e-06 9.38000e-02
3.03251e-02 5.87470e+03 1.16790e+02 1.00000e+00 3.36000e-01 6.64000e-01 2.20000e-12 3.06000e-05 5.30000e-01 4.70000e-01 4.83000e-16 2.03000e-08 2.34000e-03 5.31000e-01 1.26000e-06 1.00000e-01
3.15381e-02 5.87310e+03 1.16600e+02 1.00000e+00 3.58000e-01 6.42000e-01 2.68000e-12 3.45000e-05 5.54000e-01 4.46000e-01 6.26000e-16 2.43000e-08 2.62000e-03 5.50000e-01 1.46000e-06 1.07000e-01
3.27996e-02 5.93100e+03 1.16360e+02 1.00000e+00 3.79000e-01 6.21000e-01 3.21000e-12 3.86000e-05 5.77000e-01 4.23000e-01 7.93000e-16 2.88000e-08 2.91000e-03 5.69000e-01 1.67000e-06 1.15000e-01
3.41118e-02 5.93030e+03 1.16190e+02 1.00000e+00 4.03000e-01 5.97000e-01 3.89000e-12 4.34000e-05 6.01000e-01 3.99000e-01 1.02000e-15 3.44000e-08 3.25000e-03 5.87000e-01 1.93000e-06 1.23000e-01
3.54762e-02 5.99360e+03 1.15890e+02 1.00000e+00 4.25000e-01 5.75000e-01 4.63000e-12 4.83000e-05 6.25000e-01 3.75000e-01 1.29000e-15 4.05000e-08 3.60000e-03 6.05000e-01 2.21000e-06 1.31000e-01
3.68953e-02 6.02720e+03 1.15660e+02 1.00000e+00 4.50000e-01 5.50000e-01 5.54000e-12 5.39000e-05 6.49000e-01 3.51000e-01 1.64000e-15 4.79000e-08 3.99000e-03 6.23000e-01 2.54000e-06 1.40000e-01
3.83708e-02 6.06110e+03 1.15410e+02 1.00000e+00 4.75000e-01 5.25000e-01 6.63000e-12 6.00000e-05 6.72000e-01 3.28000e-01 2.09000e-15 5.66000e-08 4.42000e-03 6.41000e-01 2.91000e-06 1.49000e-01
3.99057e-02 6.09530e+03 1.15140e+02 1.00000e+00 5.02000e-01 4.98000e-01 7.91000e-12 6.67000e-05 6.96000e-01 3.04000e-01 2.65000e-15 6.68000e-08 4.89000e-03 6.58000e-01 3.34000e-06 1.58000e-01
4.15021e-02 6.12560e+03 1.14930e+02 1.00000e+00 5.29000e-01 4.71000e-01 9.44000e-12 7.41000e-05 7.19000e-01 2.81000e-01 3.37000e-15 7.89000e-08 5.40000e-03 6.74000e-01 3.82000e-06 1.69000e-01
4.31620e-02 6.15810e+03 1.14670e+02 1.00000e+00 5.57000e-01 4.43000e-01 1.12000e-11 8.21000e-05 7.41000e-01 2.58000e-01 4.27000e-15 9.29000e-08 5.96000e-03 6.91000e-01 4.38000e-06 1.80000e-01
4.48887e-02 6.18870e+03 1.14340e+02 1.00000e+00 5.85000e-01 4.15000e-01 1.34000e-11 9.08000e-05 7.63000e-01 2.37000e-01 5.41000e-15 1.09000e-07 6.56000e-03 7.06000e-01 5.01000e-06 1.91000e-01
4.66841e-02 6.21310e+03 1.14090e+02 1.00000e+00 6.14000e-01 3.86000e-01 1.59000e-11 1.00000e-04 7.85000e-01 2.15000e-01 6.85000e-15 1.29000e-07 7.22000e-03 7.21000e-01 5.73000e-06 2.03000e-01
4.85514e-02 6.23830e+03 1.13800e+02 1.00000e+00 6.43000e-01 3.57000e-01 1.88000e-11 1.11000e-04 8.05000e-01 1.95000e-01 8.68000e-15 1.51000e-07 7.93000e-03 7.36000e-01 6.55000e-06 2.15000e-01
5.04936e-02 6.25930e+03 1.13510e+02 1.00000e+00 6.72000e-01 3.28000e-01 2.23000e-11 1.22000e-04 8.25000e-01 1.75000e-01 1.10000e-14 1.78000e-07 8.71000e-03 7.49000e-01 7.48000e-06 2.28000e-01
5.25133e-02 6.27610e+03 1.13220e+02 1.00000e+00 7.01000e-01 2.99000e-01 2.64000e-11 1.34000e-04 8.44000e-01 1.56000e-01 1.39000e-14 2.09000e-07 9.55000e-03 7.63000e-01 8.54000e-06 2.42000e-01
5.46139e-02 6.28950e+03 1.12930e+02 1.00000e+00 7.30000e-01 2.70000e-01 3.13000e-11 1.48000e-04 8.61000e-01 1.39000e-01 1.77000e-14 2.46000e-07 1.05000e-02 7.75000e-01 9.74000e-06 2.56000e-01
5.67985e-02 6.29970e+03 1.12650e+02 1.00000e+00 7.58000e-01 2.42000e-01 3.70000e-11 1.62000e-04 8.78000e-01 1.22000e-01 2.24000e-14 2.89000e-07 1.15000e-02 7.87000e-01 1.11000e-05 2.71000e-01
5.90703e-02 6.30580e+03 1.12370e+02 1.00000e+00 7.84000e-01 2.16000e-01 4.37000e-11 1.78000e-04 8.93000e-01 1.07000e-01 2.84000e-14 3.40000e-07 1.25000e-02 7.98000e-01 1.27000e-05 2.87000e-01
6.14332e-02 6.30860e+03 1.12110e+02 1.00000e+00 8.10000e-01 1.90000e-01 5.17000e-11 1.95000e-04 9.07000e-01 9.28000e-02 3.61000e-14 4.01000e-07 1.37000e-02 8.09000e-01 1.44000e-05 3.03000e-01
6.38903e-02 6.30810e+03 1.11860e+02 1.00000e+00 8.34000e-01 1.66000e-01 6.10000e-11 2.13000e-04 9.20000e-01 8.00000e-02 4.60000e-14 4.72000e-07 1.49000e-02 8.19000e-01 1.64000e-05 3.20000e-01
6.64460e-02 6.30530e+03 1.11630e+02 1.00000e+00 8.56000e-01 1.44000e-01 7.20000e-11 2.33000e-04 9.31000e-01 6.84000e-02 5.85000e-14 5.55000e-07 1.63000e-02 8.28000e-01 1.87000e-05 3.37000e-01
6.91041e-02 6.29810e+03 1.11420e+02 1.00000e+00 8.77000e-01 1.23000e-01 8.49000e-11 2.54000e-04 9.42000e-01 5.81000e-02 7.45000e-14 6.54000e-07 1.78000e-02 8.37000e-01 2.13000e-05 3.55000e-01
7.18682e-02 6.28930e+03 1.11200e+02 1.00000e+00 8.95000e-01 1.05000e-01 1.00000e-10 2.78000e-04 9.51000e-01 4.90000e-02 9.51000e-14 7.71000e-07 1.94000e-02 8.45000e-01 2.41000e-05 3.73000e-01
7.47427e-02 6.28400e+03 1.11050e+02 1.00000e+00 9.12000e-01 8.83000e-02 1.18000e-10 3.03000e-04 9.59000e-01 4.10000e-02 1.21000e-13 9.09000e-07 2.12000e-02 8.52000e-01 2.74000e-05 3.91000e-01
7.77327e-02 6.26510e+03 1.10870e+02 1.00000e+00 9.26000e-01 7.36000e-02 1.39000e-10 3.30000e-04 9.66000e-01 3.41000e-02 1.55000e-13 1.07000e-06 2.30000e-02 8.59000e-01 3.11000e-05 4.10000e-01
8.08419e-02 6.26160e+03 1.10760e+02 1.00000e+00 9.39000e-01 6.10000e-02 1.64000e-10 3.58000e-04 9.72000e-01 2.81000e-02 1.97000e-13 1.26000e-06 2.51000e-02 8.65000e-01 3.52000e-05 4.30000e-01
8.40755e-02 6.23110e+03 1.10630e+02 1.00000e+00 9.50000e-01 4.99000e-02 1.93000e-10 3.90000e-04 9.77000e-01 2.30000e-02 2.53000e-13 1.49000e-06 2.73000e-02 8.71000e-01 3.98000e-05 4.50000e-01
8.74385e-02 6.22050e+03 1.10540e+02 1.00000e+00 9.59000e-01 4.07000e-02 2.27000e-10 4.24000e-04 9.81000e-01 1.87000e-02 3.22000e-13 1.76000e-06 2.96000e-02 8.76000e-01 4.50000e-05 4.69000e-01
9.09359e-02 6.21490e+03 1.10470e+02 1.00000e+00 9.67000e-01 3.28000e-02 2.67000e-10 4.60000e-04 9.84000e-01 1.51000e-02 4.10000e-13 2.07000e-06 3.22000e-02 8.80000e-01 5.07000e-05 4.89000e-01
9.45734e-02 6.18490e+03 1.10390e+02 1.00000e+00 9.74000e-01 2.63000e-02 3.15000e-10 5.01000e-04 9.87000e-01 1.21000e-02 5.26000e-13 2.44000e-06 3.50000e-02 8.83000e-01 5.72000e-05 5.09000e-01
9.83564e-02 6.17700e+03 1.10340e+02 1.00000e+00 9.79000e-01 2.09000e-02 3.70000e-10 5.43000e-04 9.90000e-01 9.63000e-03 6.69000e-13 2.87000e-06 3.79000e-02 8.86000e-01 6.43000e-05 5.29000e-01
1.02291e-01 6.16640e+03 1.10300e+02 1.00000e+00 9.84000e-01 1.65000e-02 4.35000e-10 5.89000e-04 9.92000e-01 7.62000e-03 8.52000e-13 3.38000e-06 4.11000e-02 8.89000e-01 7.22000e-05 5.49000e-01
1.06382e-01 6.15090e+03 1.10260e+02 1.00000e+00 9.87000e-01 1.29000e-02 5.11000e-10 6.39000e-04 9.93000e-01 5.99000e-03 1.09000e-12 3.98000e-06 4.46000e-02 8.91000e-01 8.09000e-05 5.69000e-01
1.10638e-01 6.11910e+03 1.10220e+02 1.00000e+00 9.90000e-01 1.00000e-02 6.03000e-10 6.94000e-04 9.95000e-01 4.67000e-03 1.39000e-12 4.69000e-06 4.83000e-02 8.92000e-01 9.08000e-05 5.88000e-01
1.15063e-01 6.10980e+03 1.10200e+02 1.00000e+00 9.92000e-01 7.73000e-03 7.07000e-10 7.52000e-04 9.96000e-01 3.62000e-03 1.77000e-12 5.51000e-06 5.23000e-02 8.92000e-01 1.01000e-04 6.07000e-01
1.19666e-01 6.09640e+03 1.10180e+02 1.00000e+00 9.94000e-01 5.92000e-03 8.31000e-10 8.15000e-04 9.96000e-01 2.79000e-03 2.25000e-12 6.47000e-06 5.66000e-02 8.92000e-01 1.13000e-04 6.26000e-01
1.24452e-01 6.08380e+03 1.10170e+02 1.00000e+00 9.95000e-01 4.51000e-03 9.76000e-10 8.83000e-04 9.97000e-01 2.14000e-03 2.86000e-12 7.60000e-06 6.12000e-02 8.92000e-01 1.26000e-04 6.45000e-01
1.29431e-01 6.07860e+03 1.10160e+02 1.00000e+00 9.97000e-01 3.41000e-03 1.14000e-09 9.56000e-04 9.97000e-01 1.62000e-03 3.63000e-12 8.90000e-06 6.61000e-02 8.90000e-01 1.40000e-04 6.63000e-01
1.34608e-01 6.07370e+03 1.10150e+02 1.00000e+00 9.97000e-01 2.56000e-03 1.34000e-09 1.03000e-03 9.98000e-01 1.23000e-03 4.59000e-12 1.04000e-05 7.13000e-02 8.88000e-01 1.56000e-04 6.80000e-01
1.39992e-01 6.06720e+03 1.10140e+02 1.00000e+00 9.98000e-01 1.91000e-03 1.57000e-09 1.12000e-03 9.98000e-01 9.20000e-04 5.81000e-12 1.22000e-05 7.69000e-02 8.86000e-01 1.73000e-04 6.97000e-01
1.45592e-01 6.03820e+03 1.10130e+02 1.00000e+00 9.99000e-01 1.41000e-03 1.85000e-09 1.22000e-03 9.98000e-01 6.86000e-04 7.41000e-12 1.43000e-05 8.30000e-02 8.83000e-01 1.92000e-04 7.14000e-01
1.51415e-01 6.03150e+03 1.10130e+02 1.00000e+00 9.99000e-01 1.04000e-03 2.17000e-09 1.32000e-03 9.98000e-01 5.08000e-04 9.36000e-12 1.67000e-05 8.94000e-02 8.79000e-01 2.13000e-04 7.30000e-01
1.57472e-01 6.03640e+03 1.10130e+02 1.00000e+00 9.99000e-01 7.58000e-04 2.54000e-09 1.42000e-03 9.98000e-01 3.73000e-04 1.18000e-11 1.95000e-05 9.62000e-02 8.75000e-01 2.35000e-04 7.45000e-01
1.63771e-01 6.04020e+03 1.10120e+02 1.00000e+00 9.99000e-01 5.50000e-04 2.97000e-09 1.54000e-03 9.98000e-01 2.73000e-04 1.48000e-11 2.27000e-05 1.03000e-01 8.70000e-01 2.59000e-04 7.60000e-01
1.70322e-01 6.04170e+03 1.10120e+02 1.00000e+00 1.00000e+00 3.96000e-04 3.48000e-09 1.66000e-03 9.98000e-01 1.98000e-04 1.87000e-11 2.64000e-05 1.11000e-01 8.64000e-01 2.85000e-04 7.74000e-01
1.77135e-01 6.01750e+03 1.10120e+02 1.00000e+00 1.00000e+00 2.83000e-04 4.10000e-09 1.80000e-03 9.98000e-01 1.43000e-04 2.37000e-11 3.08000e-05 1.19000e-01 8.58000e-01 3.14000e-04 7.88000e-01
1.84220e-01 6.02700e+03 1.10120e+02 1.00000e+00 1.00000e+00 2.01000e-04 4.79000e-09 1.95000e-03 9.98000e-01 1.02000e-04 2.97000e-11 3.58000e-05 1.28000e-01 8.51000e-01 3.45000e-04 8.01000e-01
1.91589e-01 6.03340e+03 1.10120e+02 1.00000e+00 1.00000e+00 1.42000e-04 5.60000e-09 2.10000e-03 9.98000e-01 7.27000e-05 3.72000e-11 4.15000e-05 1.37000e-01 8.44000e-01 3.79000e-04 8.13000e-01
1.99252e-01 6.03940e+03 1.10120e+02 1.00000e+00 1.00000e+00 9.97000e-05 6.55000e-09 2.27000e-03 9.98000e-01 5.14000e-05 4.65000e-11 4.81000e-05 1.47000e-01 8.36000e-01 4.16000e-04 8.24000e-01
2.07222e-01 6.02970e+03 1.10120e+02 1.00000e+00 1.00000e+00 6.94000e-05 7.68000e-09 2.46000e-03 9.98000e-01 3.61000e-05 5.86000e-11 5.58000e-05 1.57000e-01 8.27000e-01 4.56000e-04 8.36000e-01
2.15511e-01 6.03680e+03 1.10120e+02 1.00000e+00 1.00000e+00 4.81000e-05 8.99000e-09 2.66000e-03 9.97000e-01 2.52000e-05 7.32000e-11 6.46000e-05 1.68000e-01 8.17000e-01 4.99000e-04 8.46000e-01
2.24132e-01 6.04610e+03 1.10120e+02 1.00000e+00 1.00000e+00 3.31000e-05 1.05000e-08 2.87000e-03 9.97000e-01 1.75000e-05 9.13000e-11 7.46000e-05 1.80000e-01 8.07000e-01 5.46000e-04 8.56000e-01
2.33097e-01 6.05210e+03 1.10120e+02 1.00000e+00 1.00000e+00 2.26000e-05 1.23000e-08 3.10000e-03 9.97000e-01 1.21000e-05 1.14000e-10 8.61000e-05 1.92000e-01 7.96000e-01 5.97000e-04 8.65000e-01
2.42421e-01 6.06400e+03 1.10120e+02 1.00000e+00 1.00000e+00 1.54000e-05 1.44000e-08 3.35000e-03 9.97000e-01 8.29000e-06 1.41000e-10 9.91000e-05 2.04000e-01 7.85000e-01 6.51000e-04 8.74000e-01
2.52118e-01 6.07380e+03 1.10120e+02 1.00000e+00 1.00000e+00 1.04000e-05 1.68000e-08 3.62000e-03 9.96000e-01 5.65000e-06 1.76000e-10 1.14000e-04 2.17000e-01 7.73000e-01 7.11000e-04 8.83000e-01
2.62202e-01 6.08320e+03 1.10120e+02 1.00000e+00 1.00000e+00 7.01000e-06 1.96000e-08 3.91000e-03 9.96000e-01 3.83000e-06 2.18000e-10 1.31000e-04 2.31000e-01 7.60000e-01 7.75000e-04 8.90000e-01
2.72691e-01 6.09350e+03 1.10120e+02 1.00000e+00 1.00000e+00 4.69000e-06 2.30000e-08 4.23000e-03 9.96000e-01 2.59000e-06 2.71000e-10 1.51000e-04 2.46000e-01 7.46000e-01 8.45000e-04 8.98000e-01
2.83598e-01 6.10340e+03 1.10120e+02 1.00000e+00 1.00000e+00 3.12000e-06 2.68000e-08 4.56000e-03 9.95000e-01 1.74000e-06 3.36000e-10 1.73000e-04 2.60000e-01 7.32000e-01 9.20000e-04 9.05000e-01
2.94942e-01 6.11320e+03 1.10110e+02 1.00000e+00 1.00000e+00 2.06000e-06 3.14000e-08 4.93000e-03 9.95000e-01 1.16000e-06 4.16000e-10 1.98000e-04 2.76000e-01 7.17000e-01 1.00000e-03 9.11000e-01
3.06739e-01 6.12320e+03 1.10110e+02 1.00000e+00 1.00000e+00 1.35000e-06 3.67000e-08 5.32000e-03 9.95000e-01 7.69000e-07 5.14000e-10 2.26000e-04 2.92000e-01 7.02000e-01 1.09000e-03 9.17000e-01
3.19009e-01 6.13310e+03 1.10110e+02 1.00000e+00 1.00000e+00 8.82000e-07 4.30000e-08 5.75000e-03 9.94000e-01 5.08000e-07 6.34000e-10 2.59000e-04 3.09000e-01 6.86000e-01 1.19000e-03 9.23000e-01
3.31768e-01 6.14510e+03 1.10110e+02 1.00000e+00 1.00000e+00 5.72000e-07 5.03000e-08 6.21000e-03 9.94000e-01 3.35000e-07 7.83000e-10 2.95000e-04 3.26000e-01 6.69000e-01 1.29000e-03 9.28000e-01
3.45039e-01 6.16220e+03 1.10110e+02 1.00000e+00 1.00000e+00 3.68000e-07 5.88000e-08 6.70000e-03 9.93000e-01 2.20000e-07 9.62000e-10 3.36000e-04 3.43000e-01 6.52000e-01 1.40000e-03 9.33000e-01
3.58842e-01 6.18210e+03 1.10110e+02 1.00000e+00 1.00000e+00 2.35000e-07 6.87000e-08 7.23000e-03 9.93000e-01 1.44000e-07 1.18000e-09 3.82000e-04 3.61000e-01 6.35000e-01 1.52000e-03 9.38000e-01
3.73195e-01 6.20310e+03 1.10110e+02 1.00000e+00 1.00000e+00 1.49000e-07 8.03000e-08 7.80000e-03 9.92000e-01 0.00000e+00 1.44000e-09 4.33000e-04 3.79000e-01 6.17000e-01 1.65000e-03 9.42000e-01
3.88122e-01 6.20690e+03 1.10110e+02 1.00000e+00 1.00000e+00 9.36000e-08 9.42000e-08 8.44000e-03 9.92000e-01 0.00000e+00 1.77000e-09 4.92000e-04 3.98000e-01 5.98000e-01 1.79000e-03 9.46000e-01
4.03649e-01 6.22900e+03 1.10110e+02 1.00000e+00 1.00000e+00 5.83000e-08 1.10000e-07 9.10000e-03 9.91000e-01 0.00000e+00 2.16000e-09 5.56000e-04 4.17000e-01 5.80000e-01 1.95000e-03 9.49000e-01
4.19794e-01 6.25110e+03 1.10110e+02 1.00000e+00 1.00000e+00 3.59000e-08 1.29000e-07 9.82000e-03 9.90000e-01 0.00000e+00 2.63000e-09 6.28000e-04 4.36000e-01 5.61000e-01 2.11000e-03 9.53000e-01
4.36585e-01 6.27330e+03 1.10110e+02 1.00000e+00 1.00000e+00 2.19000e-08 1.51000e-07 1.06000e-02 9.89000e-01 0.00000e+00 3.20000e-09 7.08000e-04 4.56000e-01 5.41000e-01 2.29000e-03 9.56000e-01
4.54049e-01 6.28020e+03 1.10110e+02 1.00000e+00 1.00000e+00 1.32000e-08 1.77000e-07 1.15000e-02 9.89000e-01 0.00000e+00 3.91000e-09 7.99000e-04 4.75000e-01 5.22000e-01 2.48000e-03 9.59000e-01
4.72211e-01 6.30360e+03 1.10110e+02 1.00000e+00 1.00000e+00 7.88000e-09 2.07000e-07 1.24000e-02 9.88000e-01 0.00000e+00 4.74000e-09 8.99000e-04 4.95000e-01 5.02000e-01 2.69000e-03 9.61000e-01
4.91101e-01 6.32700e+03 1.10110e+02 1.00000e+00 1.00000e+00 4.65000e-09 2.42000e-07 1.33000e-02 9.87000e-01 0.00000e+00 5.74000e-09 1.01000e-03 5.15000e-01 4.83000e-01 2.91000e-03 9.64000e-01
5.10744e-01 6.35030e+03 1.10110e+02 1.00000e+00 1.00000e+00 2.70000e-09 2.84000e-07 1.44000e-02 9.86000e-01 0.00000e+00 6.93000e-09 1.13000e-03 5.34000e-01 4.63000e-01 3.16000e-03 9.66000e-01
5.31173e-01 6.35520e+03 1.10110e+02 1.00000e+00 1.00000e+00 1.55000e-09 3.34000e-07 1.56000e-02 9.84000e-01 0.00000e+00 8.43000e-09 1.27000e-03 5.54000e-01 4.43000e-01 3.43000e-03 9.68000e-01
5.52420e-01 6.38220e+03 1.10110e+02 1.00000e+00 1.00000e+00 8.78000e-10 3.92000e-07 1.68000e-02 9.83000e-01 0.00000e+00 1.02000e-08 1.42000e-03 5.73000e-01 4.24000e-01 3.71000e-03 9.70000e-01
5.74519e-01 6.40670e+03 1.10110e+02 1.00000e+00 1.00000e+00 4.90000e-10 4.60000e-07 1.81000e-02 9.82000e-01 0.00000e+00 1.22000e-08 1.58000e-03 5.93000e-01 4.05000e-01 4.02000e-03 9.72000e-01
5.97499e-01 6.43080e+03 1.10110e+02 1.00000e+00 1.00000e+00 2.70000e-10 5.40000e-07 1.95000e-02 9.80000e-01 0.00000e+00 1.47000e-08 1.76000e-03 6.11000e-01 3.86000e-01 4.36000e-03 9.73000e-01
6.21397e-01 6.43980e+03 1.10110e+02 1.00000e+00 1.00000e+00 1.46000e-10 6.37000e-07 2.11000e-02 9.79000e-01 0.00000e+00 1.77000e-08 1.97000e-03 6.30000e-01 3.67000e-01 4.73000e-03 9.75000e-01
6.46254e-01 6.46850e+03 1.10100e+02 1.00000e+00 1.00000e+00 7.81000e-11 7.48000e-07 2.28000e-02 9.77000e-01 0.00000e+00 2.13000e-08 2.19000e-03 6.49000e-01 3.49000e-01 5.12000e-03 9.76000e-01
6.72105e-01 6.49380e+03 1.10100e+02 1.00000e+00 1.00000e+00 4.11000e-11 8.80000e-07 2.46000e-02 9.75000e-01 0.00000e+00 2.54000e-08 2.43000e-03 6.66000e-01 3.31000e-01 5.55000e-03 9.77000e-01
6.98987e-01 6.51480e+03 1.10100e+02 1.00000e+00 1.00000e+00 2.13000e-11 1.04000e-06 2.66000e-02 9.73000e-01 0.00000e+00 3.04000e-08 2.69000e-03 6.84000e-01 3.13000e-01 6.01000e-03 9.78000e-01
7.26949e-01 6.51890e+03 1.10100e+02 1.00000e+00 1.00000e+00 1.09000e-11 1.23000e-06 2.88000e-02 9.71000e-01 0.00000e+00 3.67000e-08 2.99000e-03 7.01000e-01 2.96000e-01 6.53000e-03 9.78000e-01
7.56025e-01 6.54590e+03 1.10100e+02 1.00000e+00 1.00000e+00 5.49000e-12 1.45000e-06 3.11000e-02 9.69000e-01 0.00000e+00 4.38000e-08 3.31000e-03 7.17000e-01 2.79000e-01 7.08000e-03 9.79000e-01
7.86268e-01 6.57210e+03 1.10100e+02 1.00000e+00 1.00000e+00 2.76000e-12 1.71000e-06 3.36000e-02 9.66000e-01 0.00000e+00 5.23000e-08 3.66000e-03 7.33000e-01 2.63000e-01 7.68000e-03 9.80000e-01
8.17717e-01 6.59820e+03 1.10100e+02 1.00000e+00 1.00000e+00 1.38000e-12 2.03000e-06 3.63000e-02 9.64000e-01 0.00000e+00 6.22000e-08 4.04000e-03 7.49000e-01 2.47000e-01 8.33000e-03 9.80000e-01
8.50426e-01 6.60330e+03 1.10100e+02 1.00000e+00 9.99000e-01 6.96000e-13 2.41000e-06 3.94000e-02 9.61000e-01 0.00000e+00 7.48000e-08 4.48000e-03 7.64000e-01 2.32000e-01 9.05000e-03 9.80000e-01
8.84444e-01 6.63330e+03 1.10100e+02 1.00000e+00 9.99000e-01 3.60000e-13 2.86000e-06 4.25000e-02 9.57000e-01 0.00000e+00 8.90000e-08 4.93000e-03 7.78000e-01 2.17000e-01 9.83000e-03 9.80000e-01
9.19821e-01 6.66070e+03 1.10090e+02 1.00000e+00 9.99000e-01 1.95000e-13 3.40000e-06 4.60000e-02 9.54000e-01 0.00000e+00 1.06000e-07 5.44000e-03 7.91000e-01 2.03000e-01 1.07000e-02 9.80000e-01
9.56613e-01 6.68810e+03 1.10090e+02 1.00000e+00 9.99000e-01 1.13000e-13 4.04000e-06 4.97000e-02 9.50000e-01 0.00000e+00 1.26000e-07 5.98000e-03 8.04000e-01 1.90000e-01 1.16000e-02 9.80000e-01
9.94877e-01 6.69780e+03 1.10090e+02 1.00000e+00 9.99000e-01 7.05000e-14 4.84000e-06 5.40000e-02 9.46000e-01 0.00000e+00 1.51000e-07 6.61000e-03 8.16000e-01 1.77000e-01 1.26000e-02 9.80000e-01
1.03467e+00 6.72960e+03 1.10090e+02 1.00000e+00 9.99000e-01 4.82000e-14 5.77000e-06 5.84000e-02 9.42000e-01 0.00000e+00 1.79000e-07 7.27000e-03 8.28000e-01 1.65000e-01 1.38000e-02 9.79000e-01
1.07606e+00 6.76050e+03 1.10090e+02 1.00000e+00 9.99000e-01 3.54000e-14 6.90000e-06 6.32000e-02 9.37000e-01 0.00000e+00 2.13000e-07 7.99000e-03 8.39000e-01 1.53000e-01 1.50000e-02 9.79000e-01
1.11910e+00 6.79260e+03 1.10080e+02 1.00000e+00 9.99000e-01 2.75000e-14 8.27000e-06 6.85000e-02 9.31000e-01 0.00000e+00 2.53000e-07 8.78000e-03 8.49000e-01 1.42000e-01 1.63000e-02 9.78000e-01
1.16387e+00 6.82420e+03 1.10080e+02 1.00000e+00 9.99000e-01 2.28000e-14 9.98000e-06 7.45000e-02 9.25000e-01 0.00000e+00 3.02000e-07 9.66000e-03 8.59000e-01 1.31000e-01 1.78000e-02 9.77000e-01
1.21042e+00 6.85580e+03 1.10080e+02 1.00000e+00 9.99000e-01 1.88000e-14 1.20000e-05 8.07000e-02 9.19000e-01 0.00000e+00 3.60000e-07 1.06000e-02 8.68000e-01 1.21000e-01 1.95000e-02 9.76000e-01
1.25884e+00 6.88750e+03 1.10080e+02 1.00000e+00 9.99000e-01 1.58000e-14 1.45000e-05 8.77000e-02 9.12000e-01 0.00000e+00 4.29000e-07 1.17000e-02 8.76000e-01 1.12000e-01 2.13000e-02 9.74000e-01
1.30919e+00 6.91920e+03 1.10070e+02 1.00000e+00 9.99000e-01 1.34000e-14 1.77000e-05 9.54000e-02 9.05000e-01 0.00000e+00 5.13000e-07 1.29000e-02 8.84000e-01 1.03000e-01 2.34000e-02 9.72000e-01
1.36156e+00 6.95530e+03 1.10070e+02 1.00000e+00 9.99000e-01 1.14000e-14 2.15000e-05 1.04000e-01 8.96000e-01 0.00000e+00 6.15000e-07 1.42000e-02 8.92000e-01 9.41000e-02 2.57000e-02 9.71000e-01
1.41602e+00 6.99920e+03 1.10060e+02 1.00000e+00 9.98000e-01 9.73000e-15 2.63000e-05 1.13000e-01 8.87000e-01 0.00000e+00 7.36000e-07 1.56000e-02 8.98000e-01 8.60000e-02 2.83000e-02 9.68000e-01
1.47266e+00 7.04620e+03 1.10060e+02 1.00000e+00 9.98000e-01 8.34000e-15 3.23000e-05 1.23000e-01 8.77000e-01 0.00000e+00 8.83000e-07 1.73000e-02 9.04000e-01 7.84000e-02 3.13000e-02 9.66000e-01
1.53157e+00 7.09840e+03 1.10050e+02 1.00000e+00 9.98000e-01 7.16000e-15 3.99000e-05 1.35000e-01 8.65000e-01 0.00000e+00 1.06000e-06 1.91000e-02 9.10000e-01 7.11000e-02 3.46000e-02 9.63000e-01
1.59283e+00 7.15640e+03 1.10040e+02 1.00000e+00 9.98000e-01 6.14000e-15 4.96000e-05 1.48000e-01 8.52000e-01 0.00000e+00 1.28000e-06 2.11000e-02 9.15000e-01 6.43000e-02 3.85000e-02 9.59000e-01
1.65655e+00 7.22080e+03 1.10030e+02 9.99000e-01 9.98000e-01 5.27000e-15 6.21000e-05 1.62000e-01 8.38000e-01 0.00000e+00 1.54000e-06 2.34000e-02 9.19000e-01 5.78000e-02 4.29000e-02 9.55000e-01
1.72281e+00 7.29350e+03 1.10020e+02 9.99000e-01 9.97000e-01 4.52000e-15 7.83000e-05 1.78000e-01 8.22000e-01 0.00000e+00 1.87000e-06 2.61000e-02 9.22000e-01 5.17000e-02 4.81000e-02 9.50000e-01
1.79172e+00 7.37550e+03 1.10010e+02 9.99000e-01 9.97000e-01 3.87000e-15 9.98000e-05 1.96000e-01 8.03000e-01 0.00000e+00 2.28000e-06 2.91000e-02 9.25000e-01 4.59000e-02 5.43000e-02 9.44000e-01
1.86339e+00 7.46860e+03 1.10000e+02 9.99000e-01 9.97000e-01 3.31000e-15 1.29000e-04 2.18000e-01 7.82000e-01 0.00000e+00 2.80000e-06 3.26000e-02 9.27000e-01 4.04000e-02 6.17000e-02 9.37000e-01
1.93792e+00 7.57510e+03 1.09980e+02 9.99000e-01 9.96000e-01 2.83000e-15 1.68000e-04 2.42000e-01 7.58000e-01 0.00000e+00 3.45000e-06 3.67000e-02 9.28000e-01 3.52000e-02 7.08000e-02 9.28000e-01
2.01544e+00 7.69760e+03 1.09960e+02 9.99000e-01 9.96000e-01 2.40000e-15 2.24000e-04 2.71000e-01 7.29000e-01 0.00000e+00 4.29000e-06 4.16000e-02 9.28000e-01 3.03000e-02 8.22000e-02 9.17000e-01
2.09279e+00 7.83290e+03 1.09940e+02 9.99000e-01 9.95000e-01 2.04000e-15 2.99000e-04 3.04000e-01 6.96000e-01 0.00000e+00 5.34000e-06 4.73000e-02 9.27000e-01 2.58000e-02 9.61000e-02 9.03000e-01
2.16496e+00 7.97320e+03 1.09910e+02 9.99000e-01 9.94000e-01 1.75000e-15 3.98000e-04 3.39000e-01 6.60000e-01 0.00000e+00 6.56000e-06 5.35000e-02 9.24000e-01 2.20000e-02 1.12000e-01 8.87000e-01
2.23057e+00 8.11430e+03 1.09880e+02 9.99000e-01 9.93000e-01 1.53000e-15 5.21000e-04 3.76000e-01 6.24000e-01 0.00000e+00 7.94000e-06 6.02000e-02 9.21000e-01 1.88000e-02 1.31000e-01 8.68000e-01
2.29088e+00 8.25690e+03 1.09850e+02 9.98000e-01 9.92000e-01 1.35000e-15 6.75000e-04 4.15000e-01 5.85000e-01 0.00000e+00 9.51000e-06 6.73000e-02 9.17000e-01 1.60000e-02 1.52000e-01 8.47000e-01
2.33948e+00 8.36850e+03 1.09810e+02 9.98000e-01 9.91000e-01 1.20000e-15 8.40000e-04 4.49000e-01 5.50000e-01 0.00000e+00 1.10000e-05 7.40000e-02 9.12000e-01 1.39000e-02 1.73000e-01 8.26000e-01
2.37506e+00 8.47460e+03 1.09780e+02 9.98000e-01 9.90000e-01 1.12000e-15 9.92000e-04 4.78000e-01 5.21000e-01 0.00000e+00 1.23000e-05 7.95000e-02 9.08000e-01 1.25000e-02 1.92000e-01 8.07000e-01
2.41197e+00 8.57120e+03 1.09750e+02 9.98000e-01 9.88000e-01 1.04000e-15 1.20000e-03 5.11000e-01 4.88000e-01 0.00000e+00 1.39000e-05 8.63000e-02 9.03000e-01 1.10000e-02 2.15000e-01 7.84000e-01
2.45321e+00 8.70630e+03 1.09700e+02 9.97000e-01 9.87000e-01 9.37000e-16 1.48000e-03 5.50000e-01 4.49000e-01 0.00000e+00 1.60000e-05 9.46000e-02 8.96000e-01 9.39000e-03 2.46000e-01 7.53000e-01
2.49097e+00 8.81570e+03 1.09640e+02 9.97000e-01 9.85000e-01 8.48000e-16 1.81000e-03 5.89000e-01 4.09000e-01 0.00000e+00 1.82000e-05 1.04000e-01 8.88000e-01 8.03000e-03 2.81000e-01 7.18000e-01
2.52367e+00 8.91600e+03 1.09580e+02 9.97000e-01 9.82000e-01 7.79000e-16 2.18000e-03 6.27000e-01 3.71000e-01 0.00000e+00 2.05000e-05 1.13000e-01 8.80000e-01 6.89000e-03 3.18000e-01 6.81000e-01
2.55159e+00 9.01900e+03 1.09530e+02 9.96000e-01 9.80000e-01 7.20000e-16 2.58000e-03 6.60000e-01 3.37000e-01 0.00000e+00 2.27000e-05 1.21000e-01 8.73000e-01 5.96000e-03 3.55000e-01 6.44000e-01
2.57587e+00 9.09610e+03 1.09470e+02 9.96000e-01 9.77000e-01 6.72000e-16 3.00000e-03 6.92000e-01 3.05000e-01 0.00000e+00 2.51000e-05 1.30000e-01 8.65000e-01 5.18000e-03 3.93000e-01 6.06000e-01
2.59917e+00 9.16570e+03 1.09390e+02 9.96000e-01 9.74000e-01 6.25000e-16 3.50000e-03 7.23000e-01 2.73000e-01 0.00000e+00 2.76000e-05 1.40000e-01 8.56000e-01 4.46000e-03 4.35000e-01 5.64000e-01
2.62208e+00 9.25870e+03 1.09320e+02 9.95000e-01 9.70000e-01 5.77000e-16 4.09000e-03 7.55000e-01 2.41000e-01 0.00000e+00 3.04000e-05 1.51000e-01 8.46000e-01 3.78000e-03 4.82000e-01 5.16000e-01
2.64416e+00 9.31910e+03 1.09190e+02 9.95000e-01 9.65000e-01 5.29000e-16 4.80000e-03 7.87000e-01 2.09000e-01 0.00000e+00 3.36000e-05 1.63000e-01 8.34000e-01 3.16000e-03 5.34000e-01 4.64000e-01
2.66483e+00 9.36870e+03 1.09070e+02 9.94000e-01 9.58000e-01 4.83000e-16 5.63000e-03 8.16000e-01 1.78000e-01 0.00000e+00 3.72000e-05 1.76000e-01 8.22000e-01 2.60000e-03 5.89000e-01 4.09000e-01
2.68394e+00 9.44400e+03 1.08950e+02 9.93000e-01 9.50000e-01 4.41000e-16 6.55000e-03 8.44000e-01 1.49000e-01 0.00000e+00 4.08000e-05 1.89000e-01 8.09000e-01 2.12000e-03 6.44000e-01 3.53000e-01
2.70220e+00 9.48600e+03 1.08710e+02 9.92000e-01 9.39000e-01 3.98000e-16 7.65000e-03 8.70000e-01 1.22000e-01 0.00000e+00 4.50000e-05 2.04000e-01 7.94000e-01 1.68000e-03 7.02000e-01 2.95000e-01
2.71748e+00 9.52460e+03 1.08520e+02 9.92000e-01 9.26000e-01 3.54000e-16 8.76000e-03 8.91000e-01 1.01000e-01 0.00000e+00 4.89000e-05 2.18000e-01 7.80000e-01 1.35000e-03 7.51000e-01 2.45000e-01
2.72814e+00 9.53920e+03 1.08290e+02 9.91000e-01 9.14000e-01 3.25000e-16 9.68000e-03 9.05000e-01 8.57000e-02 0.00000e+00 5.20000e-05 2.30000e-01 7.69000e-01 1.12000e-03 7.87000e-01 2.09000e-01
2.73667e+00 9.57120e+03 1.08140e+02 9.90000e-01 9.01000e-01 3.04000e-16 1.05000e-02 9.16000e-01 7.39000e-02 0.00000e+00 5.46000e-05 2.39000e-01 7.60000e-01 9.53000e-04 8.15000e-01 1.80000e-01
2.74606e+00 9.58690e+03 1.07840e+02 9.89000e-01 8.83000e-01 2.76000e-16 1.16000e-02 9.27000e-01 6.13000e-02 0.00000e+00 5.79000e-05 2.51000e-01 7.48000e-01 7.75000e-04 8.47000e-01 1.48000e-01
2.75572e+00 9.61630e+03 1.07600e+02 9.88000e-01 8.57000e-01 2.41000e-16 1.28000e-02 9.38000e-01 4.93000e-02 0.00000e+00 6.14000e-05 2.64000e-01 7.35000e-01 6.09000e-04 8.77000e-01 1.18000e-01
2.76307e+00 9.61360e+03 1.07160e+02 9.88000e-01 8.31000e-01 2.12000e-16 1.39000e-02 9.46000e-01 4.06000e-02 0.00000e+00 6.42000e-05 2.74000e-01 7.25000e-01 4.93000e-04 8.99000e-01 9.55000e-02
2.76855e+00 9.63300e+03 1.06830e+02 9.87000e-01 8.06000e-01 1.92000e-16 1.47000e-02 9.51000e-01 3.44000e-02 0.00000e+00 6.63000e-05 2.82000e-01 7.17000e-01 4.11000e-04 9.14000e-01 7.98000e-02
2.77424e+00 9.64830e+03 1.06530e+02 9.86000e-01 7.72000e-01 1.72000e-16 1.57000e-02 9.56000e-01 2.81000e-02 0.00000e+00 6.88000e-05 2.92000e-01 7.08000e-01 3.30000e-04 9.29000e-01 6.40000e-02
2.78015e+00 9.65050e+03 1.06070e+02 9.85000e-01 7.26000e-01 1.43000e-16 1.69000e-02 9.61000e-01 2.23000e-02 0.00000e+00 7.13000e-05 3.02000e-01 6.98000e-01 2.56000e-04 9.43000e-01 4.95000e-02
2.78489e+00 9.64980e+03 1.05550e+02 9.85000e-01 6.80000e-01 1.20000e-16 1.79000e-02 9.64000e-01 1.79000e-02 0.00000e+00 7.33000e-05 3.09000e-01 6.90000e-01 2.03000e-04 9.53000e-01 3.89000e-02
2.78872e+00 9.65370e+03 1.05000e+02 9.84000e-01 6.33000e-01 1.02000e-16 1.87000e-02 9.67000e-01 1.47000e-02 0.00000e+00 7.48000e-05 3.16000e-01 6.84000e-01 1.64000e-04 9.61000e-01 3.12000e-02
2.79284e+00 9.64820e+03 1.04360e+02 9.83000e-01 5.72000e-01 8.29000e-17 1.97000e-02 9.69000e-01 1.15000e-02 0.00000e+00 7.66000e-05 3.23000e-01 6.77000e-01 1.27000e-04 9.68000e-01 2.37000e-02
2.79727e+00 9.64020e+03 1.03590e+02 9.82000e-01 4.96000e-01 6.08000e-17 2.09000e-02 9.71000e-01 8.62000e-03 0.00000e+00 7.84000e-05 3.31000e-01 6.69000e-01 9.34000e-05 9.74000e-01 1.71000e-02
2.80113e+00 9.62910e+03 1.02740e+02 9.81000e-01 4.20000e-01 4.40000e-17 2.19000e-02 9.72000e-01 6.49000e-03 0.00000e+00 7.98000e-05 3.37000e-01 6.62000e-01 6.95000e-05 9.78000e-01 1.23000e-02
2.80465e+00 9.61970e+03 1.01880e+02 9.81000e-01 3.46000e-01 3.13000e-17 2.30000e-02 9.72000e-01 4.87000e-03 0.00000e+00 8.10000e-05 3.44000e-01 6.56000e-01 5.18000e-05 9.81000e-01 8.85000e-03
2.80871e+00 9.60370e+03 1.00970e+02 9.80000e-01 2.62000e-01 1.99000e-17 2.43000e-02 9.72000e-01 3.41000e-03 0.00000e+00 8.27000e-05 3.51000e-01 6.49000e-01 3.60000e-05 9.84000e-01 5.81000e-03
2.81398e+00 9.58480e+03 9.99530e+01 9.78000e-01 1.69000e-01 9.86000e-18 2.63000e-02 9.72000e-01 2.08000e-03 0.00000e+00 8.51000e-05 3.62000e-01 6.38000e-01 2.19000e-05 9.86000e-01 3.22000e-03
2.82082e+00 9.57560e+03 9.88770e+01 9.76000e-01 8.64000e-02 3.49000e-18 2.92000e-02 9.70000e-01 1.06000e-03 0.00000e+00 8.86000e-05 3.77000e-01 6.23000e-01 1.13000e-05 9.87000e-01 1.43000e-03
2.82973e+00 9.57840e+03 9.77150e+01 9.72000e-01 3.38000e-02 8.20000e-19 3.40000e-02 9.66000e-01 4.28000e-04 0.00000e+00 9.39000e-05 3.99000e-01 6.01000e-01 4.67000e-06 9.86000e-01 4.88000e-04
2.83950e+00 9.59740e+03 9.68350e+01 9.66000e-01 1.21000e-02 1.52000e-19 4.13000e-02 9.59000e-01 1.57000e-04 0.00000e+00 1.01000e-04 4.29000e-01 5.71000e-01 1.77000e-06 9.83000e-01 1.52000e-04
2.84863e+00 9.61640e+03 9.59570e+01 9.58000e-01 4.90000e-03 3.59000e-20 5.13000e-02 9.49000e-01 6.05000e-05 0.00000e+00 1.09000e-04 4.63000e-01 5.37000e-01 6.99000e-07 9.80000e-01 5.22000e-05
2.85666e+00 9.62400e+03 9.50680e+01 9.47000e-01 2.31000e-03 1.05000e-20 6.46000e-02 9.35000e-01 2.56000e-05 0.00000e+00 1.18000e-04 5.01000e-01 4.98000e-01 3.00000e-07 9.75000e-01 2.04000e-05
2.86308e+00 9.62360e+03 9.35250e+01 9.33000e-01 1.30000e-03 4.08000e-21 8.05000e-02 9.20000e-01 1.25000e-05 0.00000e+00 1.26000e-04 5.38000e-01 4.62000e-01 1.47000e-07 9.70000e-01 9.47000e-06
2.86758e+00 9.61120e+03 9.22340e+01 9.20000e-01 8.82000e-04 2.13000e-21 9.69000e-02 9.03000e-01 7.39000e-06 0.00000e+00 1.32000e-04 5.69000e-01 4.31000e-01 0.00000e+00 9.64000e-01 5.43000e-06
2.87054e+00 9.59600e+03 9.09240e+01 9.08000e-01 6.84000e-04 1.46000e-21 1.11000e-01 8.89000e-01 5.12000e-06 0.00000e+00 1.36000e-04 5.92000e-01 4.08000e-01 0.00000e+00 9.59000e-01 3.71000e-06
2.87340e+00 9.56950e+03 8.94620e+01 8.94000e-01 5.24000e-04 9.99000e-22 1.28000e-01 8.72000e-01 3.48000e-06 0.00000e+00 1.41000e-04 6.18000e-01 3.82000e-01 0.00000e+00 9.53000e-01 2.49000e-06
2.87663e+00 9.53960e+03 8.74020e+01 8.74000e-01 3.95000e-04 6.02000e-22 1.52000e-01 8.48000e-01 2.21000e-06 0.00000e+00 1.46000e-04 6.49000e-01 3.51000e-01 0.00000e+00 9.44000e-01 1.57000e-06
2.87947e+00 9.47560e+03 8.49070e+01 8.48000e-01 3.09000e-04 3.89000e-22 1.81000e-01 8.19000e-01 1.44000e-06 0.00000e+00 1.49000e-04 6.80000e-01 3.20000e-01 0.00000e+00 9.34000e-01 1.02000e-06
2.88166e+00 9.42010e+03 8.23530e+01 8.23000e-01 2.58000e-04 2.85000e-22 2.10000e-01 7.90000e-01 1.01000e-06 0.00000e+00 1.52000e-04 7.06000e-01 2.94000e-01 0.00000e+00 9.22000e-01 7.17000e-07
2.88343e+00 9.35520e+03 7.99770e+01 7.96000e-01 2.22000e-04 2.23000e-22 2.40000e-01 7.60000e-01 7.35000e-07 0.00000e+00 1.53000e-04 7.30000e-01 2.70000e-01 0.00000e+00 9.10000e-01 5.27000e-07
2.88532e+00 9.27860e+03 7.64120e+01 7.63000e-01 1.88000e-04 1.71000e-22 2.78000e-01 7.22000e-01 5.12000e-07 0.00000e+00 1.53000e-04 7.56000e-01 2.44000e-01 0.00000e+00 8.94000e-01 3.73000e-07
2.88729e+00 9.18070e+03 7.19990e+01 7.19000e-01 1.61000e-04 1.24000e-22 3.26000e-01 6.74000e-01 3.43000e-07 0.00000e+00 1.51000e-04 7.84000e-01 2.16000e-01 0.00000e+00 8.72000e-01 2.56000e-07
2.88879e+00 9.08510e+03 6.77670e+01 6.77000e-01 1.45000e-04 1.00000e-22 3.72000e-01 6.28000e-01 2.46000e-07 0.00000e+00 1.48000e-04 8.05000e-01 1.95000e-01 0.00000e+00 8.49000e-01 1.90000e-07
2.88976e+00 9.02110e+03 6.46080e+01 6.46000e-01 1.36000e-04 8.85000e-23 4.05000e-01 5.95000e-01 1.96000e-07 0.00000e+00 1.44000e-04 8.19000e-01 1.81000e-01 0.00000e+00 8.31000e-01 1.55000e-07
2.89045e+00 8.95400e+03 6.22080e+01 6.21000e-01 1.30000e-04 8.16000e-23 4.31000e-01 5.69000e-01 1.65000e-07 0.00000e+00 1.42000e-04 8.30000e-01 1.70000e-01 0.00000e+00 8.16000e-01 1.33000e-07
2.89108e+00 8.89550e+03 5.98600e+01 5.98000e-01 1.25000e-04 7.52000e-23 4.55000e-01 5.45000e-01 1.40000e-07 0.00000e+00 1.39000e-04 8.39000e-01 1.61000e-01 0.00000e+00 8.00000e-01 1.15000e-07
2.89173e+00 8.82430e+03 5.73950e+01 5.72000e-01 1.20000e-04 6.86000e-23 4.82000e-01 5.18000e-01 1.18000e-07 0.00000e+00 1.36000e-04 8.49000e-01 1.51000e-01 0.00000e+00 7.82000e-01 9.88000e-08
2.89237e+00 8.76960e+03 5.46800e+01 5.47000e-01 1.16000e-04 6.31000e-23 5.08000e-01 4.92000e-01 9.97000e-08 0.00000e+00 1.32000e-04 8.58000e-01 1.42000e-01 0.00000e+00 7.63000e-01 8.53000e-08
2.89292e+00 8.69470e+03 5.24100e+01 5.22000e-01 1.13000e-04 5.85000e-23 5.32000e-01 4.68000e-01 8.56000e-08 0.00000e+00 1.28000e-04 8.66000e-01 1.34000e-01 0.00000e+00 7.45000e-01 7.47000e-08
2.89339e+00 8.64560e+03 5.02500e+01 5.02000e-01 1.10000e-04 5.54000e-23 5.53000e-01 4.47000e-01 7.50000e-08 0.00000e+00 1.25000e-04 8.73000e-01 1.27000e-01 0.00000e+00 7.28000e-01 6.66000e-08
2.89383e+00 8.58530e+03 4.82900e+01 4.82000e-01 1.08000e-04 5.24000e-23 5.73000e-01 4.27000e-01 6.60000e-08 0.00000e+00 1.21000e-04 8.79000e-01 1.21000e-01 0.00000e+00 7.11000e-01 5.97000e-08
2.89425e+00 8.53500e+03 4.63130e+01 4.63000e-01 1.06000e-04 4.99000e-23 5.91000e-01 4.09000e-01 5.85000e-08 0.00000e+00 1.18000e-04 8.85000e-01 1.15000e-01 0.00000e+00 6.93000e-01 5.37000e-08
2.89461e+00 8.48680e+03 4.47160e+01 4.47000e-01 1.05000e-04 4.77000e-23 6.07000e-01 3.93000e-01 5.29000e-08 0.00000e+00 1.15000e-04 8.89000e-01 1.11000e-01 0.00000e+00 6.78000e-01 4.92000e-08
2.89486e+00 8.45590e+03 4.35330e+01 4.35000e-01 1.04000e-04 4.65000e-23 6.18000e-01 3.82000e-01 4.90000e-08 0.00000e+00 1.13000e-04 8.92000e-01 1.08000e-01 0.00000e+00 6.66000e-01 4.61000e-08
2.89510e+00 8.40970e+03 4.24300e+01 4.24000e-01 1.03000e-04 4.54000e-23 6.29000e-01 3.71000e-01 4.56000e-08 0.00000e+00 1.11000e-04 8.96000e-01 1.04000e-01 0.00000e+00 6.55000e-01 4.32000e-08
2.89535e+00 8.37500e+03 4.12000e+01 4.12000e-01 1.03000e-04 4.40000e-23 6.40000e-01 3.60000e-01 4.22000e-08 0.00000e+00 1.08000e-04 8.99000e-01 1.01000e-01 0.00000e+00 6.42000e-01 4.03000e-08
2.89563e+00 8.32610e+03 3.99030e+01 3.99000e-01 1.02000e-04 4.26000e-23 6.53000e-01 3.47000e-01 3.87000e-08 0.00000e+00 1.06000e-04 9.02000e-01 9.74000e-02 0.00000e+00 6.28000e-01 3.74000e-08
2.89590e+00 8.27880e+03 3.86480e+01 3.86000e-01 1.01000e-04 4.13000e-23 6.65000e-01 3.35000e-01 3.56000e-08 0.00000e+00 1.03000e-04 9.06000e-01 9.39000e-02 0.00000e+00 6.14000e-01 3.47000e-08
2.89616e+00 8.24090e+03 3.74160e+01 3.74000e-01 1.01000e-04 4.02000e-23 6.76000e-01 3.24000e-01 3.29000e-08 0.00000e+00 1.01000e-04 9.09000e-01 9.09000e-02 0.00000e+00 6.00000e-01 3.23000e-08
2.89641e+00 8.18880e+03 3.62490e+01 3.62000e-01 1.00000e-04 3.90000e-23 6.88000e-01 3.12000e-01 3.03000e-08 0.00000e+00 9.86000e-05 9.12000e-01 8.77000e-02 0.00000e+00 5.86000e-01 3.01000e-08
2.89666e+00 8.15140e+03 3.50490e+01 3.50000e-01 9.96000e-05 3.80000e-23 6.98000e-01 3.02000e-01 2.80000e-08 0.00000e+00 9.60000e-05 9.15000e-01 8.48000e-02 0.00000e+00 5.71000e-01 2.80000e-08
2.89692e+00 8.09800e+03 3.38650e+01 3.38000e-01 9.92000e-05 3.70000e-23 7.09000e-01 2.91000e-01 2.58000e-08 0.00000e+00 9.36000e-05 9.18000e-01 8.18000e-02 0.00000e+00 5.56000e-01 2.60000e-08
2.89717e+00 8.04610e+03 3.27200e+01 3.27000e-01 9.88000e-05 3.60000e-23 7.20000e-01 2.80000e-01 2.38000e-08 0.00000e+00 9.12000e-05 9.21000e-01 7.88000e-02 0.00000e+00 5.41000e-01 2.41000e-08
2.89742e+00 7.99750e+03 3.15990e+01 3.15000e-01 9.86000e-05 3.51000e-23 7.30000e-01 2.70000e-01 2.20000e-08 0.00000e+00 8.88000e-05 9.24000e-01 7.61000e-02 0.00000e+00 5.25000e-01 2.24000e-08
2.89766e+00 7.95270e+03 3.04990e+01 3.05000e-01 9.84000e-05 3.42000e-23 7.40000e-01 2.60000e-01 2.04000e-08 0.00000e+00 8.64000e-05 9.26000e-01 7.34000e-02 0.00000e+00 5.10000e-01 2.08000e-08
2.89791e+00 7.89530e+03 2.93980e+01 2.94000e-01 9.82000e-05 3.34000e-23 7.50000e-01 2.50000e-01 1.88000e-08 0.00000e+00 8.40000e-05 9.29000e-01 7.08000e-02 0.00000e+00 4.94000e-01 1.93000e-08
2.89815e+00 7.83810e+03 2.83420e+01 2.83000e-01 9.80000e-05 3.25000e-23 7.60000e-01 2.40000e-01 1.73000e-08 0.00000e+00 8.17000e-05 9.32000e-01 6.81000e-02 0.00000e+00 4.78000e-01 1.78000e-08
2.89839e+00 7.78380e+03 2.73070e+01 2.73000e-01 9.79000e-05 3.18000e-23 7.69000e-01 2.31000e-01 1.60000e-08 0.00000e+00 7.94000e-05 9.34000e-01 6.57000e-02 0.00000e+00 4.63000e-01 1.65000e-08
2.89863e+00 7.72750e+03 2.63050e+01 2.63000e-01 9.79000e-05 3.11000e-23 7.78000e-01 2.22000e-01 1.48000e-08 0.00000e+00 7.72000e-05 9.37000e-01 6.33000e-02 0.00000e+00 4.47000e-01 1.53000e-08
2.89887e+00 7.67150e+03 2.53180e+01 2.53000e-01 9.79000e-05 3.03000e-23 7.87000e-01 2.13000e-01 1.37000e-08 0.00000e+00 7.49000e-05 9.39000e-01 6.10000e-02 0.00000e+00 4.31000e-01 1.41000e-08
2.89911e+00 7.61280e+03 2.43430e+01 2.43000e-01 9.79000e-05 2.96000e-23 7.96000e-01 2.04000e-01 1.27000e-08 0.00000e+00 7.26000e-05 9.41000e-01 5.87000e-02 0.00000e+00 4.15000e-01 1.31000e-08
2.89934e+00 7.54770e+03 2.33910e+01 2.34000e-01 9.80000e-05 2.90000e-23 8.04000e-01 1.96000e-01 1.17000e-08 0.00000e+00 7.05000e-05 9.43000e-01 5.65000e-02 0.00000e+00 3.99000e-01 1.20000e-08
2.89958e+00 7.48170e+03 2.24930e+01 2.24000e-01 9.80000e-05 2.83000e-23 8.12000e-01 1.88000e-01 1.08000e-08 0.00000e+00 6.84000e-05 9.46000e-01 5.44000e-02 0.00000e+00 3.83000e-01 1.11000e-08
2.89981e+00 7.41740e+03 2.16140e+01 2.16000e-01 9.82000e-05 2.77000e-23 8.20000e-01 1.80000e-01 1.00000e-08 0.00000e+00 6.63000e-05 9.48000e-01 5.23000e-02 0.00000e+00 3.67000e-01 1.02000e-08
2.90003e+00 7.35220e+03 2.07750e+01 2.07000e-01 9.84000e-05 2.71000e-23 8.27000e-01 1.73000e-01 9.30000e-09 0.00000e+00 6.43000e-05 9.50000e-01 5.04000e-02 0.00000e+00 3.52000e-01 9.43000e-09
2.90025e+00 7.28690e+03 1.99680e+01 1.99000e-01 9.85000e-05 2.65000e-23 8.34000e-01 1.66000e-01 8.63000e-09 0.00000e+00 6.24000e-05 9.51000e-01 4.85000e-02 0.00000e+00 3.37000e-01 8.69000e-09
2.90047e+00 7.22120e+03 1.91870e+01 1.92000e-01 9.87000e-05 2.60000e-23 8.41000e-01 1.59000e-01 8.02000e-09 0.00000e+00 6.05000e-05 9.53000e-01 4.67000e-02 0.00000e+00 3.23000e-01 8.01000e-09
2.90069e+00 7.14850e+03 1.84300e+01 1.84000e-01 9.90000e-05 2.54000e-23 8.47000e-01 1.53000e-01 7.46000e-09 0.00000e+00 5.87000e-05 9.55000e-01 4.50000e-02 0.00000e+00 3.08000e-01 7.36000e-09
2.90090e+00 7.07550e+03 1.77240e+01 1.77000e-01 9.91000e-05 2.49000e-23 8.54000e-01 1.46000e-01 6.94000e-09 0.00000e+00 5.70000e-05 9.57000e-01 4.33000e-02 0.00000e+00 2.94000e-01 6.78000e-09
2.90111e+00 7.00320e+03 1.70300e+01 1.70000e-01 9.94000e-05 2.44000e-23 8.60000e-01 1.40000e-01 6.46000e-09 0.00000e+00 5.53000e-05 9.58000e-01 4.17000e-02 0.00000e+00 2.81000e-01 6.24000e-09
2.90132e+00 6.93130e+03 1.63650e+01 1.63000e-01 9.97000e-05 2.39000e-23 8.65000e-01 1.35000e-01 6.02000e-09 0.00000e+00 5.37000e-05 9.60000e-01 4.02000e-02 0.00000e+00 2.68000e-01 5.74000e-09
2.90152e+00 6.85360e+03 1.57270e+01 1.57000e-01 9.99000e-05 2.35000e-23 8.71000e-01 1.29000e-01 5.62000e-09 0.00000e+00 5.21000e-05 9.61000e-01 3.87000e-02 0.00000e+00 2.55000e-01 5.28000e-09
2.90173e+00 6.77680e+03 1.51060e+01 1.51000e-01 1.00000e-04 2.30000e-23 8.76000e-01 1.24000e-01 5.25000e-09 0.00000e+00 5.06000e-05 9.63000e-01 3.73000e-02 0.00000e+00 2.42000e-01 4.85000e-09
2.90192e+00 6.69960e+03 1.45270e+01 1.45000e-01 1.01000e-04 2.26000e-23 8.81000e-01 1.19000e-01 4.91000e-09 0.00000e+00 4.91000e-05 9.64000e-01 3.60000e-02 0.00000e+00 2.30000e-01 4.46000e-09
2.90212e+00 6.62610e+03 1.39660e+01 1.40000e-01 1.01000e-04 2.21000e-23 8.86000e-01 1.14000e-01 4.60000e-09 0.00000e+00 4.77000e-05 9.65000e-01 3.47000e-02 0.00000e+00 2.19000e-01 4.11000e-09
2.90232e+00 6.54000e+03 1.34290e+01 1.34000e-01 1.01000e-04 2.17000e-23 8.91000e-01 1.09000e-01 4.30000e-09 0.00000e+00 4.64000e-05 9.67000e-01 3.34000e-02 0.00000e+00 2.08000e-01 3.77000e-09
2.90251e+00 6.45770e+03 1.28890e+01 1.29000e-01 1.01000e-04 2.13000e-23 8.95000e-01 1.05000e-01 4.03000e-09 0.00000e+00 4.50000e-05 9.68000e-01 3.22000e-02 0.00000e+00 1.97000e-01 3.46000e-09
2.90270e+00 6.37390e+03 1.23880e+01 1.24000e-01 1.02000e-04 2.08000e-23 8.99000e-01 1.01000e-01 3.78000e-09 0.00000e+00 4.37000e-05 9.69000e-01 3.10000e-02 0.00000e+00 1.87000e-01 3.17000e-09
2.90288e+00 6.28810e+03 1.19130e+01 1.19000e-01 1.02000e-04 2.05000e-23 9.03000e-01 9.69000e-02 3.55000e-09 0.00000e+00 4.25000e-05 9.70000e-01 2.99000e-02 0.00000e+00 1.77000e-01 2.92000e-09
2.90307e+00 6.19430e+03 1.14590e+01 1.14000e-01 1.02000e-04 2.00000e-23 9.07000e-01 9.29000e-02 3.33000e-09 0.00000e+00 4.14000e-05 9.71000e-01 2.88000e-02 0.00000e+00 1.68000e-01 2.68000e-09
2.90325e+00 6.10180e+03 1.10070e+01 1.10000e-01 1.03000e-04 1.96000e-23 9.11000e-01 8.91000e-02 3.13000e-09 0.00000e+00 4.03000e-05 9.72000e-01 2.78000e-02 0.00000e+00 1.59000e-01 2.45000e-09
2.90344e+00 6.00740e+03 1.05740e+01 1.05000e-01 1.03000e-04 1.92000e-23 9.15000e-01 8.54000e-02 2.94000e-09 0.00000e+00 3.92000e-05 9.73000e-01 2.68000e-02 0.00000e+00 1.50000e-01 2.25000e-09
2.90362e+00 5.91210e+03 1.01630e+01 1.01000e-01 1.03000e-04 1.88000e-23 9.18000e-01 8.20000e-02 2.76000e-09 0.00000e+00 3.82000e-05 9.74000e-01 2.58000e-02 0.00000e+00 1.42000e-01 2.06000e-09
2.90379e+00 5.81500e+03 9.76950e+00 9.74000e-02 1.03000e-04 1.84000e-23 9.21000e-01 7.87000e-02 2.60000e-09 0.00000e+00 3.72000e-05 9.75000e-01 2.49000e-02 0.00000e+00 1.34000e-01 1.89000e-09
2.90397e+00 5.71520e+03 9.38990e+00 9.36000e-02 1.04000e-04 1.80000e-23 9.25000e-01 7.55000e-02 2.45000e-09 0.00000e+00 3.62000e-05 9.76000e-01 2.40000e-02 0.00000e+00 1.26000e-01 1.73000e-09
2.90414e+00 5.61230e+03 9.02340e+00 8.99000e-02 1.04000e-04 1.77000e-23 9.28000e-01 7.24000e-02 2.31000e-09 0.00000e+00 3.53000e-05 9.77000e-01 2.31000e-02 0.00000e+00 1.19000e-01 1.59000e-09
2.90431e+00 5.50680e+03 8.67150e+00 8.64000e-02 1.04000e-04 1.73000e-23 9.31000e-01 6.95000e-02 2.18000e-09 0.00000e+00 3.45000e-05 9.78000e-01 2.23000e-02 0.00000e+00 1.13000e-01 1.46000e-09
2.90448e+00 5.39910e+03 8.32680e+00 8.31000e-02 1.04000e-04 1.69000e-23 9.33000e-01 6.67000e-02 2.06000e-09 0.00000e+00 3.36000e-05 9.79000e-01 2.15000e-02 0.00000e+00 1.06000e-01 1.33000e-09
2.90465e+00 5.28830e+03 8.00570e+00 7.99000e-02 1.04000e-04 1.65000e-23 9.36000e-01 6.41000e-02 1.95000e-09 0.00000e+00 3.28000e-05 9.79000e-01 2.07000e-02 0.00000e+00 1.00000e-01 1.22000e-09
2.90480e+00 5.17410e+03 7.69580e+00 7.68000e-02 1.04000e-04 1.61000e-23 9.39000e-01 6.15000e-02 1.85000e-09 0.00000e+00 3.21000e-05 9.80000e-01 2.00000e-02 0.00000e+00 9.44000e-02 1.12000e-09
2.90497e+00 5.05440e+03 7.39410e+00 7.38000e-02 1.05000e-04 1.57000e-23 9.41000e-01 5.90000e-02 1.75000e-09 0.00000e+00 3.14000e-05 9.81000e-01 1.92000e-02 0.00000e+00 8.90000e-02 1.03000e-09
2.90513e+00 4.93050e+03 7.10310e+00 7.08000e-02 1.05000e-04 1.53000e-23 9.43000e-01 5.66000e-02 1.66000e-09 0.00000e+00 3.07000e-05 9.81000e-01 1.85000e-02 0.00000e+00 8.38000e-02 9.47000e-10
2.90528e+00 4.80190e+03 6.82370e+00 6.81000e-02 1.05000e-04 1.49000e-23 9.46000e-01 5.42000e-02 1.57000e-09 0.00000e+00 3.01000e-05 9.82000e-01 1.79000e-02 0.00000e+00 7.90000e-02 8.70000e-10
2.90543e+00 4.66750e+03 6.55450e+00 6.54000e-02 1.05000e-04 1.45000e-23 9.48000e-01 5.20000e-02 1.49000e-09 0.00000e+00 2.96000e-05 9.83000e-01 1.72000e-02 0.00000e+00 7.45000e-02 8.00000e-10
2.90558e+00 4.52620e+03 6.29450e+00 6.28000e-02 1.05000e-04 1.41000e-23 9.50000e-01 4.98000e-02 1.42000e-09 0.00000e+00 2.90000e-05 9.83000e-01 1.66000e-02 0.00000e+00 7.02000e-02 7.36000e-10
2.90572e+00 4.37760e+03 6.04460e+00 6.03000e-02 1.04000e-04 1.36000e-23 9.52000e-01 4.78000e-02 1.35000e-09 0.00000e+00 2.86000e-05 9.84000e-01 1.60000e-02 0.00000e+00 6.62000e-02 6.78000e-10
2.90585e+00 4.22880e+03 5.81630e+00 5.80000e-02 1.04000e-04 1.32000e-23 9.54000e-01 4.59000e-02 1.29000e-09 0.00000e+00 2.82000e-05 9.85000e-01 1.54000e-02 0.00000e+00 6.26000e-02 6.29000e-10
2.90597e+00 4.08420e+03 5.61930e+00 5.60000e-02 1.04000e-04 1.28000e-23 9.56000e-01 4.42000e-02 1.24000e-09 0.00000e+00 2.80000e-05 9.85000e-01 1.49000e-02 0.00000e+00 5.96000e-02 5.87000e-10
2.90607e+00 3.95440e+03 5.44480e+00 5.43000e-02 1.04000e-04 1.24000e-23 9.57000e-01 4.28000e-02 1.20000e-09 0.00000e+00 2.78000e-05 9.85000e-01 1.45000e-02 0.00000e+00 5.71000e-02 5.55000e-10
2.90615e+00 3.82540e+03 5.28840e+00 5.27000e-02 1.03000e-04 1.20000e-23 9.59000e-01 4.14000e-02 1.17000e-09 0.00000e+00 2.77000e-05 9.86000e-01 1.41000e-02 0.00000e+00 5.49000e-02 5.27000e-10
2.90623e+00 3.69340e+03 5.14650e+00 5.12000e-02 1.03000e-04 1.16000e-23 9.60000e-01 4.02000e-02 1.14000e-09 0.00000e+00 2.76000e-05 9.86000e-01 1.37000e-02 0.00000e+00 5.29000e-02 5.02000e-10
2.90630e+00 3.57060e+03 5.01750e+00 4.99000e-02 1.02000e-04 1.13000e-23 9.61000e-01 3.91000e-02 1.11000e-09 0.00000e+00 2.76000e-05 9.87000e-01 1.34000e-02 0.00000e+00 5.12000e-02 4.81000e-10
2.90635e+00 3.45420e+03 4.90190e+00 4.88000e-02 1.02000e-04 1.09000e-23 9.62000e-01 3.81000e-02 1.09000e-09 0.00000e+00 2.77000e-05 9.87000e-01 1.31000e-02 0.00000e+00 4.98000e-02 4.64000e-10
2.90640e+00 3.34080e+03 4.79500e+00 4.77000e-02 1.01000e-04 1.06000e-23 9.63000e-01 3.72000e-02 1.06000e-09 0.00000e+00 2.77000e-05 9.87000e-01 1.28000e-02 0.00000e+00 4.85000e-02 4.49000e-10
2.90645e+00 3.23020e+03 4.69530e+00 4.67000e-02 1.01000e-04 1.03000e-23 9.64000e-01 3.63000e-02 1.05000e-09 0.00000e+00 2.78000e-05 9.87000e-01 1.26000e-02 0.00000e+00 4.74000e-02 4.37000e-10
2.90649e+00 3.12080e+03 4.60050e+00 4.58000e-02 1.00000e-04 9.94000e-24 9.64000e-01 3.55000e-02 1.03000e-09 0.00000e+00 2.80000e-05 9.88000e-01 1.23000e-02 0.00000e+00 4.64000e-02 4.26000e-10
2.90652e+00 3.01930e+03 4.51510e+00 4.49000e-02 9.95000e-05 9.63000e-24 9.65000e-01 3.48000e-02 1.01000e-09 0.00000e+00 2.82000e-05 9.88000e-01 1.21000e-02 0.00000e+00 4.56000e-02 4.17000e-10
2.90655e+00 2.91840e+03 4.43350e+00 4.41000e-02 9.88000e-05 9.31000e-24 9.66000e-01 3.40000e-02 9.99000e-10 0.00000e+00 2.84000e-05 9.88000e-01 1.19000e-02 0.00000e+00 4.49000e-02 4.09000e-10
2.90658e+00 2.80940e+03 4.34750e+00 4.32000e-02 9.81000e-05 8.97000e-24 9.67000e-01 3.33000e-02 9.84000e-10 0.00000e+00 2.87000e-05 9.88000e-01 1.16000e-02 0.00000e+00 4.43000e-02 4.02000e-10
2.90661e+00 2.68820e+03 4.25310e+00 4.23000e-02 9.73000e-05 8.59000e-24 9.68000e-01 3.25000e-02 9.67000e-10 0.00000e+00 2.90000e-05 9.89000e-01 1.14000e-02 0.00000e+00 4.36000e-02 3.95000e-10
2.90664e+00 2.55710e+03 4.15200e+00 4.13000e-02 9.63000e-05 8.16000e-24 9.68000e-01 3.16000e-02 9.50000e-10 0.00000e+00 2.95000e-05 9.89000e-01 1.11000e-02 0.00000e+00 4.31000e-02 3.89000e-10
2.90667e+00 2.42580e+03 4.04690e+00 4.03000e-02 9.53000e-05 7.73000e-24 9.69000e-01 3.07000e-02 9.31000e-10 0.00000e+00 2.99000e-05 9.89000e-01 1.08000e-02 0.00000e+00 4.26000e-02 3.84000e-10
2.90670e+00 2.30410e+03 3.94980e+00 3.93000e-02 9.42000e-05 7.32000e-24 9.70000e-01 2.98000e-02 9.11000e-10 0.00000e+00 3.04000e-05 9.89000e-01 1.05000e-02 0.00000e+00 4.23000e-02 3.81000e-10
2.90673e+00 2.17910e+03 3.84870e+00 3.83000e-02 9.31000e-05 6.88000e-24 9.71000e-01 2.89000e-02 8.89000e-10 0.00000e+00 3.10000e-05 9.90000e-01 1.02000e-02 0.00000e+00 4.21000e-02 3.78000e-10
2.90676e+00 2.04800e+03 3.74220e+00 3.73000e-02 9.18000e-05 6.42000e-24 9.72000e-01 2.80000e-02 8.65000e-10 0.00000e+00 3.18000e-05 9.90000e-01 9.88000e-03 0.00000e+00 4.20000e-02 3.77000e-10
2.90678e+00 1.93390e+03 3.64530e+00 3.63000e-02 9.06000e-05 6.01000e-24 9.73000e-01 2.71000e-02 8.41000e-10 0.00000e+00 3.25000e-05 9.90000e-01 9.58000e-03 0.00000e+00 4.20000e-02 3.76000e-10
2.90681e+00 1.83010e+03 3.55290e+00 3.54000e-02 8.94000e-05 5.64000e-24 9.74000e-01 2.63000e-02 8.17000e-10 0.00000e+00 3.32000e-05 9.91000e-01 9.30000e-03 0.00000e+00 4.20000e-02 3.76000e-10
2.90684e+00 1.73020e+03 3.46300e+00 3.45000e-02 8.83000e-05 5.27000e-24 9.75000e-01 2.54000e-02 7.91000e-10 0.00000e+00 3.40000e-05 9.91000e-01 9.01000e-03 0.00000e+00 4.21000e-02 3.76000e-10
2.90687e+00 1.63210e+03 3.37190e+00 3.36000e-02 8.70000e-05 4.91000e-24 9.75000e-01 2.46000e-02 7.65000e-10 0.00000e+00 3.48000e-05 9.91000e-01 8.73000e-03 0.00000e+00 4.23000e-02 3.77000e-10
2.90690e+00 1.53770e+03 3.28210e+00 3.27000e-02 8.58000e-05 4.56000e-24 9.76000e-01 2.38000e-02 7.37000e-10 0.00000e+00 3.57000e-05 9.92000e-01 8.44000e-03 0.00000e+00 4.25000e-02 3.78000e-10
2.90693e+00 1.44610e+03 3.19300e+00 3.18000e-02 8.45000e-05 4.21000e-24 9.77000e-01 2.30000e-02 7.07000e-10 0.00000e+00 3.67000e-05 9.92000e-01 8.15000e-03 0.00000e+00 4.28000e-02 3.81000e-10
2.90696e+00 1.35550e+03 3.10220e+00 3.09000e-02 8.32000e-05 3.87000e-24 9.78000e-01 2.22000e-02 6.75000e-10 0.00000e+00 3.77000e-05 9.92000e-01 7.86000e-03 0.00000e+00 4.31000e-02 3.86000e-10
2.90699e+00 1.27150e+03 3.01730e+00 3.00000e-02 8.18000e-05 3.55000e-24 9.79000e-01 2.14000e-02 6.45000e-10 0.00000e+00 3.88000e-05 9.92000e-01 7.57000e-03 0.00000e+00 4.34000e-02 3.92000e-10
2.90701e+00 1.19460e+03 2.93500e+00 2.92000e-02 8.05000e-05 3.26000e-24 9.79000e-01 2.06000e-02 6.16000e-10 0.00000e+00 3.99000e-05 9.93000e-01 7.29000e-03 0.00000e+00 4.37000e-02 3.97000e-10
2.90704e+00 1.12060e+03 2.85210e+00 2.84000e-02 7.92000e-05 2.99000e-24 9.80000e-01 1.98000e-02 5.88000e-10 0.00000e+00 4.10000e-05 9.93000e-01 7.01000e-03 0.00000e+00 4.40000e-02 4.02000e-10
2.90707e+00 1.05360e+03 2.77510e+00 2.76000e-02 7.80000e-05 2.74000e-24 9.81000e-01 1.91000e-02 5.62000e-10 0.00000e+00 4.20000e-05 9.93000e-01 6.75000e-03 0.00000e+00 4.43000e-02 4.07000e-10
2.90710e+00 9.95420e+02 2.70500e+00 2.69000e-02 7.69000e-05 2.52000e-24 9.82000e-01 1.85000e-02 5.38000e-10 0.00000e+00 4.29000e-05 9.93000e-01 6.50000e-03 0.00000e+00 4.46000e-02 4.12000e-10
2.90713e+00 9.70670e+02 2.66880e+00 2.65000e-02 7.63000e-05 2.43000e-24 9.82000e-01 1.81000e-02 5.24000e-10 0.00000e+00 4.33000e-05 9.94000e-01 6.37000e-03 0.00000e+00 4.46000e-02 4.12000e-10
2.90716e+00 9.42620e+02 2.62550e+00 2.60000e-02 7.58000e-05 2.32000e-24 9.82000e-01 1.77000e-02 5.10000e-10 0.00000e+00 4.36000e-05 9.94000e-01 6.23000e-03 0.00000e+00 4.47000e-02 4.13000e-10
2.90719e+00 9.15090e+02 2.58360e+00 2.56000e-02 7.53000e-05 2.21000e-24 9.83000e-01 1.74000e-02 4.96000e-10 0.00000e+00 4.39000e-05 9.94000e-01 6.09000e-03 0.00000e+00 4.47000e-02 4.13000e-10
2.90722e+00 8.87690e+02 2.54130e+00 2.52000e-02 7.48000e-05 2.10000e-24 9.83000e-01 1.70000e-02 4.82000e-10 0.00000e+00 4.42000e-05 9.94000e-01 5.95000e-03 0.00000e+00 4.48000e-02 4.14000e-10
2.90725e+00 8.62580e+02 2.50150e+00 2.48000e-02 7.43000e-05 2.01000e-24 9.83000e-01 1.66000e-02 4.69000e-10 0.00000e+00 4.45000e-05 9.94000e-01 5.81000e-03 0.00000e+00 4.48000e-02 4.15000e-10
2.90728e+00 8.37580e+02 2.46180e+00 2.44000e-02 7.38000e-05 1.91000e-24 9.84000e-01 1.63000e-02 4.56000e-10 0.00000e+00 4.48000e-05 9.94000e-01 5.68000e-03 0.00000e+00 4.49000e-02 4.16000e-10
2.90730e+00 8.13240e+02 2.42250e+00 2.40000e-02 7.33000e-05 1.82000e-24 9.84000e-01 1.59000e-02 4.43000e-10 0.00000e+00 4.51000e-05 9.94000e-01 5.54000e-03 0.00000e+00 4.49000e-02 4.16000e-10
2.90733e+00 7.89860e+02 2.38410e+00 2.36000e-02 7.28000e-05 1.74000e-24 9.84000e-01 1.56000e-02 4.31000e-10 0.00000e+00 4.53000e-05 9.95000e-01 5.41000e-03 0.00000e+00 4.50000e-02 4.17000e-10
2.90736e+00 7.67370e+02 2.34660e+00 2.33000e-02 7.23000e-05 1.67000e-24 9.85000e-01 1.53000e-02 4.19000e-10 0.00000e+00 4.56000e-05 9.95000e-01 5.29000e-03 0.00000e+00 4.50000e-02 4.18000e-10
2.90739e+00 7.45700e+02 2.30990e+00 2.29000e-02 7.18000e-05 1.59000e-24 9.85000e-01 1.49000e-02 4.08000e-10 0.00000e+00 4.58000e-05 9.95000e-01 5.16000e-03 0.00000e+00 4.50000e-02 4.18000e-10
2.90742e+00 7.24950e+02 2.27410e+00 2.25000e-02 7.14000e-05 1.53000e-24 9.85000e-01 1.46000e-02 3.97000e-10 0.00000e+00 4.59000e-05 9.95000e-01 5.04000e-03 0.00000e+00 4.51000e-02 4.19000e-10
2.90745e+00 7.04860e+02 2.23890e+00 2.22000e-02 7.09000e-05 1.47000e-24 9.86000e-01 1.43000e-02 3.86000e-10 0.00000e+00 4.61000e-05 9.95000e-01 4.93000e-03 0.00000e+00 4.51000e-02 4.19000e-10
2.90748e+00 6.86700e+02 2.20590e+00 2.18000e-02 7.05000e-05 1.41000e-24 9.86000e-01 1.40000e-02 3.76000e-10 0.00000e+00 4.62000e-05 9.95000e-01 4.82000e-03 0.00000e+00 4.51000e-02 4.19000e-10
2.90751e+00 6.69330e+02 2.17360e+00 2.15000e-02 7.01000e-05 1.36000e-24 9.86000e-01 1.37000e-02 3.66000e-10 0.00000e+00 4.63000e-05 9.95000e-01 4.71000e-03 0.00000e+00 4.51000e-02 4.19000e-10
2.90754e+00 6.52580e+02 2.14220e+00 2.12000e-02 6.97000e-05 1.32000e-24 9.87000e-01 1.34000e-02 3.56000e-10 0.00000e+00 4.63000e-05 9.95000e-01 4.61000e-03 0.00000e+00 4.51000e-02 4.19000e-10
2.90757e+00 6.36240e+02 2.11120e+00 2.09000e-02 6.93000e-05 1.27000e-24 9.87000e-01 1.32000e-02 3.47000e-10 0.00000e+00 4.64000e-05 9.95000e-01 4.50000e-03 0.00000e+00 4.51000e-02 4.19000e-10
2.90759e+00 6.20340e+02 2.08060e+00 2.06000e-02 6.89000e-05 1.23000e-24 9.87000e-01 1.29000e-02 3.38000e-10 0.00000e+00 4.64000e-05 9.96000e-01 4.40000e-03 0.00000e+00 4.51000e-02 4.19000e-10
2.90762e+00 6.04870e+02 2.05060e+00 2.03000e-02 6.85000e-05 1.19000e-24 9.87000e-01 1.26000e-02 3.29000e-10 0.00000e+00 4.64000e-05 9.96000e-01 4.31000e-03 0.00000e+00 4.51000e-02 4.19000e-10
2.90765e+00 5.90500e+02 2.02180e+00 2.00000e-02 6.82000e-05 1.16000e-24 9.88000e-01 1.24000e-02 3.21000e-10 0.00000e+00 4.63000e-05 9.96000e-01 4.21000e-03 0.00000e+00 4.51000e-02 4.19000e-10
2.90768e+00 5.76790e+02 1.99380e+00 1.97000e-02 6.78000e-05 1.12000e-24 9.88000e-01 1.22000e-02 3.12000e-10 0.00000e+00 4.63000e-05 9.96000e-01 4.12000e-03 0.00000e+00 4.51000e-02 4.19000e-10
2.90771e+00 5.63450e+02 1.96620e+00 1.95000e-02 6.75000e-05 1.09000e-24 9.88000e-01 1.19000e-02 3.05000e-10 0.00000e+00 4.62000e-05 9.96000e-01 4.04000e-03 0.00000e+00 4.51000e-02 4.19000e-10
2.90774e+00 5.50470e+02 1.93920e+00 1.92000e-02 6.71000e-05 1.06000e-24 9.88000e-01 1.17000e-02 2.97000e-10 0.00000e+00 4.61000e-05 9.96000e-01 3.95000e-03 0.00000e+00 4.51000e-02 4.18000e-10
2.90777e+00 5.37810e+02 1.91250e+00 1.89000e-02 6.68000e-05 1.04000e-24 9.89000e-01 1.15000e-02 2.89000e-10 0.00000e+00 4.59000e-05 9.96000e-01 3.87000e-03 0.00000e+00 4.50000e-02 4.18000e-10
2.90780e+00 5.25470e+02 1.88630e+00 1.87000e-02 6.64000e-05 1.01000e-24 9.89000e-01 1.12000e-02 2.82000e-10 0.00000e+00 4.58000e-05 9.96000e-01 3.79000e-03 0.00000e+00 4.50000e-02 4.18000e-10
2.90782e+00 5.13460e+02 1.86050e+00 1.84000e-02 6.61000e-05 9.88000e-25 9.89000e-01 1.10000e-02 2.75000e-10 0.00000e+00 4.56000e-05 9.96000e-01 3.71000e-03 0.00000e+00 4.50000e-02 4.17000e-10
2.90785e+00 5.01780e+02 1.83510e+00 1.81000e-02 6.58000e-05 9.65000e-25 9.89000e-01 1.08000e-02 2.68000e-10 0.00000e+00 4.55000e-05 9.96000e-01 3.63000e-03 0.00000e+00 4.50000e-02 4.17000e-10
2.90788e+00 4.90810e+02 1.81060e+00 1.79000e-02 6.55000e-05 9.45000e-25 9.89000e-01 1.06000e-02 2.61000e-10 0.00000e+00 4.53000e-05 9.96000e-01 3.55000e-03 0.00000e+00 4.49000e-02 4.16000e-10
2.90791e+00 4.80200e+02 1.78660e+00 1.77000e-02 6.52000e-05 9.26000e-25 9.90000e-01 1.04000e-02 2.54000e-10 0.00000e+00 4.50000e-05 9.96000e-01 3.48000e-03 0.00000e+00 4.49000e-02 4.16000e-10
2.90794e+00 4.69870e+02 1.76300e+00 1.74000e-02 6.49000e-05 9.08000e-25 9.90000e-01 1.02000e-02 2.48000e-10 0.00000e+00 4.48000e-05 9.97000e-01 3.41000e-03 0.00000e+00 4.48000e-02 4.15000e-10
2.90797e+00 4.59810e+02 1.73980e+00 1.72000e-02 6.46000e-05 8.91000e-25 9.90000e-01 9.97000e-03 2.42000e-10 0.00000e+00 4.45000e-05 9.97000e-01 3.34000e-03 0.00000e+00 4.48000e-02 4.15000e-10
2.90800e+00 4.50030e+02 1.71700e+00 1.70000e-02 6.43000e-05 8.75000e-25 9.90000e-01 9.78000e-03 2.36000e-10 0.00000e+00 4.42000e-05 9.97000e-01 3.28000e-03 0.00000e+00 4.47000e-02 4.14000e-10
2.90803e+00 4.40660e+02 1.69470e+00 1.67000e-02 6.40000e-05 8.61000e-25 9.90000e-01 9.59000e-03 2.30000e-10 0.00000e+00 4.40000e-05 9.97000e-01 3.21000e-03 0.00000e+00 4.47000e-02 4.13000e-10
2.90806e+00 4.31550e+02 1.67290e+00 1.65000e-02 6.37000e-05 8.47000e-25 9.91000e-01 9.41000e-03 2.24000e-10 0.00000e+00 4.36000e-05 9.97000e-01 3.15000e-03 0.00000e+00 4.46000e-02 4.13000e-10
2.90809e+00 4.22670e+02 1.65130e+00 1.63000e-02 6.35000e-05 8.34000e-25 9.91000e-01 9.22000e-03 2.19000e-10 0.00000e+00 4.33000e-05 9.97000e-01 3.09000e-03 0.00000e+00 4.46000e-02 4.12000e-10
2.90812e+00 4.14020e+02 1.63020e+00 1.61000e-02 6.32000e-05 8.22000e-25 9.91000e-01 9.05000e-03 2.13000e-10 0.00000e+00 4.30000e-05 9.97000e-01 3.03000e-03 0.00000e+00 4.45000e-02 4.11000e-10
2.90815e+00 4.05580e+02 1.60930e+00 1.59000e-02 6.29000e-05 8.11000e-25 9.91000e-01 8.87000e-03 2.08000e-10 0.00000e+00 4.26000e-05 9.97000e-01 2.97000e-03 0.00000e+00 4.45000e-02 4.10000e-10
2.90817e+00 3.97840e+02 1.58940e+00 1.57000e-02 6.27000e-05 8.01000e-25 9.91000e-01 8.71000e-03 2.03000e-10 0.00000e+00 4.23000e-05 9.97000e-01 2.92000e-03 0.00000e+00 4.44000e-02 4.09000e-10
2.90821e+00 3.88500e+02 1.56580e+00 1.55000e-02 6.24000e-05 7.89000e-25 9.91000e-01 8.51000e-03 1.97000e-10 0.00000e+00 4.18000e-05 9.97000e-01 2.85000e-03 0.00000e+00 4.43000e-02 4.08000e-10
2.90824e+00 3.79550e+02 1.54230e+00 1.52000e-02 6.21000e-05 7.79000e-25 9.92000e-01 8.32000e-03 1.91000e-10 0.00000e+00 4.13000e-05 9.97000e-01 2.79000e-03 0.00000e+00 4.42000e-02 4.07000e-10
2.90828e+00 3.71920e+02 1.52160e+00 1.50000e-02 6.19000e-05 7.71000e-25 9.92000e-01 8.15000e-03 1.86000e-10 0.00000e+00 4.09000e-05 9.97000e-01 2.74000e-03 0.00000e+00 4.42000e-02 4.05000e-10
2.90830e+00 3.64650e+02 1.50130e+00 1.48000e-02 6.17000e-05 7.64000e-25 9.92000e-01 8.00000e-03 1.82000e-10 0.00000e+00 4.04000e-05 9.97000e-01 2.69000e-03 0.00000e+00 4.41000e-02 4.04000e-10
2.90834e+00 3.56470e+02 1.48070e+00 1.46000e-02 6.13000e-05 7.54000e-25 9.92000e-01 7.81000e-03 1.76000e-10 0.00000e+00 4.00000e-05 9.97000e-01 2.63000e-03 0.00000e+00 4.40000e-02 4.03000e-10
2.90838e+00 3.48380e+02 1.45860e+00 1.44000e-02 6.11000e-05 7.46000e-25 9.92000e-01 7.63000e-03 1.71000e-10 0.00000e+00 3.94000e-05 9.97000e-01 2.57000e-03 0.00000e+00 4.39000e-02 4.02000e-10
2.90841e+00 3.41530e+02 1.43920e+00 1.42000e-02 6.09000e-05 7.40000e-25 9.93000e-01 7.48000e-03 1.67000e-10 0.00000e+00 3.89000e-05 9.97000e-01 2.52000e-03 0.00000e+00 4.38000e-02 4.00000e-10
2.90844e+00 3.34990e+02 1.42030e+00 1.40000e-02 6.07000e-05 7.35000e-25 9.93000e-01 7.34000e-03 1.63000e-10 0.00000e+00 3.84000e-05 9.97000e-01 2.48000e-03 0.00000e+00 4.37000e-02 3.99000e-10
2.90847e+00 3.27640e+02 1.40100e+00 1.38000e-02 6.04000e-05 7.27000e-25 9.93000e-01 7.16000e-03 1.58000e-10 0.00000e+00 3.79000e-05 9.98000e-01 2.43000e-03 0.00000e+00 4.36000e-02 3.98000e-10
2.90851e+00 3.20380e+02 1.38040e+00 1.36000e-02 6.01000e-05 7.21000e-25 9.93000e-01 7.00000e-03 1.53000e-10 0.00000e+00 3.73000e-05 9.98000e-01 2.38000e-03 0.00000e+00 4.35000e-02 3.96000e-10
2.90854e+00 3.14140e+02 1.36130e+00 1.34000e-02 6.00000e-05 7.17000e-25 9.93000e-01 6.86000e-03 1.49000e-10 0.00000e+00 3.68000e-05 9.98000e-01 2.34000e-03 0.00000e+00 4.34000e-02 3.95000e-10
2.90858e+00 3.06860e+02 1.34160e+00 1.32000e-02 5.97000e-05 7.10000e-25 9.93000e-01 6.69000e-03 1.44000e-10 0.00000e+00 3.62000e-05 9.98000e-01 2.28000e-03 0.00000e+00 4.33000e-02 3.94000e-10
2.90862e+00 2.99720e+02 1.32060e+00 1.30000e-02 5.94000e-05 7.05000e-25 9.93000e-01 6.52000e-03 1.40000e-10 0.00000e+00 3.55000e-05 9.98000e-01 2.23000e-03 0.00000e+00 4.32000e-02 3.92000e-10
2.90865e+00 2.93740e+02 1.30230e+00 1.28000e-02 5.92000e-05 7.02000e-25 9.94000e-01 6.38000e-03 1.36000e-10 0.00000e+00 3.49000e-05 9.98000e-01 2.19000e-03 0.00000e+00 4.30000e-02 3.90000e-10
2.90868e+00 2.88130e+02 1.28480e+00 1.27000e-02 5.91000e-05 6.99000e-25 9.94000e-01 6.25000e-03 1.32000e-10 0.00000e+00 3.44000e-05 9.98000e-01 2.15000e-03 0.00000e+00 4.29000e-02 3.89000e-10
2.90872e+00 2.81850e+02 1.26690e+00 1.25000e-02 5.88000e-05 6.94000e-25 9.94000e-01 6.10000e-03 1.28000e-10 0.00000e+00 3.37000e-05 9.98000e-01 2.11000e-03 0.00000e+00 4.28000e-02 3.87000e-10
2.90875e+00 2.75680e+02 1.24790e+00 1.23000e-02 5.87000e-05 6.91000e-25 9.94000e-01 5.95000e-03 1.24000e-10 0.00000e+00 3.31000e-05 9.98000e-01 2.07000e-03 0.00000e+00 4.27000e-02 3.85000e-10
2.90879e+00 2.70390e+02 1.23030e+00 1.21000e-02 5.86000e-05 6.90000e-25 9.94000e-01 5.83000e-03 1.21000e-10 0.00000e+00 3.25000e-05 9.98000e-01 2.03000e-03 0.00000e+00 4.26000e-02 3.84000e-10
2.90883e+00 2.64200e+02 1.21210e+00 1.19000e-02 5.83000e-05 6.86000e-25 9.94000e-01 5.67000e-03 1.17000e-10 0.00000e+00 3.18000e-05 9.98000e-01 1.99000e-03 0.00000e+00 4.24000e-02 3.82000e-10
2.90887e+00 2.58150e+02 1.19280e+00 1.17000e-02 5.82000e-05 6.84000e-25 9.94000e-01 5.53000e-03 1.13000e-10 0.00000e+00 3.11000e-05 9.98000e-01 1.94000e-03 0.00000e+00 4.23000e-02 3.80000e-10
2.90891e+00 2.53030e+02 1.17590e+00 1.16000e-02 5.81000e-05 6.83000e-25 9.95000e-01 5.40000e-03 1.10000e-10 0.00000e+00 3.05000e-05 9.98000e-01 1.91000e-03 0.00000e+00 4.21000e-02 3.78000e-10
2.90894e+00 2.48390e+02 1.16020e+00 1.14000e-02 5.81000e-05 6.84000e-25 9.95000e-01 5.29000e-03 1.07000e-10 0.00000e+00 2.99000e-05 9.98000e-01 1.88000e-03 0.00000e+00 4.20000e-02 3.76000e-10
2.90898e+00 2.43480e+02 1.14420e+00 1.12000e-02 5.81000e-05 6.84000e-25 9.95000e-01 5.16000e-03 1.04000e-10 0.00000e+00 2.93000e-05 9.98000e-01 1.84000e-03 0.00000e+00 4.19000e-02 3.74000e-10
2.90902e+00 2.38670e+02 1.12750e+00 1.11000e-02 5.82000e-05 6.85000e-25 9.95000e-01 5.04000e-03 1.00000e-10 0.00000e+00 2.87000e-05 9.98000e-01 1.80000e-03 0.00000e+00 4.17000e-02 3.72000e-10
2.90905e+00 2.34360e+02 1.11200e+00 1.09000e-02 5.83000e-05 6.88000e-25 9.95000e-01 4.93000e-03 9.77000e-11 0.00000e+00 2.81000e-05 9.98000e-01 1.77000e-03 0.00000e+00 4.15000e-02 3.70000e-10
2.90909e+00 2.29640e+02 1.09570e+00 1.08000e-02 5.87000e-05 6.94000e-25 9.95000e-01 4.80000e-03 9.45000e-11 0.00000e+00 2.74000e-05 9.98000e-01 1.74000e-03 0.00000e+00 4.14000e-02 3.67000e-10
2.90914e+00 2.24900e+02 1.07870e+00 1.06000e-02 5.94000e-05 7.03000e-25 9.95000e-01 4.68000e-03 9.14000e-11 0.00000e+00 2.68000e-05 9.98000e-01 1.70000e-03 0.00000e+00 4.12000e-02 3.65000e-10
2.90918e+00 2.20800e+02 1.06310e+00 1.05000e-02 6.04000e-05 7.17000e-25 9.95000e-01 4.58000e-03 8.88000e-11 0.00000e+00 2.62000e-05 9.98000e-01 1.68000e-03 0.00000e+00 4.10000e-02 3.62000e-10
2.90922e+00 2.15960e+02 1.04650e+00 1.03000e-02 6.21000e-05 7.39000e-25 9.96000e-01 4.45000e-03 8.56000e-11 0.00000e+00 2.55000e-05 9.98000e-01 1.64000e-03 0.00000e+00 4.08000e-02 3.60000e-10
2.90926e+00 2.11270e+02 1.02920e+00 1.01000e-02 6.42000e-05 7.66000e-25 9.96000e-01 4.33000e-03 8.26000e-11 0.00000e+00 2.48000e-05 9.98000e-01 1.61000e-03 0.00000e+00 4.06000e-02 3.57000e-10
2.90931e+00 2.07230e+02 1.01350e+00 9.95000e-03 6.68000e-05 8.00000e-25 9.96000e-01 4.22000e-03 8.00000e-11 0.00000e+00 2.42000e-05 9.98000e-01 1.58000e-03 0.00000e+00 4.05000e-02 3.55000e-10
2.90935e+00 2.02470e+02 9.96660e-01 9.77000e-03 6.95000e-05 8.36000e-25 9.96000e-01 4.10000e-03 7.70000e-11 0.00000e+00 2.35000e-05 9.98000e-01 1.54000e-03 0.00000e+00 4.03000e-02 3.52000e-10
2.90940e+00 1.97880e+02 9.79240e-01 9.60000e-03 7.20000e-05 8.70000e-25 9.96000e-01 3.92000e-03 7.30000e-11 0.00000e+00 2.28000e-05 9.98000e-01 1.51000e-03 0.00000e+00 4.00000e-02 3.49000e-10
2.90946e+00 1.92990e+02 9.59470e-01 9.41000e-03 7.45000e-05 9.05000e-25 9.96000e-01 3.67000e-03 6.77000e-11 0.00000e+00 2.21000e-05 9.99000e-01 1.47000e-03 0.00000e+00 3.98000e-02 3.46000e-10
2.90953e+00 1.87120e+02 9.37180e-01 9.18000e-03 7.75000e-05 9.47000e-25 9.97000e-01 3.42000e-03 6.23000e-11 0.00000e+00 2.12000e-05 9.99000e-01 1.43000e-03 0.00000e+00 3.95000e-02 3.42000e-10
2.90960e+00 1.81320e+02 9.14290e-01 8.95000e-03 8.01000e-05 9.85000e-25 9.97000e-01 3.22000e-03 5.81000e-11 0.00000e+00 2.03000e-05 9.99000e-01 1.38000e-03 0.00000e+00 3.92000e-02 3.37000e-10
2.90966e+00 1.75910e+02 8.93080e-01 8.73000e-03 8.22000e-05 1.02000e-24 9.97000e-01 3.05000e-03 5.42000e-11 0.00000e+00 1.95000e-05 9.99000e-01 1.34000e-03 0.00000e+00 3.89000e-02 3.33000e-10
2.90973e+00 1.71090e+02 8.73340e-01 8.54000e-03 8.39000e-05 1.05000e-24 9.97000e-01 2.89000e-03 5.08000e-11 0.00000e+00 1.88000e-05 9.99000e-01 1.31000e-03 0.00000e+00 3.86000e-02 3.29000e-10
2.90980e+00 1.66310e+02 8.53670e-01 8.34000e-03 8.54000e-05 1.07000e-24 9.97000e-01 2.73000e-03 4.75000e-11 0.00000e+00 1.80000e-05 9.99000e-01 1.27000e-03 0.00000e+00 3.83000e-02 3.25000e-10
2.90986e+00 1.61710e+02 8.33280e-01 8.15000e-03 8.69000e-05 1.10000e-24 9.97000e-01 2.58000e-03 4.44000e-11 0.00000e+00 1.73000e-05 9.99000e-01 1.24000e-03 0.00000e+00 3.79000e-02 3.21000e-10
2.90993e+00 1.56860e+02 8.13400e-01 7.94000e-03 8.81000e-05 1.12000e-24 9.98000e-01 2.42000e-03 4.11000e-11 0.00000e+00 1.66000e-05 9.99000e-01 1.20000e-03 0.00000e+00 3.76000e-02 3.16000e-10
2.91001e+00 1.52280e+02 7.93560e-01 7.74000e-03 8.91000e-05 1.14000e-24 9.98000e-01 2.27000e-03 3.81000e-11 0.00000e+00 1.59000e-05 9.99000e-01 1.16000e-03 0.00000e+00 3.72000e-02 3.12000e-10
2.91008e+00 1.47970e+02 7.74580e-01 7.55000e-03 9.00000e-05 1.16000e-24 9.98000e-01 2.13000e-03 3.53000e-11 0.00000e+00 1.53000e-05 9.99000e-01 1.13000e-03 0.00000e+00 3.69000e-02 3.07000e-10
2.91015e+00 1.43790e+02 7.55850e-01 7.37000e-03 9.08000e-05 1.18000e-24 9.98000e-01 1.99000e-03 3.27000e-11 0.00000e+00 1.47000e-05 9.99000e-01 1.10000e-03 0.00000e+00 3.65000e-02 3.03000e-10
2.91023e+00 1.39680e+02 7.37120e-01 7.18000e-03 9.15000e-05 1.20000e-24 9.98000e-01 1.86000e-03 3.01000e-11 0.00000e+00 1.42000e-05 9.99000e-01 1.07000e-03 0.00000e+00 3.61000e-02 2.98000e-10
2.91031e+00 1.35680e+02 7.18550e-01 6.99000e-03 9.21000e-05 1.22000e-24 9.98000e-01 1.74000e-03 2.77000e-11 0.00000e+00 1.36000e-05 9.99000e-01 1.04000e-03 0.00000e+00 3.58000e-02 2.93000e-10
2.91039e+00 1.31790e+02 7.00190e-01 6.81000e-03 9.26000e-05 1.24000e-24 9.98000e-01 1.61000e-03 2.55000e-11 0.00000e+00 1.31000e-05 9.99000e-01 1.01000e-03 0.00000e+00 3.54000e-02 2.88000e-10
2.91047e+00 1.28030e+02 6.82050e-01 6.63000e-03 9.30000e-05 1.26000e-24 9.99000e-01 1.50000e-03 2.34000e-11 0.00000e+00 1.26000e-05 9.99000e-01 9.76000e-04 0.00000e+00 3.50000e-02 2.83000e-10
2.91055e+00 1.24370e+02 6.64100e-01 6.45000e-03 9.33000e-05 1.27000e-24 9.99000e-01 1.39000e-03 2.14000e-11 0.00000e+00 1.21000e-05 9.99000e-01 9.47000e-04 0.00000e+00 3.45000e-02 2.78000e-10
2.91063e+00 1.20920e+02 6.45940e-01 6.28000e-03 9.37000e-05 1.29000e-24 9.99000e-01 1.29000e-03 1.95000e-11 0.00000e+00 1.17000e-05 9.99000e-01 9.20000e-04 0.00000e+00 3.41000e-02 2.72000e-10
2.91072e+00 1.17340e+02 6.28310e-01 6.09000e-03 9.38000e-05 1.31000e-24 9.99000e-01 1.19000e-03 1.77000e-11 0.00000e+00 1.13000e-05 9.99000e-01 8.91000e-04 0.00000e+00 3.36000e-02 2.67000e-10
2.91081e+00 1.14110e+02 6.10280e-01 5.92000e-03 9.41000e-05 1.33000e-24 9.99000e-01 1.09000e-03 1.61000e-11 0.00000e+00 1.09000e-05 9.99000e-01 8.66000e-04 0.00000e+00 3.32000e-02 2.61000e-10
2.91090e+00 1.10870e+02 5.92480e-01 5.74000e-03 9.42000e-05 1.35000e-24 9.99000e-01 1.00000e-03 1.46000e-11 0.00000e+00 1.05000e-05 9.99000e-01 8.40000e-04 0.00000e+00 3.27000e-02 2.55000e-10
2.91099e+00 1.07710e+02 5.74320e-01 5.56000e-03 9.42000e-05 1.37000e-24 9.99000e-01 9.18000e-04 1.31000e-11 0.00000e+00 1.02000e-05 9.99000e-01 8.15000e-04 0.00000e+00 3.21000e-02 2.49000e-10
2.91109e+00 1.04680e+02 5.55860e-01 5.38000e-03 9.42000e-05 1.39000e-24 9.99000e-01 8.37000e-04 1.18000e-11 0.00000e+00 9.83000e-06 9.99000e-01 7.91000e-04 0.00000e+00 3.15000e-02 2.42000e-10
2.91119e+00 1.01790e+02 5.36690e-01 5.18000e-03 9.41000e-05 1.41000e-24 9.99000e-01 7.61000e-04 1.06000e-11 0.00000e+00 9.49000e-06 9.99000e-01 7.70000e-04 0.00000e+00 3.09000e-02 2.35000e-10
2.91129e+00 9.91050e+01 5.15800e-01 4.97000e-03 9.38000e-05 1.44000e-24 9.99000e-01 6.89000e-04 9.40000e-12 0.00000e+00 9.12000e-06 9.99000e-01 7.52000e-04 0.00000e+00 3.01000e-02 2.27000e-10
