# F13: histories of the runs M6_rad_snr/F13_series/run_<name> and their wall time
# t [Myr], M_hot [M_sun], pr [M_sun km/s], E_tot [erg], wall [s]
@ t_classic 145
0
9.7641803448275639e-05
0.00019572419239556184
0.00029582197155714136
0.00039876507651126573
0.00050541590497237639
0.0006150020145431846
0.00072543292187507826
0.00083765706889890568
0.00095260529759215917
0.0010711136057392464
0.0011938928359007102
0.0013215804974981106
0.001454753477891448
0.0015911726719037712
0.0017321385205330477
0.0018788341317548716
0.0020324426135448371
0.0021941666293822672
0.0023608577431668207
0.0025329852869879887
0.0027121430343996717
0.0028982918743944114
0.0030923509156474635
0.0032950632673005228
0.0035025667173671461
0.0037147439328249596
0.0039335309085431177
0.0041610885276836566
0.0043994407848825107
0.0046429850283213683
0.0048914768142036208
0.0051472628029767264
0.0054128949878772988
0.0056903484747819495
0.0059740206118723688
0.0062633149562848272
0.0065608812787745791
0.0068695453496304447
0.0071692041110191819
0.007443137607252643
0.007707166240847451
0.0079636757832585239
0.00820459958919772
0.0084419545157064027
0.0086820569904889865
0.0089295416679292042
0.0091787374519456955
0.0094314043378740508
0.0096898694306580078
0.0099552180607545109
0.010228310670327633
0.010507563263575336
0.010788869184714566
0.011073401763969053
0.011360769891264222
0.011653809114640751
0.011952714989135927
0.012257096404675179
0.012565291143441551
0.012877885870546911
0.013195565028621768
0.013516861954886456
0.013841287761747758
0.014169820224392114
0.014503143785450034
0.014840476224772364
0.015180546434616731
0.015524038857613642
0.015871833491430898
0.016224810333736295
0.01658394715971627
0.016946408421330147
0.017312780783689793
0.017683846466944354
0.018060387691242991
0.018442600011622991
0.018830287873047056
0.019222375722810114
0.019619059115949446
0.020018675834648104
0.020421030323868793
0.02082582925105559
0.021233170393727137
0.021642760419327497
0.022054501550338026
0.022468198231721442
0.02288385046347774
0.023301360468088277
0.023720630468034409
0.024141464908278842
0.024563961566340234
0.024987924887181281
0.02541345264832064
0.025840349294721014
0.02626871260390105
0.026698444798342109
0.02712954587804418
0.02756201584300727
0.027995854693231383
0.028431062428716514
0.028867541271944012
0.029305291222913889
0.029744507836663429
0.030184995558155341
0.03062675438738963
0.031069979879403575
0.031514476479159899
0.031960341964177241
0.032407674111974247
0.032856375145032264
0.0333064450633513
0.033757883866931362
0.034210887110809725
0.034665161462430469
0.035121000254349513
0.035578207931529569
0.036036882271489296
0.036497023274228685
0.03695863093974773
0.037421705268046453
0.037886246259124824
0.038352156135464215
0.038819630452101912
0.039288571431519273
0.039758881296197653
0.040230755601174339
0.040704096568930689
0.041178806421948058
0.041655080715263727
0.042132723893840422
0.042611833735196766
0.043092312461814143
0.043574257851211176
0.044057669903387872
0.044542450840825587
0.045028600663524321
0.045516217149002718
0.046005202519742126
0.046495556775742561
0.046987377694522652
0.047480469721045117
0.047975028410347245
0.048470955984910392
0.048888759322076869
@ M_hot_classic 145
16.488494637617336
23.248855564348659
27.776266621709077
28.601526997709438
31.979952113960181
36.235556323694837
38.763008937191458
42.988203612400028
48.094285860912763
48.908668029440385
53.415707170988213
58.519317099620778
61.044791857213269
64.375995663752775
72.335382285968393
76.293813646106756
79.640593067891331
86.417469091422177
94.066085104700562
97.697428544692585
104.46911269647508
111.2427747041617
117.97514896984953
126.48017658961841
131.76945774125164
141.67109886132792
148.1265733004368
158.61291807217302
166.41852639784213
179.21302900970397
185.08701381299716
196.62310560585303
208.78271647248752
219.50764011266003
229.05400886595604
243.47233117511277
250.96519103594053
265.67302200306506
279.20402870722921
291.88702969249545
304.88895994230347
316.50391873933671
324.22991836486437
337.52852700029263
347.34116460468289
361.93774117719977
367.41145739189363
377.22162267640363
386.97986924343013
398.83711538871995
412.44229168928922
425.49861297646089
434.94534723858607
447.85085701306747
461.18407812681818
475.09087745276798
482.12215519196815
501.82901695679419
511.20158162251425
526.46568456267687
543.49749621716001
558.84565803324824
567.0142029173262
582.25852729844735
595.03300411927978
612.28979688285847
628.40932250155936
643.67837008148229
656.2698952311822
669.8182081745075
690.6524478046905
706.15883809310947
720.7183298674239
737.29029002419577
753.26394876996676
770.97564839149641
789.45871181563882
805.14805377519031
820.46902007259666
836.99400615164529
853.40032087644579
875.33721517318418
893.34064854057374
912.25142330398535
928.84316201979846
942.24560809019397
960.7756455920595
976.27956356059838
996.53528033882174
1016.3435072187347
1034.5447261765378
1045.0051115895321
1061.5251530288206
1080.6164071434844
1099.1835294435525
1115.4612835345843
1128.6338038561239
1141.4404208353988
1151.4978181079255
1168.7570831913843
1184.6541000208699
1194.919172163331
1210.512093647556
1224.376863535543
1240.8029568193849
1252.4451111351
1262.9475259860574
1272.198946977649
1285.3838288985896
1280.5652774521407
1232.6393565750673
1175.4397638274806
1119.1697633548376
1039.1580750729329
965.81176118796338
890.93508129716952
813.57866456656609
727.45292922100396
652.46499493560236
604.76899980738472
567.33807682162831
538.71355724903333
512.46493708128048
491.58866801313474
482.49794781375385
474.73486339002363
461.62662338536836
454.42970021419683
449.95480123109121
442.95566365033312
432.51752911626028
420.14604043589532
413.75262122577868
405.3590952326054
398.73575027363302
394.26579593028777
391.80336532963958
380.39113676278009
379.29837137574549
379.63460687944843
375.52808355848794
369.10252418992911
359.52228465427481
359.6088158500807
352.30558292406192
@ pr_classic 145
19433.645694868486
21794.587564435737
23874.599726019398
25752.178335814835
27484.285643861134
29109.58873308414
30641.438130836763
32072.416877478496
33429.967723679212
34739.55556420466
36021.206190084195
37288.022896682713
38551.131123460982
39821.16184590372
41078.089272981568
42334.275004095362
43603.811262562071
44895.845631938319
46219.031231804685
47549.881023299582
48891.609022267221
50256.329596120428
51644.784440823256
53061.423732160009
54510.203181938959
55964.668967442296
57422.101536801842
58896.593113334544
60402.730384333408
61950.897093295149
63505.244601957311
65065.278446343858
66644.101921819689
68256.548947665811
69914.981123283083
71584.291506373091
73260.771617115592
74961.23323069574
76701.251962358569
78369.573417496518
79878.430240363567
81319.792730502013
82710.225431108978
84008.935064161677
85282.67426642467
86566.055516220324
87884.296476326359
89207.234844204708
90542.782043471932
91902.805209552811
93290.76559027961
94709.877201496536
96150.25076368291
97588.646469965155
99030.750656067641
100473.8437701222
101931.77080345778
103404.77898806239
104890.64323604386
106380.46319583362
107876.46395532379
109381.61229837059
110887.99680135747
112394.38130434437
113903.97982317547
115419.75914170699
116938.2580121067
118453.04840268615
119967.34432928958
121484.60703974921
123008.79224587331
124542.37226754204
126074.22166529467
127605.57659907125
129140.39278068009
130680.64806602529
132227.08415107091
133777.72317991281
135328.60944074273
136880.48462952473
138425.43732264225
139962.97305611926
141492.59736597972
143013.56855625959
144525.14493099484
146026.58479422139
147517.64091395121
148997.07713024426
150464.8934431005
151920.34815655593
153363.44127061049
154793.18385731213
156209.32868467286
157611.1340567286
158998.10550950331
160369.99581100902
161725.81603329361
163064.57724840505
164385.04329640325
165685.9780173481
166966.14525129952
168223.81437434143
169457.50199454569
170665.47748799619
171846.99915872887
173002.06700674377
174131.17549601689
175234.57185853625
176312.99779026589
177367.44221915791
178398.39960918832
179406.61165632118
180392.57282453252
181357.27204177441
182301.20377202288
183225.60417521803
184131.21494732387
185019.02501629252
185890.51777405204
186746.43491656648
187587.51813979994
188415.25083568046
189230.37470017213
190033.631429239
190825.5154868571
191607.01580097846
192378.13237160313
193139.35966270711
193890.69767429042
194632.64087032911
195365.18925082314
196088.59004776055
196802.84326114133
197508.44335494153
198205.1430971731
198893.43695181212
199573.07768687053
200244.31253433638
200907.38872619765
201562.05903046636
202208.81791111853
202847.41813616615
203478.35416958525
204101.1315473998
204618.09363434309
@ E_tot_classic 145
1.0071776376425801e+51
1.0071678022596328e+51
1.0071530491852119e+51
1.0071481314937383e+51
1.0071333784193173e+51
1.0071087899619491e+51
1.0070989545790019e+51
1.007084201504581e+51
1.0070596130472127e+51
1.0070448599727918e+51
1.0070153538239499e+51
1.0069907653665816e+51
1.0069710946006871e+51
1.0069465061433189e+51
1.0068973292285825e+51
1.0068579876967933e+51
1.0068235638564778e+51
1.0067842223246886e+51
1.0067252100270049e+51
1.0066711154207948e+51
1.0066121031231111e+51
1.00654325544248e+51
1.0064694900703754e+51
1.0063563831664815e+51
1.0062777001029033e+51
1.0061498401245885e+51
1.0060367332206947e+51
1.0059137909338537e+51
1.0057613424981706e+51
1.005564634839225e+51
1.0053777625632265e+51
1.0052253141275434e+51
1.004984347245335e+51
1.0047532157460737e+51
1.0044876604064968e+51
1.0042368581413411e+51
1.0039073728126069e+51
1.0035926405582938e+51
1.0032287313892441e+51
1.0028303983798789e+51
1.0024615715193557e+51
1.0020927446588323e+51
1.0017337531812564e+51
1.0014042678525222e+51
1.0009911817687361e+51
1.0005485895361082e+51
1.0000912442290593e+51
9.9965848737937857e+50
9.9922081283822429e+50
9.9869461985054445e+50
9.9816350917139085e+50
9.9758813926897463e+50
9.969783455262428e+50
9.9631937486877443e+50
9.9562106267951702e+50
9.9486865588404949e+50
9.9409657832268744e+50
9.9332941845279898e+50
9.9248357551933229e+50
9.9152954337344535e+50
9.9057059353608482e+50
9.8948378372040951e+50
9.8830845545820864e+50
9.8717246872779679e+50
9.8599714046559592e+50
9.8472345837392213e+50
9.8330224553803905e+50
9.8179743194710415e+50
9.8019918221816977e+50
9.7857634403186744e+50
9.7685023432461845e+50
9.749520054157919e+50
9.7291608114570324e+50
9.7083589765235196e+50
9.6866227802100135e+50
9.6629686842217867e+50
9.6375933962177843e+50
9.6099559701359051e+50
9.5810399442708798e+50
9.5512879108553347e+50
9.5197163315945406e+50
9.4873579216979641e+50
9.4530816121266653e+50
9.4161989260743369e+50
9.3778409325799139e+50
9.3364339703718334e+50
9.2934533468921867e+50
9.249685892776756e+50
9.2040988928160762e+50
9.1552170395680563e+50
9.1025977408000667e+50
9.0472245348068365e+50
8.9902284906273041e+50
8.9301834777341126e+50
8.8659584270883235e+50
8.7956354390152161e+50
8.7181817983053254e+50
8.6335483280439155e+50
8.5412432590836193e+50
8.4392011610055085e+50
8.3257008417938092e+50
8.2002013553864167e+50
8.0643255399696366e+50
7.9223517871255382e+50
7.7791977883277655e+50
7.6388960505847052e+50
7.5040037734626542e+50
7.3751110799384482e+50
7.2519229085236693e+50
7.1338983131562171e+50
7.0210372938360899e+50
6.9133398505632895e+50
6.8111010448262327e+50
6.7150093534312318e+50
6.6252123071224951e+50
6.5416607289852853e+50
6.4642070882753945e+50
6.3925071465896668e+50
6.3265117270133663e+50
6.2656307065696549e+50
6.2092739622816964e+50
6.1569497250021254e+50
6.1085104639867333e+50
6.063415233173419e+50
6.0210247326706086e+50
5.9807488395014657e+50
5.942095784518625e+50
5.9049672138926138e+50
5.8691172430497496e+50
5.8341524566721419e+50
5.8001220316745266e+50
5.7670259680569029e+50
5.7347167350750624e+50
5.7029976250700598e+50
5.6719178149566303e+50
5.6414281278200387e+50
5.611184325257129e+50
5.5810388765236919e+50
5.5511393123639375e+50
5.5214364558631282e+50
5.4915860686181097e+50
5.461538973714146e+50
5.4313935249807089e+50
5.4013956069914811e+50
5.3768563265379985e+50
@ wall_classic 
3.8700000000000001
@ t_ncr 146
0
9.7355999761278788e-05
0.00019515414946186642
0.00029495957384269989
0.00039760152403940028
0.00050395999771976488
0.00061285579800894542
0.00072262377376443169
0.00083419770028927552
0.00094851037511134201
0.0010663713960850051
0.0011884857391196886
0.0013154694025828511
0.0014478992738344927
0.0015834580256827474
0.001723553654396091
0.0018693399346945243
0.0020219608635461839
0.0021826093266785283
0.0023480293327207079
0.0025189053243032306
0.0026968017417244037
0.0028816501407211764
0.0030743891854725322
0.003275507763571692
0.0034813881068288225
0.0036918933267178211
0.0039089985291152997
0.0041348254861758374
0.0043713590815279094
0.0046128206638196478
0.0048592200108029142
0.0051129233384289005
0.0053764337511748948
0.0056516970216619168
0.0059328953875306383
0.0062197257384732623
0.006514818289741319
0.0068209597006161646
0.0071303864361174528
0.0074072239246546455
0.0076710081144528439
0.0079312527580761242
0.0081734965605170136
0.0084094141575016285
0.0086465148624618356
0.0088897266623373054
0.0091372504507849783
0.0093869742334021494
0.0096419388910186435
0.0099033959758731104
0.010172284152144533
0.010449678972537998
0.010728344900673835
0.011010530819480863
0.01129506339873535
0.011584778186477978
0.011880359625339254
0.012181905492837826
0.012487753571156737
0.012797806082777349
0.013112649692811524
0.013432382178777907
0.013754950212784969
0.014081331570019154
0.014412210693110971
0.014748174247172284
0.015086680016718344
0.01542821688934237
0.01577376264023081
0.016124295044570101
0.016480596322509401
0.016841102033750395
0.017205127735662577
0.017573553425913747
0.017947161324653061
0.018326342541955087
0.018711292632857122
0.019100349379542209
0.019493708337047642
0.019889902842593749
0.020288932896180542
0.020690505165252084
0.021094521872289725
0.021500885239774829
0.021909497490188747
0.022320163068494193
0.022732686419653876
0.023147067543667799
0.02356320866301732
0.023981012000183786
0.024400477555167208
0.024821409772930288
0.025243808653473032
0.025667674196795439
0.026093006402897509
0.026519707494260594
0.026947679693366054
0.027377118555251181
0.027807828524878678
0.028239809602248547
0.028673159564879439
0.029107780635252701
0.029543672813368338
0.02998083609922635
0.03041936827034538
0.030859171549206782
0.031300343713329203
0.031742786985193998
0.032186599142319812
0.032631682407188001
0.033078036779798564
0.033525857815188791
0.033975047735840029
0.034425508764233649
0.034877436455406925
0.03533073303184122
0.035785398493536534
0.036241432840492867
0.036698933850228863
0.037157705967707233
0.037617944747965266
0.038079650191002956
0.038542724519301665
0.039007167732861399
0.039472979831682152
0.039940258593282554
0.040408906240143989
0.040878922772266436
0.041350405967168546
0.041823258047331668
0.042297479012755823
0.042773068863440983
0.043249929821868517
0.043728257443075715
0.044207953949543938
0.044688921563754529
0.045171355840744783
0.045655061225477411
0.046140037717952415
0.046626480873207081
0.047114195136204122
0.047603180506943531
0.048093632540462609
0.048585355681724056
0.048888759322076869
@ M_hot_ncr 146
16.365224768392117
24.666360167643475
27.438547726078006
29.923476437635724
34.074007052463202
36.574264147277965
38.216131779698102
44.040917417375923
47.370637831987338
48.168208225329813
53.434002338101457
57.597141784317792
60.073664608282932
67.002093840468135
71.714582764057994
75.033177739208639
80.002046234372017
86.08420037157542
92.748338608570563
97.151787547139307
104.07700276348028
109.31659028552215
119.86845153408282
125.95901155887881
133.40638073391145
142.56088678620068
149.45964817982386
156.62838690436146
169.94627963485507
178.54500817808236
184.29784930724725
195.3352741802731
209.25270448170761
218.06924440637781
227.43538104040948
243.28542379217203
250.92810623773801
265.93014327060257
278.91476728124945
291.05633021275872
304.94829561942748
312.62484884735181
323.91098910032264
336.65827040247325
351.45263256540369
357.19088700727559
367.70071881787339
377.60730457770995
390.65126426548085
401.97201699677407
414.48937255006899
422.40326848648948
433.09357964833964
451.2700754073411
461.43378243471523
471.34284051443194
483.98628438161552
497.27994837728346
510.23243222948804
523.45687126851135
540.47632132359365
551.47567247046493
564.95476045714554
578.45115468298729
595.63625017004108
611.68655083209728
627.81102109055848
643.68331472124248
652.44027173680058
672.46853508604863
688.2567698408069
703.43928622492376
718.26084390653602
735.42368851466824
754.25287672203433
772.00660578152679
787.15945432708179
803.10344523429069
819.02518526257825
837.49835940719981
859.52672953950434
877.19392740319097
893.91917139253326
911.35891582724435
926.64032500656799
946.87873554563021
960.00675410932683
983.11305570938509
1003.6728678328693
1020.8851588386049
1036.0033949058375
1052.2564257980675
1073.9510327465491
1094.9756410075051
1109.5227711824186
1124.6706750882133
1138.7134520075724
1162.9347698735864
1177.3286162159297
1194.3010921932889
1217.1947742836526
1233.3513847005561
1249.0679221787893
1265.1874477974902
1281.4157554909186
1293.9899744014574
1313.0342544383982
1328.8422677521978
1343.1199150601731
1360.821725402182
1376.6322110358619
1388.8949176414994
1402.0451870841175
1412.7800000038108
1424.1749223315089
1436.7738644408494
1457.1161124148787
1460.7232271200451
1467.8632869339729
1471.8437219410446
1482.0717092853031
1483.4908208965201
1477.5621978238751
1476.256812927146
1464.4564301391001
1446.6408930826033
1427.1219276286702
1405.7363606652095
1377.8115076187023
1346.7987270418641
1311.9118212128014
1257.5183115292066
1111.0111077502804
936.63591428209077
821.84115760609041
759.55105822523615
730.23676140607404
705.4542269272614
682.62976979354255
664.83895593584748
653.87668958717882
634.72362747551063
619.38535493894301
597.33967856747734
577.90477198946996
576.22853911071547
@ pr_ncr 146
19365.87940695306
21719.799888060628
23793.087339570229
25664.410980068838
27389.595792450666
29008.470849985231
30528.700344301062
31948.800883470052
33296.462450150095
34596.408243142883
35868.416821489758
37125.591480555617
38378.810427813216
39638.704638747258
40884.506626364346
42129.814150005397
43388.224969011346
44668.886666938815
45979.957899392357
47297.457163534345
48625.834635149069
49977.946377613414
51353.297926951353
52757.081154911226
54191.273917397179
55631.400247595535
57074.4933616501
58534.89271486584
60026.937762547743
61560.517784216485
63099.042445645566
64643.253442799032
66206.995767005836
67804.361641582931
69447.712665931176
71099.964041848012
72760.126841381396
74444.518375740445
76168.219796194171
77888.45996881566
79410.667319035623
80847.826865377778
82255.318573157914
83557.983918018872
84820.597680821113
86084.694835551447
87377.223668903724
88688.789365333301
90006.783093451319
91346.533236514821
92713.973362236226
94111.328558507652
95543.049001113439
96969.577571970876
98402.039710540703
99834.007385134508
101279.0783550932
102740.46663626102
104217.18330068587
105701.31692475123
107191.38411652901
108689.85719589934
110196.98339485028
111702.87343386112
113211.73025672819
114726.76787929566
116249.46969349166
117768.71025985542
119287.20913025513
120808.18032053502
122335.57954250333
123872.6208120043
125412.87609734951
126952.38968673065
128494.870059968
130043.28400091775
131599.114901508
133162.36276173877
134726.3523179336
136291.08357009248
137851.11741447903
139405.95938711721
140954.86779204299
142497.10093329233
144032.16434688916
145559.31633686947
147078.30967124522
148588.40265405236
150089.34805330288
151580.89863700874
153062.31270920593
154533.83750188243
155994.48408708617
157444.74692879323
158883.88433103953
160311.89629382506
161729.03004913783
163134.29666902582
164527.943385477
165909.97019849138
167280.12987608096
168638.17518625772
169984.10612902165
171317.42824039672
172638.38875237093
173946.49320096828
175241.49435420072
176523.14498008025
177791.44507860686
179045.65295381655
180285.76860570922
181511.05033832093
182721.25091966358
183915.62865377314
185093.19461269758
186253.45433246082
187395.17165312279
188517.60487871946
189619.76508129874
190700.91056489656
191760.54686553695
192797.68505526779
193812.5723660771
194805.70326194091
195777.57220683529
196729.41536070031
197662.71611546405
198577.96893510257
199476.40997955593
200358.03924882415
201224.0929028473
202075.31263758944
202912.19291702658
203735.72266911084
204546.39635781819
205345.20291110076
206132.63679293453
206908.94523530756
207675.1171661719
208431.15258552751
209177.54595735049
209914.54451362885
210642.14825436252
211360.60441153959
212070.40744913608
212502.56896418959
@ E_tot_ncr 146
1.010521667844658e+51
1.0105167501531843e+51
1.0105069147702371e+51
1.0105019970787633e+51
1.0104970793872897e+51
1.0104872440043424e+51
1.0104774086213952e+51
1.0104675732384479e+51
1.010452820164027e+51
1.0104429847810796e+51
1.0104282317066587e+51
1.0104134786322378e+51
1.0103987255578168e+51
1.0103839724833959e+51
1.010354466334554e+51
1.0103347955686595e+51
1.0103102071112913e+51
1.010285618653923e+51
1.010246277122134e+51
1.0102118532818184e+51
1.0101774294415029e+51
1.0101331702182401e+51
1.0100839933035036e+51
1.0100200633143463e+51
1.0099610510166626e+51
1.0098823679530842e+51
1.0098086025809795e+51
1.0097299195174013e+51
1.0096364833794021e+51
1.0095184587840345e+51
1.0094004341886671e+51
1.0092873272847733e+51
1.0091447142320377e+51
1.0089971834878283e+51
1.0088299819777245e+51
1.0086578627761469e+51
1.0084562374257275e+51
1.0082496943838345e+51
1.0080185628845732e+51
1.0077677606194174e+51
1.0075317114286824e+51
1.0073005799294211e+51
1.0070645307386863e+51
1.0068432346223723e+51
1.0065924323572166e+51
1.006336712400587e+51
1.006061321678063e+51
1.0057908486470125e+51
1.0055007048500675e+51
1.0051712195213335e+51
1.0048417341925993e+51
1.0044827427150233e+51
1.0040942450886054e+51
1.0036860766962929e+51
1.0032484021551387e+51
1.0027910568480897e+51
1.0023091230836726e+51
1.0018124362448347e+51
1.0012616547997865e+51
1.0006567787485283e+51
1.000027314239902e+51
9.9935359050801265e+50
9.9861593678696622e+50
9.9787336537444586e+50
9.9708653473866289e+50
9.9622102103930151e+50
9.9528665965930925e+50
9.9431787443900138e+50
9.9329007692100979e+50
9.9218359633943997e+50
9.9104760960902829e+50
9.8977884520882809e+50
9.8845106851094434e+50
9.8705936182390312e+50
9.8556930130738898e+50
9.8397596926992835e+50
9.8225477725415294e+50
9.8043031371743104e+50
9.7851733173418356e+50
9.7649616053851599e+50
9.7437663551337551e+50
9.721390858928676e+50
9.6975400552815024e+50
9.672558182595392e+50
9.6460518255524512e+50
9.6185127533000454e+50
9.5903835580708024e+50
9.5604348169963121e+50
9.5291091223092007e+50
9.4965048278389416e+50
9.4624744028413255e+50
9.4273129088047726e+50
9.3905777534966518e+50
9.3526623522348583e+50
9.3127306974688691e+50
9.2716187967492072e+50
9.228539819440087e+50
9.1844773038362377e+50
9.13928371919345e+50
9.0922214117906791e+50
9.0436837969458136e+50
8.9933266362557008e+50
8.9409532220613939e+50
8.8866619081923646e+50
8.8306494023075614e+50
8.7724239352596172e+50
8.7117887993895885e+50
8.6490882331006298e+50
8.5836337595864289e+50
8.515425378846989e+50
8.4439221448202073e+50
8.3684355806997732e+50
8.2888181557414791e+50
8.2039388009063864e+50
8.1132073932176565e+50
8.0162796942721366e+50
7.913745827046662e+50
7.8050648454791316e+50
7.6908760494611218e+50
7.5723596849463033e+50
7.4512369439504553e+50
7.3293273723188241e+50
7.2092865234471769e+50
7.0945567813670658e+50
6.9868101611795287e+50
6.8865876089466668e+50
6.7932498247769056e+50
6.7060099780344636e+50
6.624425476486712e+50
6.5483487893894407e+50
6.4774356783394962e+50
6.4111451972747771e+50
6.349182284706864e+50
6.2912027022326033e+50
6.2369113883635748e+50
6.1859641046966241e+50
6.1380657897433333e+50
6.0928230281858097e+50
6.0498915816208988e+50
6.0087796809012352e+50
5.9692906183678755e+50
5.9312276863618719e+50
5.8942466464800701e+50
5.8583966756372058e+50
5.8234810661743348e+50
5.8041053617681782e+50
@ wall_ncr 
10.9
@ t_core 146
0
9.7355999761278788e-05
0.00019515414946186642
0.00029495957384269989
0.00039760152403940028
0.00050395999771976488
0.00061285579800894542
0.00072262377376443169
0.00083419770028927552
0.00094851037511134201
0.0010663713960850051
0.0011884857391196886
0.0013154694025828511
0.0014478992738344927
0.0015834580256827474
0.001723553654396091
0.0018693399346945243
0.0020219608635461839
0.0021826093266785283
0.0023480293327207079
0.0025189053243032306
0.0026968017417244037
0.0028816501407211764
0.0030743891854725322
0.003275507763571692
0.0034813881068288225
0.0036919031044696854
0.0039089985291152997
0.0041348352639277016
0.0043713688592797737
0.0046128206638196478
0.0048592297885547784
0.0051129233384289005
0.005376443528926759
0.0056517067994137811
0.0059329051652825026
0.0062197355162251266
0.0065148280674931832
0.0068209792561198931
0.007130396213869317
0.0074072239246546455
0.0076710081144528439
0.0079312527580761242
0.0081734867827651502
0.0084094141575016285
0.0086465148624618356
0.0088897266623373054
0.0091372406730331149
0.0093869742334021494
0.0096419291132667784
0.0099033959758731104
0.010172284152144533
0.010449678972537998
0.010728344900673835
0.011010530819480863
0.01129506339873535
0.011584778186477978
0.011880359625339254
0.012181905492837826
0.012487753571156737
0.012797806082777349
0.013112649692811524
0.013432382178777907
0.013754950212784969
0.014081331570019154
0.014412210693110971
0.014748174247172284
0.015086680016718344
0.01542821688934237
0.01577376264023081
0.016124295044570101
0.016480596322509401
0.016841102033750395
0.017205127735662577
0.017573553425913747
0.017947063547134417
0.018326342541955087
0.018711194855338478
0.019100349379542209
0.019493610559528998
0.019889902842593749
0.020288835118661901
0.020690505165252084
0.021094521872289725
0.021500885239774829
0.021909497490188747
0.022320065290975549
0.022732686419653876
0.023147067543667799
0.02356320866301732
0.023981012000183786
0.024400379777648563
0.024821311995411644
0.025243808653473032
0.025667674196795439
0.026092908625378865
0.026519609716741954
0.026947679693366054
0.027377020777732537
0.027807730747360034
0.028239809602248547
0.028673061787360794
0.029107682857734053
0.029543672813368338
0.02998083609922635
0.03041936827034538
0.030859171549206782
0.031300343713329203
0.031742786985193998
0.032186599142319812
0.032631682407188001
0.033078134557317208
0.033525955592707428
0.033975047735840029
0.034425606541752286
0.034877534232925569
0.035330830809359857
0.035785496271055178
0.036241530618011511
0.036699031627747507
0.037157901522744521
0.037618140303002548
0.038079747968521607
0.038542822296820316
0.03900726551038005
0.03947317538671944
0.039940454148319843
0.040409101795181278
0.040879118327303725
0.041350601522205835
0.041823453602368964
0.042297674567793105
0.042773264418478271
0.043250223154424457
0.043728550775631647
0.044208149504581226
0.044689214896310461
0.045171551395782071
0.0456552567805147
0.046140331050508347
0.046626676428244369
0.047114390691241403
0.047603473839499463
0.048093925873018535
0.048585649014279989
0.048888759322076869
@ M_hot_core 146
16.365224768392117
24.666360167643475
27.438547726078006
29.923476437635724
34.074007052463202
36.574264147277965
38.216131779698102
44.040917417375923
47.370637831987338
48.168455457317826
53.434002338101457
57.597141784317792
60.073911840270959
67.002093840468135
71.714582764057994
75.033424971196666
80.00229346636003
86.08420037157542
92.748338608570563
97.151787547139307
104.07700276348028
109.31659028552215
119.58784322768365
125.95925879086681
133.40638073391145
142.56113401818871
149.46014264379988
156.62888136833752
169.66468240050384
178.54525541007038
184.29809653923527
195.33576864424913
209.25270448170761
217.78715270805054
227.43587550438554
242.71926253961334
250.64378945151859
265.64335416450302
278.06428924247138
290.77448574641949
304.38213436686885
312.62484884735181
323.91346142020279
336.37642593613401
351.45510488528384
356.90657022105614
367.416402031654
377.60977689759017
390.65373658536106
401.68770021055462
413.92073897763015
422.40574080636969
431.94889554382149
450.98081398136128
461.14452100873541
471.06099604809276
481.96392671963741
497.27994837728346
508.79106973934961
521.71883039275258
538.15728527599526
550.90456657814593
560.89521121390828
574.96518365194913
590.38257042468217
605.57744840819998
621.39782332140055
636.06362485056218
646.61054145936248
663.98106093742888
681.215602822086
696.70963151110425
710.66834955453749
728.6544766827659
742.79367407745167
762.84913294538137
779.49279037867814
793.63198777336379
813.14848090741668
826.54598233805177
844.66808705968947
864.68646112941667
882.61819722028144
903.3312931763362
918.62753627494078
932.47005528400632
954.0212676794381
967.20614960037869
988.03297227092116
1011.1862479487025
1022.7072585902894
1038.8317288487506
1060.5386973966331
1081.1875130358032
1097.6531634377279
1113.3251991581183
1128.9403715212648
1148.5582297704048
1165.194470244061
1180.3052893516531
1200.9046585932199
1222.9701135237269
1236.0140732114978
1249.8170351024805
1266.2208775074009
1281.3539474939146
1297.2657982426813
1317.6377140552725
1329.5814913963682
1346.0941158760161
1360.2901766279458
1373.8854636489941
1386.3583174444461
1394.5639471267266
1405.5830768326391
1416.1497720004807
1425.055068208849
1439.2066272029356
1450.5174906547081
1449.6249831779671
1447.6100424756294
1449.3406663917476
1444.8385718899601
1436.5266324528325
1421.1661090373434
1407.2469481119927
1384.8502023175431
1357.029186706003
1325.6579197465403
1291.4088724465612
1252.5563655297076
1191.4480350515739
1075.7904387373949
941.31107117549004
849.61272682002721
804.49041668706548
769.24502447537816
744.10894825370144
722.43906450402142
694.44251418098941
671.13348235075739
651.80488552759721
626.3523523612588
603.96549584632987
587.28969825459092
579.84307077552239
@ pr_core 146
19365.87940695306
21719.799888060628
23793.087339570229
25664.410980068838
27389.595792450666
29008.470849985231
30528.700344301062
31948.800883470052
33296.462450150095
34596.408243142883
35868.416821489758
37125.591480555617
38378.810427813216
39638.704638747258
40884.506626364346
42129.814150005397
43388.224969011346
44668.886666938815
45979.957899392357
47297.457163534345
48626.081867137087
49977.946377613414
51353.297926951353
52757.081154911226
54191.273917397179
55631.400247595535
57074.4933616501
58534.89271486584
60026.937762547743
61560.517784216485
63099.042445645566
64643.50067478705
66206.995767005836
67804.361641582931
69447.712665931176
71099.964041848012
72760.126841381396
74444.518375740445
76168.219796194171
77888.212736827641
79410.420087047605
80847.57963338976
82255.071341169896
83557.48945404285
84820.103216845077
86084.200371575411
87376.729204927688
88688.047669369247
90006.288629475283
91346.038772538785
92713.231666272171
94110.586862543612
95542.060073161367
96968.588644018804
98400.803550600627
99832.771225194418
101277.84219515312
102738.98324433291
104215.69990875777
105699.83353282313
107189.65349261288
108688.12657198323
110195.00553894615
111700.64834596898
113209.50516883603
114724.29555941549
116246.75014162347
117765.74347599922
119283.99511441091
120804.71907270278
122331.62383069505
123868.41786820802
125408.17868957718
126947.1978149823
128489.18372424362
130037.10320121732
131592.43963783156
133154.94580209829
134718.19366232905
136282.43045051186
137841.72259893437
139395.82287560852
140943.74235258222
142485.23379786752
144019.30828351231
145545.71857752855
147063.4757519642
148572.57980681927
150072.53627811771
151562.85070188349
153043.02861414061
154513.31724687701
155972.7276721407
157421.50712191965
158859.40836422585
160286.1841670713
161701.58729846796
163105.61775841584
164497.78108293895
165878.07727203722
167246.50632571068
168603.06824395934
169947.26856280712
171278.86005026608
172598.08993832418
173904.46376300539
175197.73429232172
176477.65429428514
177744.22376889564
178996.94825217722
180235.58051214181
181459.62608481341
182668.59050621599
183862.2265443615
185039.29803930988
186199.31052708512
187341.27507973512
188464.2027693078
189567.10466785115
190648.99184741304
191709.36984401746
192747.24972971235
193762.63150449769
194756.00963234954
195727.87857724392
196679.4744991209
197612.0335579206
198526.54468159506
199423.74956610834
200304.63713941249
201169.9490974716
202020.6743682377
202857.06018369881
203680.09547180703
204490.52192852637
205288.83401783291
206076.02066767868
206852.08187806368
207618.00657693998
208373.79476430759
209119.69367215454
209856.19776445685
210583.55427320252
211301.76319839159
212011.31900400005
212442.73882308952
@ E_tot_core 146
1.0109544246943385e+51
1.0109445893113914e+51
1.0109396716199176e+51
1.010934753928444e+51
1.0109249185454967e+51
1.0109150831625495e+51
1.0109101654710758e+51
1.0109003300881286e+51
1.0108855770137076e+51
1.0108757416307603e+51
1.0108609885563394e+51
1.0108462354819185e+51
1.0108314824074975e+51
1.010811811641603e+51
1.0107872231842347e+51
1.0107626347268665e+51
1.010742963960972e+51
1.0107183755036037e+51
1.0106790339718145e+51
1.010644610131499e+51
1.0106101862911836e+51
1.0105659270679208e+51
1.0105167501531843e+51
1.010452820164027e+51
1.0103938078663432e+51
1.0103151248027649e+51
1.0102364417391866e+51
1.0101577586756082e+51
1.0100643225376091e+51
1.0099462979422416e+51
1.0098282733468742e+51
1.0097151664429804e+51
1.0095676356987711e+51
1.0094201049545618e+51
1.0092529034444578e+51
1.0090807842428803e+51
1.0088742412009873e+51
1.0086627804676205e+51
1.0084267312768856e+51
1.0081710113202561e+51
1.0079349621295212e+51
1.00770383063026e+51
1.0074677814395251e+51
1.0072415676317374e+51
1.006985847675108e+51
1.0067301277184785e+51
1.006459654687428e+51
1.006184263964904e+51
1.0058892024764854e+51
1.0055597171477512e+51
1.0052253141275434e+51
1.0048663226499676e+51
1.0044778250235497e+51
1.0040598212482899e+51
1.0036172290156619e+51
1.0031598837086131e+51
1.0026681145612487e+51
1.0021714277224107e+51
1.0016108108944152e+51
1.001005934843157e+51
1.0003715526430571e+51
9.9969291121969418e+50
9.9894542211570024e+50
9.9819793301170646e+50
9.973914316100288e+50
9.9651608252772025e+50
9.9555713269035972e+50
9.9455884132120999e+50
9.9351629072879747e+50
9.9239013938133297e+50
9.9122464650207943e+50
9.899411290274583e+50
9.8860351694662721e+50
9.8719213949369147e+50
9.8568240821128283e+50
9.8405957002498033e+50
9.8231870724331041e+50
9.804598198662729e+50
9.7854192019155183e+50
9.7650107822998958e+50
9.7432745859863914e+50
9.7206040282928921e+50
9.6964581631573015e+50
9.6713779366417177e+50
9.6447732257693035e+50
9.6166932074547981e+50
9.5884164814813458e+50
9.5581726789184353e+50
9.5264535689134319e+50
9.4937017436989635e+50
9.4593762572129305e+50
9.4237229940290122e+50
9.3866436003177369e+50
9.3483839606527874e+50
9.3083047751425905e+50
9.2668486360197725e+50
9.223622127966443e+50
9.1789694893857566e+50
9.1336775509134971e+50
9.0862218281928325e+50
9.0370940903711316e+50
8.9867369296810171e+50
8.9342159847425009e+50
8.8797279632145264e+50
8.8235187496707781e+50
8.7651457518786246e+50
8.7046089698380693e+50
8.6423509957817368e+50
8.5772899375854295e+50
8.50947497216388e+50
8.438856922602354e+50
8.3647964890092769e+50
8.2865068407488663e+50
8.203594562503232e+50
8.1148794083186962e+50
8.0199679628773687e+50
7.9191552876676698e+50
7.8120479673717057e+50
7.6987443558189515e+50
7.5801296374746613e+50
7.4581217120135567e+50
7.3349335405987779e+50
7.2135649150292471e+50
7.0973106885923064e+50
6.9880395840479397e+50
6.8864892551171934e+50
6.7924138172263866e+50
6.7045838475071066e+50
6.6232452305330369e+50
6.5482996124747049e+50
6.4785175704636979e+50
6.4129647431200252e+50
6.3514935996994767e+50
6.2937107248841612e+50
6.2395177648446061e+50
6.1885704811776554e+50
6.1406229893096279e+50
6.0953802277521043e+50
6.05235042735772e+50
6.011090995893848e+50
5.9714052257015422e+50
5.9329980552923834e+50
5.895721953922163e+50
5.8594785677614075e+50
5.8243170737248538e+50
5.8047938385744879e+50
@ wall_core 
21.59
@ t_ions 146
0
9.7356097538797427e-05
0.00019515512723705287
0.00029496152939307283
0.00039760347958977318
0.00050396293104532433
0.00061286068688487765
0.00072262964041555026
0.00083420454471558065
0.00094851819731283358
0.0010663811738368695
0.0011884955168715529
0.0013154791803347153
0.0014479090515863574
0.0015834775811864764
0.0017235634321479554
0.0018693497124463885
0.0020219804190499124
0.0021826288821822572
0.0023480488882244364
0.0025189248798069596
0.002696821297228133
0.00288167947397677
0.0030744185187281258
0.0032755370968272856
0.0034814174400844156
0.0036919324377252785
0.0039090376401227575
0.0041348743749351595
0.0043714079702872315
0.004612869552578969
0.0048592688995622371
0.0051129722271882226
0.0053764924176860802
0.0056517556881731023
0.0059329540540418238
0.0062197844049844495
0.0065148769562525053
0.006821018367127351
0.0071304744358842327
0.0074073119244214246
0.0076711058919714881
0.0079313505355947667
0.0081736041157875212
0.0084095217127721361
0.0086466321954842083
0.0088898439953596763
0.0091373580060554894
0.0093870915664245203
0.0096420464462891528
0.009903591530910397
0.010172381929663177
0.010449776750056641
0.010728442678192481
0.011010628596999509
0.011295258953772638
0.011584875963996622
0.011880555180376543
0.012182003270356468
0.012487949126194026
0.012797903860295992
0.013112845247848812
0.013432479956296551
0.013755145767822259
0.014081429347537798
0.01441240624814826
0.014748272024690928
0.015086777794236988
0.015428412444379662
0.015773958195268101
0.016124392822088746
0.016480694100028042
0.01684129758878768
0.017205225513181221
0.017573651203432392
0.017947259102171705
0.018326440319473732
0.018711292632857122
0.019100349379542209
0.019493708337047642
0.019890000620112393
0.020289030673699186
0.020690602942770725
0.021094717427327016
0.021501080794812118
0.021909693045226036
0.022320358623531478
0.022732881974691165
0.023147360876223731
0.023563501995573249
0.023981403110258363
0.024400868665241781
0.024821800883004865
0.025244297541066253
0.025668260861907304
0.026093593068009374
0.026520391936891104
0.026948461913515208
0.027377998552918975
0.027808708522546473
0.028240885154953634
0.028674332895103169
0.029109051742995076
0.029545041698629357
0.029982400539524657
0.030421030488162328
0.030861029322061022
0.031302299263702087
0.031744840313085526
0.032188848025248629
0.032634029067635455
0.033080676772801951
0.033528595585710821
0.033977981061399348
0.034428637644830257
0.034880760891040821
0.035334253022512412
0.035789114039245014
0.036245343941238628
0.036702942728493275
0.037162008178527571
0.037622540291341537
0.038084343511897878
0.038547613395233882
0.039012349941349542
0.039478357595207576
0.039945831911845281
0.040414772891262635
0.040885082755941021
0.04135676150588042
0.04182980914108083
0.042304225661542266
0.042780108844783359
0.043257263135766832
0.043735884089529962
0.044215776151035467
0.044697037097801991
0.04517966692982954
0.045663665647118101
0.04614893547214903
0.046635574182440985
0.047123581777993959
0.047612958258807944
0.048103703624882956
0.048595720098700342
0.048888759322076869
@ M_hot_ions 146
16.365224768392117
24.666360167643475
27.438547726078006
29.923476437635724
33.794387674016107
36.295139232806896
38.216131779698102
44.040917417375923
47.370637831987338
48.168208225329813
53.433755106113445
57.596894552329779
60.073664608282932
67.001846608480122
71.714335532069981
75.033177739208639
79.439593461633592
85.52372545474114
92.467483070183391
96.870190312788083
103.23344722036667
109.31609582154613
119.30624599333244
125.95876432689079
133.40588626993539
142.56063955421268
149.17829817746065
156.34654243802223
168.81717114558194
178.5445137141063
183.73317144661667
195.33453248430902
209.25196278574361
217.22074422350386
227.43463934444543
242.43445128941792
250.6413171316384
265.36150969816373
278.06181692259116
290.48522432043967
303.8110284745498
312.62484884735181
323.91098910032264
336.08963683003441
351.45263256540369
356.90409790117599
366.84282381945479
377.32051547161041
390.64879194560069
399.96696557395711
413.63147755165039
422.11400706050966
431.37284501174207
451.26760308746083
460.56599815677595
471.05357908845218
481.66972065389729
496.98821463142349
508.78365277970914
522.2973532447121
539.0250695539346
550.8946772986252
560.89273889402818
576.4164354216083
592.13050057996156
606.73696643199924
623.43995954241996
640.17262049140277
648.9394667864816
666.61408160980864
684.73865865132655
698.45508934650343
711.23698312697638
731.90310500530791
743.95319210125081
766.107650547444
781.55717747861911
797.19212840080695
814.60962195659647
828.90704782361308
847.92907698163231
869.47040009754335
885.90391034102583
905.70719258117845
919.79694357826077
936.99192834483517
956.10790565830064
969.245813501518
990.38414847696174
1013.9082721367683
1025.3921979801528
1043.0964806420418
1064.5141877639446
1086.320049107034
1099.7348567768302
1116.9298415434046
1130.0207753088987
1154.3780707683222
1169.7732066621338
1184.6046536232666
1209.5033871364471
1226.9604378103195
1239.9327002215655
1258.0152478251205
1273.1903472495969
1287.3295446442826
1304.2056001463152
1322.8172242042262
1335.7474571775094
1351.6321124075944
1370.0385339154514
1381.8883631011008
1394.3018812194287
1407.1208597981042
1415.8926507329434
1427.5348050486584
1445.6494928106556
1456.3472209321462
1459.6823804504941
1462.1522280107827
1468.3676401895273
1469.213173588545
1463.6603431376857
1458.7354819363893
1449.6620679761695
1430.808156570002
1407.4570953018072
1381.4557071220713
1353.5110755165226
1320.6811398277605
1287.7918684618742
1250.9098004895152
1207.9730211306228
1097.2823154557025
965.75242551083932
882.65775433836416
832.23726270220038
798.03271716006441
768.69369714210052
733.92051802752565
703.33050415019636
675.24000567171788
650.11134640968157
628.90378647759314
617.553365907738
616.60152275387293
@ pr_ions 146
19365.87940695306
21719.799888060628
23793.06261637143
25664.16374808082
27389.595792450666
29008.470849985231
30528.453112313044
31948.553651482038
33296.215218162077
34596.161011154865
35867.922357513722
37125.097016579588
38378.31596383718
39638.21017477123
40884.012162388317
42129.07245404135
43387.483273047299
44668.144970974761
45978.968971440292
47296.468235582273
48625.092939185015
49976.95744966135
51352.30899899928
52755.844994971143
54190.037757457096
55630.164087655452
57073.009969721999
58533.409322937739
60025.207138631624
61558.787160300366
63097.064589741429
64641.275586894895
66204.770679113688
67802.136553690783
69444.993114062978
71097.244489979828
72757.160057525194
74441.304359896225
76164.758548361933
77884.751488995404
79406.711607227349
80843.623921581486
82250.868397373604
83553.03927825854
84815.405809072763
86079.255731815079
87371.537333179338
88682.60856563288
90000.355061762879
91339.610740850345
92706.556402595714
94103.417134891119
95534.64311352087
96960.677220402256
98392.644894996061
99824.11810561383
101268.44737960848
102729.34119680025
104205.31616526106
105688.95532535038
107178.03358917609
108676.0122045704
110182.14947556927
111687.29781861606
113195.41294551907
114709.46164013448
116231.17452637841
117749.4261647901
119266.93610723775
120786.91836956555
122312.83419960577
123848.88654115469
125387.65843457179
126925.68863202483
128466.68561333408
130013.61616235573
131567.96367101787
133129.48090733253
134691.49260762322
136254.74046785399
137813.29092031243
139366.4022690345
140913.58005004417
142454.08256737739
143987.41535705811
145513.33118709835
147030.84112954597
148539.69795241303
150039.40719172347
151529.47438350122
153010.14675973434
154480.9298564468
155941.32920966254
157391.09758739357
158830.23498963987
160258.74141640143
161676.36963569024
163082.8724155183
164478.00252389759
165861.75996082809
167233.89749432181
168594.66235636675
169943.56008298689
171280.5906741822
172605.50689796469
173918.06152234634
175218.00731533911
176505.34427694304
177779.57794318206
179040.70831405619
180287.9936936014
181521.68131380563
182740.7822467169
183945.04926034715
185133.98789072037
186306.60920988445
187462.17152187537
188600.1803627171
189719.39957246953
190819.08745516866
191898.25508286234
192955.91352759858
193991.56832540131
195004.97224428254
195996.37251623024
196966.75806919651
197917.36506312146
198849.18242595709
199763.19908565551
200660.15673818078
201540.79707949693
202405.86180556801
203256.58707633411
204092.97289179522
204916.25541189147
205727.17633258685
206525.98288586939
207313.9112316792
208090.71413802827
208857.38053286864
209613.91041620029
210360.55102001131
211097.79680827764
211825.89501298737
212544.84563414048
212967.36510166133
@ E_tot_ions 146
1.0095627180072973e+51
1.0095381295499292e+51
1.0095282941669819e+51
1.0095233764755083e+51
1.0095135410925609e+51
1.00949878801814e+51
1.0094889526351927e+51
1.0094791172522455e+51
1.0094643641778246e+51
1.0094496111034036e+51
1.0094348580289827e+51
1.0094201049545618e+51
1.0094004341886671e+51
1.0093856811142462e+51
1.0093561749654043e+51
1.0093315865080362e+51
1.0093069980506679e+51
1.0092824095932997e+51
1.0092430680615105e+51
1.0092037265297214e+51
1.0091643849979322e+51
1.0091201257746695e+51
1.0090660311684593e+51
1.0089971834878283e+51
1.0089381711901446e+51
1.0088594881265663e+51
1.0087758873715143e+51
1.0086922866164624e+51
1.0085988504784632e+51
1.0084759081916222e+51
1.0083480482133074e+51
1.0082349413094136e+51
1.0080874105652043e+51
1.0079300444380477e+51
1.0077530075449965e+51
1.0075759706519452e+51
1.007359592227105e+51
1.0071382961107909e+51
1.0068924115371087e+51
1.0066219385060584e+51
1.0063760539323762e+51
1.006130169358694e+51
1.0058842847850118e+51
1.0056531532857505e+51
1.005397433329121e+51
1.0051269602980707e+51
1.0048466518840729e+51
1.0045614257786017e+51
1.0042614465987093e+51
1.0039221258870278e+51
1.0035729697923991e+51
1.0032041429318759e+51
1.0028008922310371e+51
1.0023779707643037e+51
1.0019255431487285e+51
1.001448527075785e+51
1.0009370871625261e+51
1.000425647249267e+51
9.9986011272979798e+50
9.9923556591264522e+50
9.9859134832959795e+50
9.9789795383181413e+50
9.9713571165339926e+50
9.9636855178351097e+50
9.9555221499888597e+50
9.9466703053363008e+50
9.9370808069626954e+50
9.9269995394417264e+50
9.9163773258586544e+50
9.9050174585545376e+50
9.8933133528472647e+50
9.8802814704421082e+50
9.8666102881453787e+50
9.8524473367012839e+50
9.8371041393035163e+50
9.8208265805257539e+50
9.8033687757943188e+50
9.7848290789386811e+50
9.7656009052767346e+50
9.7451924856611121e+50
9.7235546431770795e+50
9.7012775008014721e+50
9.6776234048132453e+50
9.6528874167008159e+50
9.6267744749757671e+50
9.599481287297044e+50
9.5718930381299023e+50
9.5423868892880382e+50
9.5117004944925015e+50
9.4801780921464433e+50
9.4471803823582938e+50
9.4131991342754136e+50
9.3777425787504422e+50
9.3414008387602133e+50
9.303288729839473e+50
9.2638488442208492e+50
9.2227369435011873e+50
9.1810840967194241e+50
9.1382018270692491e+50
9.09330330391488e+50
9.047273711721574e+50
8.9996212813419643e+50
8.9500509512876338e+50
8.8990053137912105e+50
8.8459925997053306e+50
8.7908652782857831e+50
8.7335741726178305e+50
8.6747094056783149e+50
8.6128448469398744e+50
8.5486689732088212e+50
8.4819358999114742e+50
8.4119079733267854e+50
8.3380934243073909e+50
8.2601971913648724e+50
8.1771865592897646e+50
8.0892090588262753e+50
7.9968548129512432e+50
7.8981075681604743e+50
7.7931148551981777e+50
7.6816307894906709e+50
7.5653765630537293e+50
7.4448931219494551e+50
7.3230327272325598e+50
7.2025001092135489e+50
7.0869835364976538e+50
6.9791877393953808e+50
6.8782275334414717e+50
6.7853323415043392e+50
6.6989776792271529e+50
6.6174423545941371e+50
6.5434310979157975e+50
6.4736490559047906e+50
6.4086371746232183e+50
6.3477561541795078e+50
6.2907601099999754e+50
6.237304803681466e+50
6.1869968199060899e+50
6.1394427433559536e+50
6.0941508048836933e+50
6.0509242968303638e+50
6.0093698038780732e+50
5.9693397952826122e+50
5.9306375633850348e+50
5.8931647543558684e+50
5.856724660536167e+50
5.837398133044747e+50
@ wall_ions 
32.079999999999998
@ t_noreturn 146
0
9.7356097538797427e-05
0.00019515512723705287
0.00029496152939307283
0.00039760347958977318
0.00050396293104532433
0.00061286068688487765
0.00072262964041555026
0.00083420454471558065
0.00094851819731283358
0.0010663811738368695
0.0011884955168715529
0.0013154791803347153
0.0014479090515863574
0.0015834775811864764
0.0017235634321479554
0.0018693594901982532
0.0020219804190499124
0.0021826288821822572
0.0023480586659763007
0.0025189248798069596
0.0026968310749799973
0.00288167947397677
0.0030744185187281258
0.0032755468745791498
0.0034814272178362799
0.0036919422154771428
0.0039090474178746226
0.0041348841526870237
0.0043714177480390958
0.0046128793303308333
0.0048592884550659656
0.0051129917826919511
0.0053765119731898105
0.0056517850214286959
0.0059329833872974174
0.0062198137382400423
0.0065149160672599623
0.0068210672558866722
0.0071304939913879612
0.0074073314799251539
0.0076711156697233523
0.0079313603133466318
0.0081735943380356578
0.0084095217127721361
0.0086466224177323449
0.0088898342176078129
0.0091373482283036243
0.0093870720109207918
0.0096420366685372877
0.0099034937533917546
0.010172381929663177
0.010449776750056641
0.010728442678192481
0.011010628596999509
0.011295161176253996
0.011584875963996622
0.011880457402857899
0.012182003270356468
0.012487851348675381
0.012797903860295992
0.013112747470330168
0.013432479956296551
0.013755047990303615
0.014081429347537798
0.014412308470629616
0.014748272024690928
0.015086777794236988
0.015428314666861018
0.015773958195268101
0.016124392822088746
0.016480694100028042
0.01684129758878768
0.017205225513181221
0.017573651203432392
0.017947259102171705
0.018326440319473732
0.018711390410375766
0.019100447157060853
0.019493806114566286
0.019890000620112393
0.020288932896180542
0.020690505165252084
0.021094619649808369
0.021500983017293473
0.021909497490188747
0.022320065290975549
0.022732686419653876
0.023147067543667799
0.023563110885498676
0.023980914222665142
0.024400379777648563
0.024821214217893
0.025243710875954388
0.025667576419276795
0.026092810847860217
0.026519511939223306
0.026947581915847413
0.027376923000213889
0.027807632969841387
0.028239614047211259
0.028672964009842147
0.029107585080215412
0.029543575035849694
0.029980738321707705
0.030419270492826736
0.030859171549206782
0.031300245935810558
0.031742786985193998
0.032186501364801168
0.032631682407188001
0.033078036779798564
0.033525857815188791
0.033975047735840029
0.034425606541752286
0.034877436455406925
0.03533073303184122
0.035785398493536534
0.036241432840492867
0.036698836072710218
0.037157705967707233
0.037617944747965266
0.038079552413484319
0.038542528964264376
0.03900697217782411
0.039472686499126219
0.039939965260726622
0.040408515130069413
0.040878433884673215
0.041349819302056681
0.041822573604701159
0.042296599015088018
0.042772091088254541
0.043248854269163431
0.043726986335333347
0.044206487286764275
0.044687259345937577
0.045169498067890543
0.045652910120067239
0.046137691057504961
0.046623840880203687
0.047111261810644789
0.047600051626346923
0.048090112549791418
0.048581542358496932
0.048888759322076869
@ M_hot_noreturn 146
16.365224768392117
24.666360167643475
27.438547726078006
29.923476437635724
33.794387674016107
36.295139232806896
38.215884547710083
44.040917417375923
47.370637831987338
48.168208225329813
53.433755106113445
57.596894552329779
60.073417376294927
67.001846608480122
71.714335532069981
75.032930507220627
79.439346229645579
85.52372545474114
92.467483070183391
96.870190312788083
103.23319998837867
109.3158485895581
119.30624599333244
125.95851709490277
133.4056390379474
142.56039232222466
149.17780371348462
156.34604797404617
169.09852114794518
178.54401925013028
184.01427421699188
195.333790788345
209.25122108977953
217.50258868984309
227.43340318450535
242.43346236146581
250.6413171316384
265.35903737828363
278.05934460271101
290.76954110665912
303.80855615466965
312.61990420759145
323.90604446056227
336.36900897649349
351.45016024552348
356.90162558129583
367.12466828579403
377.59988761806949
390.64384730584038
401.10423271883479
413.91084969810942
422.1065901008692
431.93406162454039
451.26018612782036
461.13463172921479
471.04368980893156
482.23588190645597
497.26016981824205
508.7688188604281
522.56930843153066
539.59123080649317
550.87489873958395
562.03247835878597
576.38676758304632
591.80909899553967
607.87176125699671
624.86896043315755
641.9007720876408
648.89249270875837
668.32739928676574
685.86603651668361
700.75187451518025
711.75122566205152
733.30738269724372
746.82355548212695
768.69864178186094
783.24824427665465
798.57415521382131
815.08430737358901
830.85523588918613
853.4744904728509
871.42600512275715
886.62582774603516
907.03235603694884
921.69815756611047
940.69051888556771
958.26624091368819
977.16218175781864
996.46852770205726
1018.1680792902993
1029.8942924819401
1048.4465808627274
1072.3588587437205
1090.8394498479827
1108.1333274097638
1123.1773938805911
1139.588653245152
1160.0372109740288
1177.0937458273138
1201.2334771372825
1217.8524113717774
1234.2513091369376
1249.1742319336367
1269.3360005564136
1286.7139369941206
1301.2907350075961
1322.5427966975276
1335.843877652836
1356.2874907419523
1376.7286315111883
1389.8615947146454
1404.4853668058443
1422.2094280267747
1435.4857857832815
1456.1939370995758
1472.1799574447475
1485.5947651145439
1499.0713807813443
1516.0413844388231
1525.8564943630936
1533.3253727210836
1544.7821030457862
1561.1241374537024
1572.8800184839051
1580.2401147671681
1583.0906995890025
1593.1925986193726
1591.68942813223
1586.5964491790821
1578.5070185311695
1565.7053461916553
1546.8242392668055
1522.4174974097787
1494.8115736278132
1464.1177223155171
1430.6128432994685
1393.9063100386015
1354.7225122578054
1313.325988184258
1269.926885007774
1224.6191508837994
1170.5025410267835
1027.1252942161511
956.11779493782137
901.93196012416047
873.89832500292596
@ pr_noreturn 146
19365.87940695306
21719.799888060628
23793.06261637143
25664.16374808082
27389.595792450666
29008.470849985231
30528.453112313044
31948.800883470052
33296.215218162077
34596.161011154865
35867.922357513722
37125.344248567606
38378.31596383718
39638.21017477123
40884.012162388317
42129.319686029368
43387.730505035317
44668.392202962779
45979.463435416328
47296.962699558309
48625.587403161051
49977.451913637378
51352.803462975317
52756.58669093519
54191.026685409161
55630.905783619506
57074.246129662082
58534.645482877822
60026.690530559732
61560.517784216485
63099.042445645566
64643.50067478705
66207.242998993854
67804.856105558967
69448.207129907198
71100.952969800084
72761.363001321486
74446.001767668538
76170.197652098301
77890.685056707807
79413.139638915789
80850.79364923398
82258.532589002134
83561.44516585111
84824.553392629387
86089.145011335757
87382.16830866407
88693.981237081665
90012.716661163722
91352.96126820326
92720.895857900687
94118.992750136182
95551.454888706008
96978.972387515518
98412.176222049398
99845.380056583279
101291.43995449405
102754.06439560195
104232.26445195491
105717.63423596034
107209.18481966622
108709.6357549407
110218.49257780774
111726.36047272274
113237.44238348195
114754.95232592958
116280.12646000575
117802.08657823769
119323.55223249362
120847.73743861771
122378.35067643024
123919.34765773949
125463.55865489296
127007.52242005842
128554.70020106809
130108.05878177818
131669.57601809283
133238.757446036
134809.17503391925
136381.07601373061
137948.7740497457
139511.52744600043
141069.3362024948
142620.96415928879
144166.16408439432
145704.44151383539
147235.30198363593
148758.25102981995
150272.79418841138
151778.93145941026
153276.41561082852
154764.50494670216
156243.44669901917
157712.74640380353
159172.65129304325
160622.66690276228
162063.04046494866
163493.27751562634
164913.37805479532
166323.34208245561
167722.92236661923
169112.36613927412
170491.17893644428
171859.60799011774
173217.40606830647
174564.32593902247
175900.36760226573
177225.77829002423
178539.81630633399
179842.48165119495
181134.02155659517
182414.18879054661
183682.24165708522
184938.42738819899
186182.25151991195
187413.71405222407
188632.3205211593
189837.82369472962
191029.72910895903
192207.78953185948
193371.51049945498
194520.15031578141
195652.96728487479
196769.71417474706
197869.64928943419
198951.78370098409
200015.62294542076
201059.93086280409
202084.46022114606
203088.46932448263
204072.20540480182
205035.66846210361
205979.84742434011
206905.73121946334
207814.80323940143
208707.31071614238
209584.73704161431
210447.08221581721
211295.08793471512
212129.24866228408
212950.05886250015
213758.26023132735
214554.59446472974
215340.0504906594
216114.62830911629
216592.28050996491
@ E_tot_noreturn 146
1.0095627180072973e+51
1.0095381295499292e+51
1.0095282941669819e+51
1.0095233764755083e+51
1.0095135410925609e+51
1.0095037057096136e+51
1.0094938703266664e+51
1.0094840349437191e+51
1.0094741995607717e+51
1.0094594464863508e+51
1.0094496111034036e+51
1.009429940337509e+51
1.009415187263088e+51
1.0094004341886671e+51
1.0093807634227726e+51
1.0093561749654043e+51
1.0093365041995098e+51
1.0093119157421415e+51
1.0092774919018261e+51
1.0092430680615105e+51
1.009208644221195e+51
1.0091693026894058e+51
1.0091201257746695e+51
1.0090660311684593e+51
1.0090070188707756e+51
1.0089430888816183e+51
1.0088693235095137e+51
1.008795558137409e+51
1.008711957382357e+51
1.0086086858614105e+51
1.0085004966489903e+51
1.0083972251280438e+51
1.008269365149729e+51
1.0081316697884671e+51
1.007979221352784e+51
1.0078218552256274e+51
1.0076399006411027e+51
1.0074481106736306e+51
1.0072317322487903e+51
1.007000600749529e+51
1.0067891400161622e+51
1.0065776792827956e+51
1.0063662185494289e+51
1.0061645931990095e+51
1.0059432970826955e+51
1.0057170832749078e+51
1.0054761163926994e+51
1.0052302318190172e+51
1.0049695941709141e+51
1.0046843680654427e+51
1.0043843888855503e+51
1.0040696566312373e+51
1.0037254182280821e+51
1.0033664267505061e+51
1.0029779291240882e+51
1.0025795961147231e+51
1.0021419215735688e+51
1.0017042470324146e+51
1.0012223132679973e+51
1.0007010379717911e+51
1.000150256526743e+51
9.99569968932853e+50
9.9893066904127931e+50
9.9828153376675828e+50
9.9758813926897463e+50
9.9684065016498068e+50
9.9603906645477678e+50
9.9519814121278368e+50
9.9430312136458045e+50
9.9335400691016725e+50
9.923655509239647e+50
9.9128365879976315e+50
9.9012800130345679e+50
9.8894775534978232e+50
9.8765932018368761e+50
9.8630695502843559e+50
9.8485623604371065e+50
9.8331699861245998e+50
9.8171383119205217e+50
9.8000247455922411e+50
9.782173525542914e+50
9.7635846517725405e+50
9.743815532048491e+50
9.7233087586033968e+50
9.7016709161193641e+50
9.6793445968290209e+50
9.6565265083913122e+50
9.6322331125115124e+50
9.6068086475927725e+50
9.5810399442708798e+50
9.5537959335068925e+50
9.5255683844481762e+50
9.4965048278389416e+50
9.4666052636791872e+50
9.4352795689920758e+50
9.402822805266026e+50
9.368989087927355e+50
9.3347127783560579e+50
9.2993053997458223e+50
9.2625210675229656e+50
9.2245073124316987e+50
9.1853624883014934e+50
9.1446931798144594e+50
9.103138686862168e+50
9.0599121788088385e+50
9.015308717142888e+50
8.9696233633527365e+50
8.9220692868026002e+50
8.873433318128263e+50
8.8231745112676219e+50
8.7708502739880526e+50
8.7164606062895498e+50
8.6603005696605373e+50
8.6016816872947028e+50
8.5413907898278286e+50
8.4787394004536058e+50
8.4133832807688782e+50
8.3454207846031211e+50
8.2748027350415951e+50
8.200742301448518e+50
8.1226493608470526e+50
8.0405730901519364e+50
7.9550544354252707e+50
7.8648639737986421e+50
7.7705918282488893e+50
7.6706151605897086e+50
7.566261747518985e+50
7.4574824121219837e+50
7.3462934079028955e+50
7.233678273156451e+50
7.1229318611699906e+50
7.0168080791687565e+50
6.9182083651221968e+50
6.8267393037124205e+50
6.7422041872804823e+50
6.6637178313611266e+50
6.5899032823417321e+50
6.5206621863928265e+50
6.4548634744754711e+50
6.3925071465896668e+50
6.3339866180533049e+50
6.2793018888663853e+50
6.2280103667962792e+50
6.1797678134398332e+50
6.1340824596496817e+50
6.1084121101572607e+50
@ wall_noreturn 
33.020000000000003
