# F13b: n_H-weighted stage fractions in log T bins (mid) of M6_rad_snr/F13_series/run_ions
# snr.out2.00006 (row 0) and .00009 (row 1), one row per stage, and the CHIANTI v11 CIE
# fractions (cie_logT, cie) of inputs/tables/chianti_v11/ioneq_<el>.txt; t [code]
@ mid 35
4.0499999999999998
4.1499999999999995
4.2499999999999991
4.3499999999999988
4.4499999999999984
4.549999999999998
4.6499999999999977
4.7499999999999973
4.849999999999997
4.9499999999999966
5.0499999999999963
5.1499999999999959
5.2499999999999956
5.3499999999999952
5.4499999999999948
5.5499999999999945
5.6499999999999941
5.7499999999999938
5.8499999999999934
5.9499999999999931
6.0499999999999927
6.1499999999999924
6.249999999999992
6.3499999999999917
6.4499999999999913
6.5499999999999909
6.6499999999999906
6.7499999999999902
6.8499999999999899
6.9499999999999895
7.0499999999999892
7.1499999999999888
7.2499999999999885
7.3499999999999881
7.4499999999999877
@ t_0 
0.030216619372367859
@ prof_C_0 3 35
0.00031980216743242079 0.00049735995805672635 0.00071415929767777394 0.0012601988970088632 0.0012190707146402585 0.00039619447972970062 1.108116100624298e-06 3.0050022468551046e-09 3.2599517174434105e-09 5.212824941556571e-09 -5.0203842758329197e-09 -2.5638455728267672e-09 3.6262298915846625e-09 1.5106298655408701e-09 1.0450131326539277e-09 2.1356259220014214e-09 -1.3373050494372875e-09 -5.9559348180402794e-09 1.3094121190863445e-08 2.4272586374788765e-08 2.5214952937899061e-08 2.5258006282631729e-08 2.5261377024440611e-08 2.5262067651803638e-08 2.5262103298118177e-08 2.526210329811818e-08 2.5262103298118174e-08 2.5262103298118177e-08 2.5262103298118174e-08 2.5262103298118174e-08 2.5262103298118177e-08 2.5262064101744054e-08 2.5261740179273687e-08 2.5261588154634751e-08 nan
0.96257247630230758 0.94200168986544952 0.91477552145011864 0.85208243433111719 0.8322095245017177 0.75839749052975169 0.57916822617695618 0.33135872534691879 0.1411388256280004 0.04599385587594184 0.015993207715349469 0.0054267168255610699 0.0017277668217836131 0.00051426836316394641 0.00010261954873722393 2.8888577742118908e-05 5.5298537300609532e-06 5.132026234215106e-07 1.5601514231486577e-08 9.8953857284063802e-10 4.7172007658941936e-11 4.1186681904794432e-12 7.4792222018008146e-13 5.7309181634519348e-14 2.1684043449710089e-14 2.1684043449710086e-14 2.1684043449710082e-14 2.1684043449710086e-14 2.1684043449710082e-14 2.1684043449710086e-14 2.1684043449710086e-14 6.0866328265770964e-14 3.8477952167298651e-13 5.3673971510248977e-13 nan
0.037107721530259978 0.057500950176493745 0.084510319252203578 0.14665736677187394 0.16657140478364199 0.24120631499051853 0.42083066570694327 0.66864127164807896 0.85886117111204807 0.9540061389112332 0.98400679730503482 0.99457328573828474 0.99827222955198669 0.99948573012620623 0.99989737940624968 0.99997110928663202 0.99999447148357501 0.99999949275331135 0.99999997130436458 0.99999997473787505 0.99999997473787516 0.99999997473787516 0.99999997473787516 0.99999997473787516 0.99999997473787494 0.99999997473787505 0.99999997473787494 0.99999997473787516 0.99999997473787494 0.99999997473787505 0.99999997473787505 0.99999997473787505 0.99999997473787494 0.99999997473787494 nan
@ prof_Si_0 3 35
1.4093397396236053e-05 0.0053121279563830507 0.0025204415897694711 0.023321872398312016 0.00045048051990056158 -7.117300350719634e-10 6.2043034910711424e-09 5.410528803819925e-09 2.9954609832061477e-07 4.923447852895141e-12 -5.1947514008904207e-09 3.8581163887480462e-10 1.7989232578904893e-10 -1.8416540845907721e-09 -9.9656312451562711e-10 -4.8195418494687224e-09 -2.1881907772919487e-10 -2.7691504196277401e-09 3.8446165388988987e-09 8.8392339962256087e-09 9.1950516384224043e-09 9.2100699511850001e-09 9.2101775095443389e-09 9.2101775095443389e-09 9.2101775095443405e-09 9.2101775095443372e-09 9.2101775095443372e-09 9.2101775095443372e-09 9.2101775095443356e-09 9.2101775095443372e-09 9.2101775095443372e-09 9.2101775095443372e-09 9.2101775095443372e-09 9.2101775095443372e-09 nan
0.99837559720770341 0.97742915970035515 0.97003323774971206 0.77391728036738017 0.65906331329051371 0.33528374325816168 0.084973281668806244 0.032374889648228961 0.012712099753259008 0.0030847241452246509 0.0013147295917418601 0.00051756162138923796 0.00021473407135889333 7.7118136399442687e-05 1.8194137963466402e-05 5.8119110631014832e-06 1.313858640416773e-06 1.4184899334447132e-07 5.3676017830377104e-09 3.7298432579486631e-10 1.7166684328979542e-11 2.1484033173783735e-12 2.0408511482080089e-12 2.0408511482080085e-12 2.0408511482080085e-12 2.0408511482080085e-12 2.0408511482080085e-12 2.0408511482080085e-12 2.0408511482080081e-12 2.0408511482080085e-12 2.0408511482080085e-12 2.0408511482080085e-12 2.0408511482080085e-12 2.0408511482080085e-12 nan
0.001610309394900297 0.017258712343261907 0.027446320660518282 0.20276084723430768 0.3404862061895858 0.66471625745356833 0.91502671212689013 0.96762510494124232 0.9872876007006427 0.99691527584985185 0.99868527560300946 0.99948243799279934 0.99978526574874893 0.99992288370525462 0.99998180685859983 0.99999419290847869 0.99999868636017863 0.99999986092015725 0.99999999078778179 0.99999999078778157 0.99999999078778179 0.99999999078778179 0.99999999078778179 0.99999999078778168 0.99999999078778146 0.99999999078778168 0.99999999078778146 0.99999999078778168 0.99999999078778146 0.99999999078778157 0.99999999078778168 0.99999999078778168 0.99999999078778157 0.99999999078778157 nan
@ prof_O_0 4 35
0.94598771545774352 0.87841563976875947 0.80959913886899315 0.33349198210388775 0.2476239488524255 0.084767606622934824 0.0058756091499272594 7.6612940522892709e-06 5.0924580138784289e-07 -5.4307144690307747e-10 -8.9104455665829186e-10 2.1126877380861381e-09 -4.2748250165244964e-10 -1.8888838562130381e-09 2.6007803839027835e-09 2.9794247441394633e-09 -7.6535630426941435e-10 -8.0415303499936879e-10 6.6706922315530391e-10 5.5999419715154593e-09 2.3655263427781781e-08 2.5198001455663414e-08 2.5256328321836187e-08 2.5261280763828087e-08 2.5261985358699706e-08 2.5262086301335871e-08 2.5262095801481496e-08 2.5262096532884219e-08 2.5262096578887286e-08 2.5262096488071381e-08 2.5262096285587686e-08 2.5255264403781501e-08 2.5207189910338012e-08 2.516793862206157e-08 nan
0.053551820839907449 0.12132586429127071 0.19029202309016949 0.66635388251590055 0.75127700380953411 0.90637036946623772 0.92973238525513435 0.8050155995277255 0.51571608649433587 0.20171828877203316 0.084778777180205156 0.034613480404714965 0.01187727177244687 0.0038126614731008846 0.00092708672739476642 0.00027696306104056287 5.7050282977046429e-05 5.5193972926509575e-06 2.4427895793770977e-07 1.3820029963924224e-08 4.2911219724215188e-10 1.2095371914752047e-11 3.8072436085028688e-13 1.6657436573145672e-14 1.0842021724855044e-14 1.0842021724855043e-14 1.0842021724855041e-14 1.0842021724855043e-14 1.0842021724855041e-14 1.0842021724855043e-14 1.0842021724855043e-14 2.2479034488229286e-12 1.7910839865509567e-11 3.0530654074181014e-11 nan
0.00046030098034734461 0.00025846033872959349 0.00010883032344926443 0.00015413425274487958 0.0010985780464614198 0.0088469636652752353 0.063294094113767158 0.18690273039975194 0.45849648336877297 0.70504616996642466 0.63084514736976482 0.39619554078536728 0.15165558756636377 0.043312547173578825 0.0078832534981407958 0.0014075018402922729 0.00019674979051102125 1.642046530410446e-05 6.6311274549592997e-07 3.5537311081461904e-08 1.1777493210541119e-09 5.2028118890619407e-11 5.4159001431315301e-12 8.2752498013390085e-13 1.2874430272725164e-13 2.7803771130810463e-14 1.8303150543806654e-14 1.7562440434238039e-14 1.7532568204151476e-14 1.7628435292566593e-14 1.7825292636745794e-14 4.6126394062203757e-12 3.7024201894667384e-11 6.3655627128992101e-11 nan
1.6272200174841187e-07 3.560124038927332e-08 7.717388105855802e-09 1.1274667049285061e-09 4.6929157893039898e-07 1.5060245552163362e-05 0.0010979114811712797 0.0080740087784704276 0.025786920891089752 0.093235541804613631 0.28437607634107454 0.56919097669723018 0.83646714108867193 0.95287479324220414 0.99118965717368412 0.99831553211924251 0.99974620069186815 0.99997806094155617 0.99999909194122749 0.99999994504271705 0.99999997473787516 0.99999997473787516 0.99999997473787516 0.99999997473787516 0.99999997473787494 0.99999997473787505 0.99999997473787494 0.99999997473787516 0.99999997473787494 0.99999997473787505 0.99999997473787505 0.99999997473787505 0.99999997473787494 0.99999997473787494 nan
@ prof_S_0 4 35
0.00015849408032232162 0.00045225431400376317 0.00076594102177359271 0.00092464977519310907 0.00039284272828451236 9.190106778067972e-06 1.9248397415996633e-09 -4.5734630810701828e-09 1.8434021082968539e-09 1.4709736856313345e-11 -1.641759629621578e-09 -1.2061663733174932e-09 1.3485876035951876e-09 2.1127959064852465e-09 9.8216266296855053e-10 5.1569395222101274e-10 3.0986083733603339e-09 1.1612007049416083e-08 -2.6927772425833739e-08 -2.5075632636490419e-08 -2.4927709263554215e-08 -2.491790868704404e-08 -2.4917534172448032e-08 -2.4917507199124396e-08 -2.4917493397173943e-08 -2.4917482020152441e-08 -2.4917473117232741e-08 -2.4917466769788625e-08 -2.491746216650155e-08 -2.4917458912103144e-08 -2.491745706299403e-08 -2.4917456399165157e-08 -2.4917456604564526e-08 -2.4917457208673e-08 nan
0.69479585065560523 0.61840445893775287 0.56479447191587462 0.4693220115667327 0.43471710613507275 0.3498637184408514 0.20249206188768107 0.09089419982159827 0.032917725144176763 0.0090170223046770887 0.0031243157058817861 0.00093504102934530826 0.00023119864583144844 4.760714833233347e-05 4.3552057117255933e-06 7.3075930197675596e-07 6.7938902384615982e-08 3.1577417261810324e-09 1.2598242220258591e-11 4.5858471270534349e-13 2.392722035830079e-13 2.392722035830079e-13 2.3927220358300785e-13 2.3927220358300785e-13 2.392722035830079e-13 2.3927220358300785e-13 2.392722035830078e-13 2.3927220358300785e-13 2.3927220358300785e-13 2.3927220358300785e-13 2.3927220358300785e-13 2.3927220358300785e-13 2.3927220358300785e-13 2.3927220358300785e-13 nan
0.30504380273430926 0.38114111877981455 0.43443844964748457 0.52974043645782043 0.56482045942633374 0.64891489484778098 0.7797324252391058 0.81468020688529019 0.64312274559020077 0.33379259041220138 0.14324033756792945 0.05002505828045694 0.011006687247492564 0.0015371014993392005 8.0340626884023133e-05 6.6311621528055055e-06 4.8922645032962629e-07 3.117292245483228e-08 1.9982809682631472e-09 1.5828083380191862e-10 1.0576779156827252e-11 7.7619942721014505e-13 4.0168410453788104e-13 3.7472070598359316e-13 3.6091061284912219e-13 3.4953112572290922e-13 3.4062878362090081e-13 3.3428822567721704e-13 3.2967089277947446e-13 3.2640613238321629e-13 3.2457156979475804e-13 3.2393630637515506e-13 3.2409058636725544e-13 3.2482572588426481e-13 nan
1.8525297630409175e-06 2.1679684288288193e-06 1.1374148671560092e-06 1.2902200253680889e-05 6.9591710309078095e-05 0.001212196604589595 0.017775510948373503 0.094425597866574562 0.32395952742222034 0.65719038726841184 0.85363534836794841 0.94903990189636434 0.98876211275808845 0.99841528923953249 0.99991530318524169 0.99999263756285139 0.99999943973603866 0.99999995405732878 1.0000000249168932 1.0000000249168932 1.0000000249168934 1.0000000249168932 1.0000000249168932 1.0000000249168932 1.000000024916893 1.0000000249168932 1.000000024916893 1.0000000249168932 1.0000000249168932 1.0000000249168932 1.0000000249168934 1.0000000249168932 1.000000024916893 1.0000000249168932 nan
@ prof_N_0 4 35
0.63561785775636392 0.42659358293223648 0.19235086218750086 0.0070170202483181643 0.0063522582658755832 0.010575807606381825 0.0048694044953528992 5.5199105805037587e-05 8.4950188000504855e-07 9.5747370440990658e-10 -2.8706840932708182e-09 -4.0353168894882904e-10 4.307360022455022e-09 -5.9049684989393963e-10 5.5451145828993597e-09 -7.8568537269156549e-09 -3.4089197037809497e-09 3.5002387370418198e-09 -3.1465800248246866e-09 3.2537030555473042e-08 -4.6432245771089413e-08 -4.4241010390076237e-08 -4.3706757992025679e-08 -4.3586906806443693e-08 -4.3567485832452957e-08 -4.3564954732754437e-08 -4.3564680627969181e-08 -4.3564649763437668e-08 -4.3564644915927337e-08 -4.3564643583387764e-08 -4.3564642873016317e-08 -4.3564642329169667e-08 -4.3564641764034605e-08 -4.3564641227789025e-08 nan
0.36230324473652287 0.5709534785320266 0.80583823805582167 0.9884116669917633 0.98310380630309135 0.94631694273433165 0.84019707840924251 0.66338669268876582 0.37618788551359511 0.13656224373715872 0.055932807261939638 0.02183337623128493 0.0068953269411933431 0.0019540378991278191 0.00038523829258310367 9.7998885092653566e-05 1.6337391956046903e-05 1.206904054336329e-06 2.7837626333977713e-08 1.1973125726867667e-09 2.8769817569160086e-11 7.0403210818625521e-13 5.4557041165651954e-14 4.6884418269643422e-14 4.6884418269643434e-14 4.6884418269643434e-14 4.6884418269643434e-14 4.6884418269643434e-14 4.6884418269643428e-14 4.6884418269643434e-14 4.6884418269643434e-14 4.6884418269643434e-14 4.6884418269643434e-14 4.6884418269643434e-14 nan
0.0020785720387021859 0.0024529115548990519 0.0018108985215487838 0.0045713126879683525 0.010543914638293503 0.043106326466425766 0.1547558819092385 0.33364222037478808 0.59485602410432381 0.70349763999832537 0.54183121335363338 0.31179505120783579 0.11067639657377611 0.022297692769812475 0.0024827307718829463 0.00046171705780674019 6.5791014278399298e-05 4.6045982986186935e-06 1.4137240064701202e-07 1.3987936060962237e-08 2.8389746156806097e-09 6.758050141485469e-10 1.4220209386216192e-10 2.2358588860831095e-11 2.937608883304778e-12 4.0650852934246164e-13 1.324088164737574e-13 1.015370200164925e-13 9.6690873376876256e-14 9.5375448333760642e-14 9.4643893910253435e-14 9.4093973812652929e-14 9.3487626838713354e-14 9.2946093638939014e-14 nan
3.2546841113679568e-07 2.6980837968010292e-08 1.2351286301995647e-09 7.1950239073972937e-11 2.0792739599903524e-08 9.2319286066450269e-07 0.00017763518616601307 0.0029158878306410666 0.028955240880201183 0.15994011530704225 0.40223598225511115 0.66637157296441107 0.88242827217767073 0.97574826992155661 0.99713202539041945 0.99944029191395434 0.99991787500268514 0.99999418499740833 0.99999983393655312 0.99999995227772087 1.0000000435645016 1.0000000435645013 1.0000000435645013 1.0000000435645013 1.0000000435645013 1.0000000435645013 1.0000000435645013 1.0000000435645013 1.0000000435645013 1.0000000435645013 1.0000000435645013 1.0000000435645013 1.0000000435645011 1.0000000435645013 nan
@ t_1 
0.045220784842967987
@ prof_C_1 3 35
0.0049761094890939904 0.007391611959848457 0.009750247614705233 0.013095447341284571 0.022052907121741457 0.031792833899338596 0.033066764701553647 0.021426742842906368 0.012110838173061567 0.025837402489960349 0.0028604275915418741 -2.9442415536451239e-10 -4.3759582096989066e-09 -2.3655235217906743e-09 4.2300106518815497e-10 -5.4347501487191746e-09 7.9768167940863572e-09 2.34419715437111e-08 2.4795908719819825e-08 2.514737791015748e-08 2.5242878849288964e-08 2.5259631450733354e-08 2.5261739484891238e-08 2.5262086533078613e-08 2.526210329811818e-08 2.526210329811818e-08 2.5262103298118174e-08 2.526210329811818e-08 2.5262103298118174e-08 2.5262103298118177e-08 2.5262103298118177e-08 2.5262103298118174e-08 2.5262103298118177e-08 nan nan
0.94706564807816263 0.91655430225875045 0.84718919080351329 0.82122843165991177 0.76483939508762011 0.55964145138543031 0.29503667244684811 0.17879371707504382 0.091025477780683442 0.035036891808918259 0.011688358902138256 0.00294299483291104 0.00056036803625097379 5.0484359770740129e-05 6.6813839209695971e-06 6.2118666341302108e-07 4.7483524194924864e-08 1.820153404294492e-09 4.6621622726134616e-10 1.1474703756047986e-10 1.9246098051670517e-11 2.4934971798938899e-12 3.8546193272821675e-13 3.8430263334298221e-14 2.1684043449710089e-14 2.1684043449710089e-14 2.1684043449710086e-14 2.1684043449710089e-14 2.1684043449710089e-14 2.1684043449710086e-14 2.1684043449710086e-14 2.1684043449710082e-14 2.1684043449710086e-14 nan nan
0.04795824243274336 0.076054085781401146 0.14306056158178149 0.16567612099880366 0.21310769779063835 0.40856571471523118 0.67189656285159827 0.79977954008204966 0.89686368404625505 0.93912570570112142 0.98545121350631992 0.9970570054615131 0.99943963633970723 0.99994951800575282 0.99999331819307824 0.99999938424808676 0.9999999445396589 0.99999997473787494 0.99999997473787505 0.99999997473787516 0.99999997473787505 0.99999997473787516 0.99999997473787516 0.99999997473787494 0.99999997473787505 0.99999997473787527 0.99999997473787505 0.99999997473787527 0.99999997473787505 0.99999997473787494 0.99999997473787505 0.99999997473787494 0.99999997473787494 nan nan
@ prof_Si_1 3 35
0.0011269483772988445 0.0052268209600735008 0.012704665027989859 0.010725024217865677 0.0046497759496841326 0.010537847329837799 0.0070298678478464037 -9.8688963660493824e-10 0.0058857936471542038 0.0025347630655752191 2.5421442801694849e-09 6.5017329367002203e-10 5.1349943613437862e-09 -4.2060223995260572e-09 6.2115901214014986e-11 -4.4787470908345737e-09 -5.8117790974162096e-09 8.2267421224423566e-09 9.1896319355576474e-09 9.2101584381112105e-09 9.2101775095443356e-09 9.2101775095443372e-09 9.2101775095443389e-09 9.2101775095443389e-09 9.2101775095443372e-09 9.2101775095443389e-09 9.2101775095443389e-09 9.2101775095443389e-09 9.2101775095443372e-09 9.2101775095443372e-09 9.2101775095443372e-09 9.2101775095443372e-09 9.2101775095443372e-09 nan nan
0.97437336018067311 0.9185046895024418 0.34162136091165285 0.14138233710511297 0.063082175429834159 0.053035107672195533 0.056152781604940999 0.047146233245462271 0.019193040929438597 0.0022756980127447454 0.00048068426470884436 0.00014868755337008968 2.296347507614447e-05 2.3854930103173143e-06 3.5443548086599257e-07 9.7744064155147821e-08 2.4563349203500772e-08 9.8547619927866461e-10 2.2586387206778087e-11 2.059920379621932e-12 2.0408511482080089e-12 2.0408511482080085e-12 2.0408511482080089e-12 2.0408511482080081e-12 2.0408511482080085e-12 2.0408511482080089e-12 2.0408511482080085e-12 2.0408511482080089e-12 2.0408511482080085e-12 2.0408511482080081e-12 2.0408511482080089e-12 2.0408511482080085e-12 2.0408511482080081e-12 nan nan
0.024499691442028081 0.076268489537484552 0.64567397406035731 0.84789263867702136 0.93226804862048174 0.93642704499796658 0.9368173505472126 0.95285376774142727 0.97492116542340734 0.99518953892168005 0.99951931319314702 0.99985131179645659 0.99997703138992944 0.99999761871301207 0.99999964550240317 0.99999990673468298 0.99999998124842981 0.99999999078778168 0.99999999078778168 0.99999999078778168 0.99999999078778168 0.99999999078778168 0.99999999078778168 0.99999999078778157 0.99999999078778168 0.99999999078778179 0.99999999078778168 0.9999999907877819 0.99999999078778168 0.99999999078778157 0.99999999078778168 0.99999999078778157 0.99999999078778157 nan nan
@ prof_O_1 4 35
0.70816435865934513 0.44964735836848407 0.081791580312768022 0.020780847738481028 0.014897466960938837 0.011137974172554535 0.0091164656719582328 0.0089664193031047997 0.0071776119437723948 0.0061354595856293612 0.00035104409225011495 -8.9318121419083732e-11 -3.6128062915736319e-10 -2.7714595321736479e-09 1.105426378650107e-10 -1.6417137393408973e-09 4.1590057213045284e-09 5.3218645775089793e-09 3.162628904787043e-09 2.3592073878033103e-08 2.508187224366454e-08 2.5236892812252165e-08 2.5257321625933243e-08 2.5261303930854925e-08 2.5261993971203563e-08 2.5262086926025978e-08 2.526209577948092e-08 2.5262096520051021e-08 2.5262096537873924e-08 2.526209646573777e-08 2.5262094863426898e-08 2.5262033492354e-08 2.52619286056298e-08 nan nan
0.29183222138226445 0.55026527874029874 0.8802187354546317 0.82261489118331155 0.65970444773325199 0.54881302248688757 0.44147192009752517 0.28372296697568045 0.12787323747650839 0.055168143817986889 0.021802578347147064 0.0083463927500552846 0.0019292603191629722 0.00036407661632480539 0.00010032660229194887 1.7745331126925884e-05 9.2125367144006808e-07 8.9669073116079053e-09 3.1081479650031542e-10 9.0866413582308002e-12 5.221117937637536e-13 1.8762908210645697e-14 1.0853138698188987e-14 1.0842021724855043e-14 1.0842021724855044e-14 1.0842021724855044e-14 1.0842021724855043e-14 1.0842021724855044e-14 1.0842021724855044e-14 1.0842021724855043e-14 1.1168604710051924e-14 2.9886171159716655e-14 6.3822460270303554e-14 nan nan
3.4196762284687965e-06 8.728008968373306e-05 0.037591037481547178 0.14800766948854602 0.28497082389277784 0.36980256657707855 0.48808444002112694 0.63974591882747256 0.73503945471026078 0.6802722759195664 0.46392844745809425 0.23460940345355419 0.086783186263000342 0.018493599750722161 0.00298345553279032 0.00033632896456944314 9.8689228859004057e-06 3.2509678263027821e-07 2.2486754800448275e-08 1.6609644271310503e-09 1.7973059189705902e-10 2.5213371033678817e-11 4.7924675240710922e-12 8.1017317854451889e-13 1.2013660002621289e-13 2.7180959049908502e-14 1.8324401390283809e-14 1.7573263139069728e-14 1.7543802710524878e-14 1.7646446041716705e-14 1.8921137902385717e-14 6.1566499183306109e-14 1.3252129887481792e-13 nan nan
2.8216173952483461e-10 8.2801533471815274e-08 0.00039864675105305287 0.0085965915896613846 0.040427261413031317 0.070246436763479192 0.061327174209389559 0.067564694893742061 0.12990969586945844 0.25842412067681719 0.51391793010250875 0.75704420388570848 0.9112875537791173 0.98114232640441257 0.99691621775437511 0.99964592734601732 0.99998920566443694 0.99999966061444534 0.99999997403980156 0.99999997473787516 0.99999997473787505 0.99999997473787516 0.99999997473787516 0.99999997473787494 0.99999997473787505 0.99999997473787527 0.99999997473787505 0.99999997473787527 0.99999997473787505 0.99999997473787494 0.99999997473787505 0.99999997473787494 0.99999997473787494 nan nan
@ prof_S_1 4 35
0.0060695023941564098 0.0097038960105089913 0.0095863677000370389 0.011454969912841433 0.018176450126472742 0.011620817320606738 0.008883123366738516 0.012556680758715045 0.0039303685962596346 0.0001059455039185827 -1.0343642939658174e-09 -2.2060275431070528e-09 9.1776712664310965e-10 -1.349980797198193e-10 9.6222438976973931e-10 -3.4948210518799301e-09 -7.7662084788317617e-09 1.3483465306685788e-08 -2.7052687882288275e-08 -2.5092991326202816e-08 -2.4928132513705527e-08 -2.4917916475398401e-08 -2.4917536008545358e-08 -2.4917507533503186e-08 -2.4917493468555339e-08 -2.4917482327107421e-08 -2.4917473944380395e-08 -2.4917467669765238e-08 -2.491746293099064e-08 -2.4917459944259874e-08 -2.4917458522681007e-08 -2.4917458135740786e-08 -2.4917458594120531e-08 nan nan
0.86238635871651304 0.75713536569954298 0.58533260075456484 0.46390653367649037 0.31975907600305603 0.15353534429283905 0.059242334007190402 0.02318423040781464 0.0083650520422583977 0.0034108021614773104 0.0011658658131796225 0.00037074855742977872 6.8833678538843314e-05 6.4049148071453808e-06 1.3854309665189788e-06 2.5521999994131298e-07 8.6269977899309829e-09 3.749129281082364e-11 1.5722445641075154e-12 2.3936070101566874e-13 2.3927220358300785e-13 2.3927220358300785e-13 2.392722035830079e-13 2.3927220358300785e-13 2.3927220358300785e-13 2.392722035830079e-13 2.3927220358300785e-13 2.3927220358300785e-13 2.3927220358300785e-13 2.3927220358300785e-13 2.3927220358300785e-13 2.3927220358300785e-13 2.3927220358300785e-13 nan nan
0.13154411902881039 0.23315822745562079 0.4028446202602583 0.51143087962240863 0.63611249878014831 0.80202563172321417 0.82553823778556323 0.71509154662286012 0.48776488533785484 0.2948002728173405 0.11215970521635474 0.032400152683578425 0.0085297873391012042 0.00090820561020957139 3.4848220736319321e-05 3.5560123776647627e-06 1.8358367107117346e-07 1.673630719443284e-08 2.1342224221569476e-09 1.7585875295717412e-10 1.1000031211169747e-11 7.8398832935298659e-13 4.035195627662549e-13 3.7504703160200241e-13 3.6098396257187198e-13 3.4983484715367465e-13 3.4145172474776485e-13 3.3518337345634423e-13 3.3044245687861315e-13 3.2745239489218446e-13 3.2603515550829891e-13 3.2567851432210858e-13 3.2606565087201745e-13 nan nan
1.9860520282885659e-08 2.510834327203865e-06 0.0022364112851397753 0.013207616788259489 0.025951975090322956 0.032818206663339962 0.10633630484050792 0.24916754221061005 0.4999396940236272 0.70168297951726366 0.88667443000483015 0.96722910096501913 0.99140137806459283 0.99908538960998139 0.99996376538607279 0.99999619226244341 0.99999981555553952 0.99999996974273619 1.0000000249168932 1.0000000249168932 1.0000000249168932 1.0000000249168932 1.0000000249168934 1.0000000249168932 1.0000000249168932 1.0000000249168932 1.0000000249168932 1.0000000249168934 1.0000000249168932 1.0000000249168932 1.0000000249168932 1.000000024916893 1.000000024916893 nan nan
@ prof_N_1 4 35
0.62886247066901024 0.32200336065552304 0.074502281703140744 0.014549554624736243 0.022316909897049014 0.024148023109547233 0.022769771469312024 0.018392566568200836 0.01305801852477791 0.0099791840623305785 0.00074938589390852878 -1.9810215055310208e-09 -1.6889004940115617e-10 4.7358011808984749e-10 -1.1554702177308398e-09 1.8777837021353498e-09 1.6085159681847383e-09 2.6393495822983062e-09 3.4946195469906143e-09 2.9719213441236765e-08 -4.6357589338027862e-08 -4.4245009896422164e-08 -4.3712348820118912e-08 -4.3586796336757714e-08 -4.3567266612370034e-08 -4.3564938023897049e-08 -4.356468131579449e-08 -4.3564649971929594e-08 -4.3564644838902436e-08 -4.3564643595442386e-08 -4.3564642959420659e-08 -4.3564642412039103e-08 -4.356464189392284e-08 nan nan
0.37110769194287668 0.6776423873348516 0.848917843952399 0.78770323425263145 0.70706103966463218 0.66514192135797356 0.48808586056591863 0.30544418885333785 0.13576145309726054 0.055591453351198153 0.020538942615406057 0.0074660468415859715 0.0017542957421951347 0.00027351773688831684 5.7790003289233734e-05 6.9311438859022801e-06 3.7817259165493342e-07 1.2311139069074514e-09 5.7186076432234274e-11 5.3987385239269836e-12 8.4994660478867467e-13 1.2920510044624608e-13 4.6884418269643447e-14 4.6884418269643434e-14 4.6884418269643428e-14 4.6884418269643441e-14 4.6884418269643434e-14 4.6884418269643441e-14 4.6884418269643434e-14 4.6884418269643428e-14 4.6884418269643434e-14 4.6884418269643434e-14 4.6884418269643428e-14 nan nan
2.9837154091949255e-05 0.00035420444158151154 0.076413136266879136 0.19386852104485602 0.25179573619801893 0.27846262263361737 0.45859300332659525 0.62903170845568179 0.70987776359030597 0.63101206571385715 0.40741920286656191 0.20500461131797296 0.072163063438008782 0.0085658778778149366 0.00061572626983271372 6.3305947494701504e-05 3.6967934009433839e-06 2.8748837553882055e-07 5.3029044016196453e-08 1.0794947565340935e-08 2.7922380528814387e-09 6.8037934951188225e-10 1.4780059586789794e-10 2.2248112031375494e-11 2.7183894878685189e-12 3.8980310071970261e-13 1.3309267325923018e-13 1.0174870972847788e-13 9.6618328517051024e-14 9.5376925067528928e-14 9.4732078808191868e-14 9.4194222989308275e-14 9.3701777160661478e-14 nan nan
2.340210455204109e-10 4.7568043817549712e-08 0.00016673807758098627 0.0038786900777763368 0.018826314240299749 0.032247432898861832 0.030551364638174108 0.047131536122779309 0.14130276478765569 0.30341729687261421 0.57129246862412353 0.78752934382146234 0.92608264098868609 0.99116060391171656 0.99932648488234821 0.99992976103083575 0.99999592342549126 0.99999970864116094 0.99999994341915044 0.99999995948044018 1.0000000435645013 1.0000000435645013 1.0000000435645016 1.0000000435645013 1.0000000435645013 1.0000000435645016 1.0000000435645016 1.0000000435645016 1.0000000435645013 1.0000000435645013 1.0000000435645013 1.0000000435645013 1.0000000435645013 nan nan
@ cie_logT_C 121
3
3.0499999999999998
3.1000000000000001
3.1499999999999999
3.2000000000000002
3.25
3.2999999999999998
3.3500000000000001
3.3999999999999999
3.4500000000000002
3.5
3.5499999999999998
3.6000000000000001
3.6499999999999999
3.7000000000000002
3.75
3.7999999999999998
3.8500000000000001
3.8999999999999999
3.9500000000000002
4
4.0499999999999998
4.0999999999999996
4.1500000000000004
4.2000000000000002
4.25
4.2999999999999998
4.3499999999999996
4.4000000000000004
4.4500000000000002
4.5
4.5499999999999998
4.5999999999999996
4.6500000000000004
4.7000000000000002
4.75
4.7999999999999998
4.8499999999999996
4.9000000000000004
4.9500000000000002
5
5.0499999999999998
5.0999999999999996
5.1500000000000004
5.2000000000000002
5.25
5.2999999999999998
5.3499999999999996
5.4000000000000004
5.4500000000000002
5.5
5.5499999999999998
5.5999999999999996
5.6500000000000004
5.7000000000000002
5.75
5.7999999999999998
5.8499999999999996
5.9000000000000004
5.9500000000000002
6
6.0499999999999998
6.0999999999999996
6.1500000000000004
6.2000000000000002
6.25
6.2999999999999998
6.3499999999999996
6.4000000000000004
6.4500000000000002
6.5
6.5499999999999998
6.5999999999999996
6.6500000000000004
6.7000000000000002
6.75
6.7999999999999998
6.8499999999999996
6.9000000000000004
6.9500000000000002
7
7.0499999999999998
7.0999999999999996
7.1500000000000004
7.2000000000000002
7.25
7.2999999999999998
7.3499999999999996
7.4000000000000004
7.4500000000000002
7.5
7.5499999999999998
7.5999999999999996
7.6500000000000004
7.7000000000000002
7.75
7.7999999999999998
7.8499999999999996
7.9000000000000004
7.9500000000000002
8
8.0500000000000007
8.0999999999999996
8.1500000000000004
8.1999999999999993
8.25
8.3000000000000007
8.3499999999999996
8.4000000000000004
8.4499999999999993
8.5
8.5500000000000007
8.5999999999999996
8.6500000000000004
8.6999999999999993
8.75
8.8000000000000007
8.8499999999999996
8.9000000000000004
8.9499999999999993
9
@ cie_C 3 121
1 1 1 1 1 1 1 1 1 1 1 1 1 1 1 0.99999919999999998 0.99998920000000002 0.99988779999999999 0.99908390000000002 0.99398310000000001 0.96804869999999998 0.86881059999999999 0.63151480000000004 0.34519290000000002 0.16298689999999999 0.079694319999999999 0.043511870000000001 0.02644438 0.01733548 0.011833359999999999 0.0081316280000000001 0.0054414429999999998 0.0034417760000000001 0.0020232269999999998 0.0011093660000000001 0.00057851099999999998 0.00029317420000000001 0.00014609719999999999 7.1156540000000005e-05 3.2603079999999998e-05 1.266176e-05 3.5432100000000001e-06 7.0232790000000002e-07 1.194317e-07 2.0473189999999998e-08 3.7740449999999999e-09 7.6086289999999999e-10 1.6781210000000001e-10 4.0297980000000003e-11 1.0474559999999999e-11 2.931189e-12 8.803796e-13 2.8382129999999999e-13 9.846605e-14 3.680455e-14 1.4701739999999999e-14 6.1176669999999996e-15 2.5495040000000002e-15 1.0283899999999999e-15 3.94104e-16 1.416204e-16 4.6992800000000002e-17 1.432259e-17 4.077112e-18 1.124949e-18 3.1020640000000002e-19 8.7137170000000005e-20 2.5052400000000001e-20 7.4274120000000003e-21 2.2725000000000001e-21 7.1672729999999999e-22 2.3261900000000002e-22 7.7281880000000001e-23 2.6229410000000001e-23 9.1034769999999996e-24 3.2254239999999999e-24 1.164823e-24 4.2818299999999998e-25 1.600186e-25 6.0732319999999995e-26 2.3310139999999999e-26 9.0536880000000007e-27 3.5604169999999997e-27 1.4166180000000001e-27 5.6989009999999997e-28 2.3165560000000002e-28 9.5089650000000001e-29 3.9389750000000001e-29 1.6456050000000001e-29 6.9294670000000002e-30 2.9393059999999999e-30 1.2551489999999999e-30 5.3924980000000004e-31 2.3295520000000001e-31 1.0109029999999999e-31 4.4002069999999998e-32 1.92228e-32 8.4242550000000003e-33 3.7018850000000003e-33 1.6304700000000001e-33 7.1951549999999998e-34 3.1802019999999998e-34 1.4074009999999999e-34 6.2345140000000004e-35 2.7636960000000001e-35 1.225657e-35 5.4366740000000002e-36 2.4114909999999999e-36 1.069385e-36 4.7401749999999996e-37 2.0998590000000001e-37 9.2950999999999998e-38 4.1108069999999998e-38 1.816179e-38 8.0150470000000001e-39 3.5329360000000001e-39 1.5553270000000001e-39 6.8382699999999996e-40 3.0026080000000001e-40 1.316665e-40 5.7660520000000003e-41
0 0 1.703266e-42 1.573952e-37 4.2568899999999998e-33 3.8492710000000002e-29 1.3097320000000001e-25 1.8622420000000001e-22 1.214258e-19 3.9433620000000002e-17 6.8660080000000001e-15 6.8483350000000002e-13 4.154768e-11 1.6190850000000001e-09 4.2587720000000001e-08 7.9080929999999997e-07 1.0792339999999999e-05 0.000112185 0.00091610330000000003 0.0060168829999999998 0.031951309999999997 0.13118940000000001 0.36848520000000001 0.654806 0.83699990000000002 0.92019609999999996 0.95582840000000002 0.97052859999999996 0.97171640000000004 0.95587350000000004 0.91205829999999999 0.82707330000000001 0.69719880000000001 0.5396803 0.38612000000000002 0.2608453 0.17024069999999999 0.10871840000000001 0.067571549999999994 0.039363540000000002 0.019372710000000001 0.0068495259999999999 0.001710696 0.00036558739999999998 7.8561290000000002e-05 1.8110090000000001e-05 4.554708e-06 1.250173e-06 3.7270899999999998e-07 1.1997729999999999e-07 4.147714e-08 1.5351450000000001e-08 6.0833109999999997e-09 2.5875470000000001e-09 1.182753e-09 5.762774e-10 2.9174030000000001e-10 1.4753470000000001e-10 7.2029650000000001e-11 3.3325330000000002e-11 1.442134e-11 5.7484160000000004e-12 2.0995000000000001e-12 7.1447559999999999e-13 2.351226e-13 7.7152310000000005e-14 2.5732050000000001e-14 8.7651190000000001e-15 3.072411e-15 1.109193e-15 4.1198210000000001e-16 1.5717530000000001e-16 6.1271439999999995e-17 2.4359410000000001e-17 9.8870669999999995e-18 4.0901689999999997e-18 1.722069e-18 7.3693189999999995e-19 3.2016630000000001e-19 1.4107670000000001e-19 6.2785030000000006e-20 2.824104e-20 1.2846680000000001e-20 5.9059859999999999e-21 2.742313e-21 1.2853300000000001e-21 6.0775840000000003e-22 2.8973569999999998e-22 1.391796e-22 6.7329649999999999e-23 3.2783039999999999e-23 1.6056660000000001e-23 7.9064070000000005e-24 3.9118349999999998e-24 1.9428639999999998e-24 9.6727829999999992e-25 4.8303250000000003e-25 2.4183689999999998e-25 1.2134139999999999e-25 6.0991719999999999e-26 3.0701470000000003e-26 1.5471559999999999e-26 7.8030699999999994e-27 3.9376339999999998e-27 1.987618e-27 1.003356e-27 5.0641169999999998e-28 2.554988e-28 1.2883269999999999e-28 6.491391e-29 3.2677900000000001e-29 1.64329e-29 8.2540019999999998e-30 4.1405699999999998e-30 2.074263e-30 1.03764e-30 5.1830729999999999e-31 2.5850699999999999e-31 1.287346e-31 6.4011210000000004e-32 3.1780519999999998e-32
0 0 2.3860559999999999e-138 9.6896340000000004e-123 8.1575780000000002e-109 2.1725320000000001e-96 2.6651799999999999e-85 2.1034289999999999e-75 1.437258e-66 1.107218e-58 1.216544e-51 2.3511960000000001e-45 9.6404409999999997e-40 9.916936e-35 2.9739489999999999e-30 2.9739470000000001e-26 1.118422e-22 1.761327e-19 1.2779469999999999e-16 4.6359870000000002e-14 8.9067100000000005e-12 9.0780349999999999e-10 4.5197689999999999e-08 1.0497600000000009e-06 1.3227940000000764e-05 0.0001095370000002856 0.00065975770004933205 0.0030270410043819087 0.0109481502191409 0.032293126702048008 0.079810064081101764 0.16748523806236526 0.29935949751027635 0.45829652191432196 0.61277056378467998 0.73857614724999998 0.82946609314999997 0.89113551130000002 0.93235733600000004 0.96060389000000002 0.98061460000000011 0.993147 0.99828860000000452 0.99963436000033035 0.99992136701369305 0.99998190936926457 0.99999548995435095 0.99999872326882999 0.99999960554100242 0.99999989984926685 0.99999994604816278 1.0000000270636029 1.0000000352490499 1.0000000278902001 0.99999998598199991 0.99999997393600004 1.0000000129127 0.99999999526880001 0.99999997194879997 1.0000000662271999 0.99999992383786995 1.0000000283081201 1.0000000540776299 1.000000002692373 1.000000053477055 0.99999995233597794 1.0000000142239633 0.99999998823493486 0.99999999203810652 0.99999998306806637 0.9999999460701583 1.0000000231632051 0.99999999249323068 1.0000000019816817 1.0000000236157216 0.99999996289423121 1.0000000407130687 1.0000000055673079 1.0000000166511658 1.0000000306656931 1.0000000140421235 1.000000044814304 0.99999999042606569 1.0000000423074391 1.0000000195882159 1.0000000232747843 0.99999997696102061 0.99999996630064314 1.0000000117620911 1.0000000329031185 0.99999997778498484 0.99999999787934246 0.99999995495505511 0.99999995130338037 0.99999997781984906 0.99999997358958326 0.99999999534079775 0.99999999344382728 0.99999999371114867 0.99999998245842636 0.99999999527996275 1.0000000078144178 1.0000000285273993 0.99999999293896191 0.99999995897455474 1.0000000033184118 1.000000018368727 1.0000000098741073 0.9999999949709506 1.000000000591498 0.99999996219237974 1.0000000226335293 1.0000000313073676 1.0000000433661902 1.0000000191197083 1.0000000234386992 1.0000000253037458 0.99999999737503653 1.0000000156222175 0.99999995898827743 1.0000000090794634
@ cie_logT_Si 121
3
3.0499999999999998
3.1000000000000001
3.1499999999999999
3.2000000000000002
3.25
3.2999999999999998
3.3500000000000001
3.3999999999999999
3.4500000000000002
3.5
3.5499999999999998
3.6000000000000001
3.6499999999999999
3.7000000000000002
3.75
3.7999999999999998
3.8500000000000001
3.8999999999999999
3.9500000000000002
4
4.0499999999999998
4.0999999999999996
4.1500000000000004
4.2000000000000002
4.25
4.2999999999999998
4.3499999999999996
4.4000000000000004
4.4500000000000002
4.5
4.5499999999999998
4.5999999999999996
4.6500000000000004
4.7000000000000002
4.75
4.7999999999999998
4.8499999999999996
4.9000000000000004
4.9500000000000002
5
5.0499999999999998
5.0999999999999996
5.1500000000000004
5.2000000000000002
5.25
5.2999999999999998
5.3499999999999996
5.4000000000000004
5.4500000000000002
5.5
5.5499999999999998
5.5999999999999996
5.6500000000000004
5.7000000000000002
5.75
5.7999999999999998
5.8499999999999996
5.9000000000000004
5.9500000000000002
6
6.0499999999999998
6.0999999999999996
6.1500000000000004
6.2000000000000002
6.25
6.2999999999999998
6.3499999999999996
6.4000000000000004
6.4500000000000002
6.5
6.5499999999999998
6.5999999999999996
6.6500000000000004
6.7000000000000002
6.75
6.7999999999999998
6.8499999999999996
6.9000000000000004
6.9500000000000002
7
7.0499999999999998
7.0999999999999996
7.1500000000000004
7.2000000000000002
7.25
7.2999999999999998
7.3499999999999996
7.4000000000000004
7.4500000000000002
7.5
7.5499999999999998
7.5999999999999996
7.6500000000000004
7.7000000000000002
7.75
7.7999999999999998
7.8499999999999996
7.9000000000000004
7.9500000000000002
8
8.0500000000000007
8.0999999999999996
8.1500000000000004
8.1999999999999993
8.25
8.3000000000000007
8.3499999999999996
8.4000000000000004
8.4499999999999993
8.5
8.5500000000000007
8.5999999999999996
8.6500000000000004
8.6999999999999993
8.75
8.8000000000000007
8.8499999999999996
8.9000000000000004
8.9499999999999993
9
@ cie_Si 3 121
1 1 1 1 1 1 1 1 1 1 1 1 0.99999979999999999 0.99999649999999995 0.99996059999999998 0.99965199999999999 0.99753360000000002 0.98575959999999996 0.93392149999999996 0.77217749999999996 0.48528060000000001 0.23158239999999999 0.099188730000000003 0.043877050000000001 0.021260560000000001 0.011319650000000001 0.0063888809999999999 0.0036362600000000001 0.0020262909999999999 0.0011072899999999999 0.00060278939999999998 0.00033115089999999998 0.00018468360000000001 0.00010453799999999999 5.9687500000000001e-05 3.3867379999999999e-05 1.8345489999999998e-05 8.4933519999999994e-06 2.810321e-06 6.5433669999999996e-07 1.3159970000000001e-07 2.6840260000000001e-08 5.9092670000000001e-09 1.4341249999999999e-09 3.8727889999999999e-10 1.170462e-10 3.9565930000000002e-11 1.4672510000000001e-11 5.7481129999999999e-12 2.2615800000000001e-12 8.4152919999999999e-13 2.8473660000000001e-13 8.5795319999999995e-14 2.2736520000000001e-14 5.2989509999999997e-15 1.115151e-15 2.145777e-16 3.7739880000000001e-17 5.9659669999999996e-18 8.6191289999999999e-19 1.1372360000000001e-19 1.3656800000000001e-20 1.476834e-21 1.3792990000000001e-22 1.069814e-23 6.6015130000000002e-25 3.3351289999999998e-26 1.543835e-27 7.3000580000000005e-29 3.7517789999999997e-30 2.153314e-31 1.378625e-32 9.9243340000000006e-34 7.9894449999999998e-35 7.1170319999999993e-36 6.8988599999999996e-37 7.1576619999999996e-38 7.8092219999999998e-39 8.7749850000000005e-40 9.9434519999999992e-41 1.122728e-41 1.2462899999999999e-42 1.34805e-43 1.4111320000000001e-44 1.4552099999999999e-45 1.4932730000000001e-46 1.5415720000000001e-47 1.61742e-48 1.7198190000000001e-49 1.871842e-50 2.0962540000000001e-51 2.416483e-52 2.8659490000000001e-53 3.4934770000000002e-54 4.371263e-55 5.604489e-56 7.2930320000000001e-57 9.6880189999999996e-58 1.3130550000000001e-58 1.8129719999999999e-59 2.5464290000000001e-60 3.6336439999999999e-61 5.2614980000000001e-62 7.7221140000000003e-63 1.1475639999999999e-63 1.725033e-64 2.6202970000000001e-65 4.0177390000000001e-66 6.2121520000000005e-67 9.6755190000000007e-68 1.5140570000000001e-68 2.3774280000000002e-69 3.7489960000000003e-70 5.9315679999999997e-71 9.4080739999999999e-72 1.4947669999999999e-72 2.3773609999999999e-73 3.7826560000000003e-74 6.0177999999999998e-75 9.5677039999999998e-76 1.5195349999999999e-76
4.6664960000000001e-39 1.7060510000000001e-34 2.040366e-30 8.9970970000000006e-27 1.6255090000000001e-23 1.320365e-20 5.2338310000000001e-18 1.08927e-15 1.271978e-13 8.8608569999999993e-12 3.8984569999999998e-10 1.141947e-08 2.3367260000000001e-07 3.4867360000000002e-06 3.9391709999999998e-05 0.00034796350000000002 0.00246642 0.01424041 0.066078479999999995 0.2278221 0.5147098 0.76829579999999997 0.89986949999999999 0.95093479999999997 0.95700929999999995 0.91845940000000004 0.81917720000000005 0.66156360000000003 0.48419099999999998 0.33070349999999998 0.21854370000000001 0.14344409999999999 0.094830540000000005 0.063435039999999998 0.042787039999999998 0.028709680000000001 0.01842077 0.01011955 0.0039804080000000004 0.001103754 0.00026485670000000002 6.4555110000000002e-05 1.7008949999999999e-05 4.9457309999999997e-06 1.601506e-06 5.8071559999999995e-07 2.356259e-07 1.049261e-07 4.9374770000000003e-08 2.3335760000000001e-08 1.042891e-08 4.2365969999999999e-09 1.531903e-09 4.8689210000000001e-10 1.3600039999999999e-10 3.427424e-11 7.8891039999999995e-12 1.657533e-12 3.1252920000000003e-13 5.3766689999999997e-14 8.4342539999999994e-15 1.202194e-15 1.5402939999999999e-16 1.7011999999999999e-17 1.5573829999999999e-18 1.1321129999999999e-19 6.7251299999999998e-21 3.6537459999999999e-22 2.0241770000000001e-23 1.216659e-24 8.1515709999999999e-26 6.0808920000000001e-27 5.0909810000000004e-28 4.7578190000000002e-29 4.9116889999999997e-30 5.5086109999999997e-31 6.6024039999999998e-32 8.3095300000000002e-33 1.075623e-33 1.4022830000000001e-34 1.8193979999999999e-35 2.3180520000000001e-36 2.8746360000000002e-37 3.4463259999999999e-38 4.0659590000000003e-39 4.7682969999999998e-40 5.6197720000000001e-41 6.7245660000000003e-42 8.1466669999999993e-43 1.009273e-43 1.285375e-44 1.6836030000000001e-45 2.266933e-46 3.1347759999999999e-47 4.446504e-48 6.4582680000000003e-49 9.5144030000000009e-50 1.4300339999999999e-50 2.191776e-51 3.4204919999999998e-52 5.4276649999999999e-53 8.7463180000000002e-54 1.4296409999999999e-54 2.3677620000000002e-55 3.96942e-56 6.7293579999999995e-57 1.152509e-57 1.9920339999999998e-58 3.471312e-59 6.0924059999999997e-60 1.074128e-60 1.9000540000000001e-61 3.374989e-62 6.0143379999999995e-63 1.0743579999999999e-63 1.922328e-64 3.4429920000000001e-65 6.1689490000000001e-66 1.105139e-66 1.9785509999999998e-67 3.538419e-68
1.2725710000000001e-119 5.2724600000000002e-106 7.5847310000000005e-94 5.4466169999999998e-83 2.6951919999999999e-73 1.2235889999999999e-64 6.5730409999999999e-57 5.24288e-50 7.6121239999999997e-44 2.4176180000000002e-38 1.983352e-33 4.8825419999999997e-29 4.1248040000000001e-25 1.346766e-21 1.8858470000000002e-18 1.2391760000000001e-15 4.1237050000000002e-13 7.3746519999999998e-11 7.2788249999999998e-09 3.8042519999999998e-07 9.6078410000000358e-06 0.00012179350000003277 0.00094180400001104626 0.0051881960016588241 0.021730140123255498 0.070220944846783998 0.17443390661690014 0.33480009353803891 0.51378271848478696 0.66818920380518432 0.78085358527064996 0.8562247717175 0.90498480162000006 0.93646042534999996 0.95715330109999996 0.97125649800000147 0.98156086000042331 0.98987200005812703 0.99601670328868308 0.9988955794535499 0.99973502341300524 0.99993542256461965 0.99998301486094299 0.99999507764045104 0.99999837963160843 0.99999946852083621 0.99999978385115262 0.99999985458109109 0.99999994531062686 0.99999997373981031 1.0000000151235171 1.0000000281594434 1.0000000642708708 0.99999990680099893 1.000000072085941 1.0000000394845727 0.9999999892718241 1.0000000097949491 0.99999996541939506 0.99999999954055774 1.0000000512807274 0.99999996616040265 0.99999998489813124 1.0000000547254169 0.99999993363926298 0.9999999874158062 1.0000000968896154 0.99999998953569724 1.0000000145348542 1.0000000778302747 0.99999999530512651 0.99999996430391502 1.0000000214420792 1.0000000499365869 0.99999996287803583 1.0000000379332108 1.0000000343507285 1.0000000191422782 0.99999993489216854 1.00000007527582 1.0000000448157227 0.99999996934595448 1.0000000333957413 1.0000000270260319 0.99999987543176871 0.99999998226675457 1.0000000504389841 0.99999998541407431 0.9999999743734187 0.99999996565883975 1.0000000568357548 0.99999998593354122 0.9999999571255177 0.99999997644743488 1.000000040146509 1.0000000363342691 1.000000040210153 0.99999995961506871 1.000000037124475 1.000000005706799 1.0000000349882652 0.99999997384554096 0.99999999907133075 0.99999995342124981 1.0000000264179514 0.99999997545396002 1.0000000439123027 1.0000000408567569 1.000000046442981 1.0000000278193646 0.99999997689043285 0.99999999387085736 1.0000000449812996 0.99999996254210899 0.99999995216701987 0.99999997785314809 1.0000000144801291 1.0000000467129837 1.0000000165835361 0.9999999892778364 0.99999995778515549
@ cie_logT_O 121
3
3.0499999999999998
3.1000000000000001
3.1499999999999999
3.2000000000000002
3.25
3.2999999999999998
3.3500000000000001
3.3999999999999999
3.4500000000000002
3.5
3.5499999999999998
3.6000000000000001
3.6499999999999999
3.7000000000000002
3.75
3.7999999999999998
3.8500000000000001
3.8999999999999999
3.9500000000000002
4
4.0499999999999998
4.0999999999999996
4.1500000000000004
4.2000000000000002
4.25
4.2999999999999998
4.3499999999999996
4.4000000000000004
4.4500000000000002
4.5
4.5499999999999998
4.5999999999999996
4.6500000000000004
4.7000000000000002
4.75
4.7999999999999998
4.8499999999999996
4.9000000000000004
4.9500000000000002
5
5.0499999999999998
5.0999999999999996
5.1500000000000004
5.2000000000000002
5.25
5.2999999999999998
5.3499999999999996
5.4000000000000004
5.4500000000000002
5.5
5.5499999999999998
5.5999999999999996
5.6500000000000004
5.7000000000000002
5.75
5.7999999999999998
5.8499999999999996
5.9000000000000004
5.9500000000000002
6
6.0499999999999998
6.0999999999999996
6.1500000000000004
6.2000000000000002
6.25
6.2999999999999998
6.3499999999999996
6.4000000000000004
6.4500000000000002
6.5
6.5499999999999998
6.5999999999999996
6.6500000000000004
6.7000000000000002
6.75
6.7999999999999998
6.8499999999999996
6.9000000000000004
6.9500000000000002
7
7.0499999999999998
7.0999999999999996
7.1500000000000004
7.2000000000000002
7.25
7.2999999999999998
7.3499999999999996
7.4000000000000004
7.4500000000000002
7.5
7.5499999999999998
7.5999999999999996
7.6500000000000004
7.7000000000000002
7.75
7.7999999999999998
7.8499999999999996
7.9000000000000004
7.9500000000000002
8
8.0500000000000007
8.0999999999999996
8.1500000000000004
8.1999999999999993
8.25
8.3000000000000007
8.3499999999999996
8.4000000000000004
8.4499999999999993
8.5
8.5500000000000007
8.5999999999999996
8.6500000000000004
8.6999999999999993
8.75
8.8000000000000007
8.8499999999999996
8.9000000000000004
8.9499999999999993
9
@ cie_O 4 121
1 1 1 1 1 1 1 1 1 1 1 1 1 1 1 1 0.99999990000000005 0.9999979 0.9999728 0.99973120000000004 0.99790089999999998 0.98680259999999997 0.93403480000000005 0.76047149999999997 0.455285 0.20595769999999999 0.087974849999999993 0.04184711 0.0233131 0.014900450000000001 0.010427840000000001 0.0076304490000000001 0.0056023280000000002 0.0039620239999999998 0.002595043 0.001536141 0.00082404639999999996 0.00040920259999999999 0.00019136810000000001 8.4254850000000002e-05 3.4459319999999999e-05 1.2959949999999999e-05 4.4990880000000004e-06 1.4570209999999999e-06 4.4227699999999998e-07 1.25633e-07 3.3391559999999998e-08 8.2841129999999996e-09 1.8546560000000001e-09 3.3951250000000002e-10 4.6498539999999998e-11 5.1652620000000001e-12 5.493908e-13 6.1914079999999996e-14 7.6700729999999999e-15 1.053012e-15 1.5998629999999999e-16 2.6824289999999999e-17 4.9596080000000001e-18 1.0127529999999999e-18 2.2860629999999998e-19 5.6760659999999998e-20 1.5249429999999999e-20 4.3123629999999999e-21 1.241712e-21 3.526757e-22 9.6429160000000005e-23 2.4854949999999999e-23 5.9515529999999998e-24 1.328511e-24 2.8267600000000001e-25 5.8963149999999998e-26 1.232523e-26 2.6193069999999999e-27 5.7207120000000001e-28 1.288254e-28 2.993489e-29 7.172705e-30 1.7606079999999999e-30 4.4421920000000003e-31 1.1500909999999999e-31 3.0500979999999998e-32 8.272357e-33 2.2908809999999999e-33 6.4685120000000002e-34 1.858568e-34 5.4130080000000003e-35 1.6010209999999999e-35 4.8035060000000002e-36 1.4604079999999999e-36 4.4953459999999996e-37 1.3998479999999999e-37 4.4065039999999998e-38 1.4011559999999999e-38 4.4974670000000003e-39 1.456329e-39 4.7542050000000004e-40 1.56364e-40 5.1778959999999996e-41 1.725227e-41 5.7749479999999998e-42 1.9417340000000001e-42 6.556378e-43 2.2219129999999998e-43 7.5536160000000003e-44 2.5748010000000002e-44 8.7964469999999999e-45 3.0107359999999998e-45 1.032006e-45 3.5415519999999997e-46 1.2163970000000001e-46 4.1802819999999999e-47 1.4370479999999999e-47 4.94048e-48 1.698259e-48 5.8356529999999997e-49 2.004241e-49 6.8789069999999999e-50 2.35907e-50 8.0828839999999994e-51 2.7666689999999999e-51
0 0 0 0 0 5.9641819999999999e-36 1.0667509999999999e-31 6.6656870000000003e-28 1.631593e-24 1.7323679999999999e-21 8.7367470000000001e-19 2.269052e-16 3.2614020000000001e-14 2.7665220000000002e-12 1.4667549999999999e-10 5.1163350000000002e-09 1.2293459999999999e-07 2.1199950000000001e-06 2.7218890000000001e-05 0.00026879440000000002 0.0020991159999999998 0.01319738 0.065965190000000007 0.23952850000000001 0.54471499999999995 0.79404209999999997 0.91202260000000002 0.95812540000000002 0.97646860000000002 0.98379570000000005 0.98360320000000001 0.97091289999999997 0.93222579999999999 0.84850939999999997 0.70976289999999997 0.53480090000000002 0.36482609999999999 0.23042869999999999 0.1371657 0.076934310000000006 0.040113210000000003 0.019240699999999999 0.0085195229999999993 0.0035178710000000001 0.0013603980000000001 0.00049168110000000003 0.00016600539999999999 5.2212690000000002e-05 1.478387e-05 3.4133710000000001e-06 5.8787199999999998e-07 8.1864600000000004e-08 1.08803e-08 1.5269360000000001e-09 2.3471700000000002e-10 3.9837180000000002e-11 7.4547839999999998e-12 1.5338369999999999e-12 3.467499e-13 8.6262969999999998e-14 2.3638510000000001e-14 7.1000419999999997e-15 2.299533e-15 7.8125569999999998e-16 2.6935599999999998e-16 9.1300629999999997e-17 2.969675e-17 9.0778390000000006e-18 2.570398e-18 6.7660650000000003e-19 1.6932960000000001e-19 4.1441550000000003e-20 1.014031e-20 2.5170119999999999e-21 6.4075259999999999e-22 1.6785480000000001e-22 4.5289699999999998e-23 1.2578799999999999e-23 3.5730919999999997e-24 1.04169e-24 3.111792e-25 9.5092770000000002e-26 2.9680780000000001e-26 9.4483380000000001e-27 3.0633310000000002e-27 1.009642e-27 3.3699070000000002e-28 1.141249e-28 3.9172770000000003e-29 1.3614599999999999e-29 4.7872329999999997e-30 1.7017750000000001e-30 6.1114889999999998e-31 2.215765e-31 8.1051830000000002e-32 2.9895390000000002e-32 1.1111770000000001e-32 4.1593850000000003e-33 1.5670240000000001e-33 5.9382020000000001e-34 2.2600230000000001e-34 8.6375800000000003e-35 3.3143330000000002e-35 1.2761190000000001e-35 4.9278970000000003e-36 1.9077070000000001e-36 7.4005200000000002e-37 2.8757199999999999e-37 1.118955e-37 4.3583609999999998e-38 1.6988340000000001e-38 6.6248739999999996e-39 2.5840089999999999e-39 1.007858e-39 3.9300780000000003e-40 1.5318470000000001e-40 5.9671690000000003e-41 2.3227120000000001e-41 9.0331840000000002e-42 3.509605e-42 1.3621020000000001e-42
0 0 0 0 0 1.8102319999999999e-133 2.497572e-118 8.0004150000000005e-105 8.9636920000000005e-93 5.060695e-82 1.9930969999999999e-72 7.3153680000000004e-64 3.238648e-56 2.176182e-49 2.7235430000000001e-43 7.6195019999999998e-38 5.6072780000000002e-33 1.2551420000000001e-28 9.7291810000000004e-25 2.9318919999999999e-21 3.8041130000000002e-18 2.3122969999999999e-15 6.9001530000000004e-13 9.7383949999999996e-11 5.8701319999999997e-09 1.609151e-07 2.5441330000000002e-06 2.7510389999999999e-05 0.00021826380000000001 0.001303818 0.0059689840000000001 0.021456469999999998 0.062168250000000001 0.14748439999999999 0.28728049999999999 0.46159169999999999 0.62561599999999995 0.74049640000000005 0.78616730000000001 0.75368429999999997 0.64724179999999998 0.49498229999999999 0.33955750000000001 0.2117695 0.1209239 0.06324536 0.030347180000000001 0.013346800000000001 0.0052077989999999999 0.0016352370000000001 0.0003784495 7.0054879999999998e-05 1.225502e-05 2.2433499999999999e-06 4.4607519999999999e-07 9.7194310000000003e-08 2.3187739999999999e-08 6.0434890000000003e-09 1.7203109999999999e-09 5.3585359999999997e-10 1.828912e-10 6.8088650000000004e-11 2.7208929999999998e-11 1.13567e-11 4.7907459999999997e-12 1.979117e-12 7.8156249999999998e-13 2.889836e-13 9.862519e-14 3.1187800000000002e-14 9.3476079999999992e-15 2.7316559999999998e-15 7.9579730000000003e-16 2.3452330000000001e-16 7.0694420000000001e-17 2.1873999999999999e-17 6.9544179999999994e-18 2.2708829999999998e-18 7.5678289999999998e-19 2.5830319999999999e-19 9.0151460000000003e-20 3.2122679999999999e-20 1.16683e-20 4.314893e-21 1.622393e-21 6.1914670000000004e-22 2.389319e-22 9.3428920000000006e-23 3.6981910000000002e-23 1.4805249999999999e-23 5.9902069999999999e-24 2.4478360000000001e-24 1.009621e-24 4.2004509999999998e-25 1.761718e-25 7.4444500000000004e-26 3.1676239999999998e-26 1.3563899999999999e-26 5.8416369999999999e-27 2.528903e-27 1.098852e-27 4.7919759999999999e-28 2.0968980000000002e-28 9.2025489999999994e-29 4.0486150000000002e-29 1.7848010000000001e-29 7.8811860000000006e-30 3.4846350000000003e-30 1.54222e-30 6.8301630000000003e-31 3.0261789999999998e-31 1.3409959999999999e-31 5.9419469999999999e-32 2.632115e-32 1.1653879999999999e-32 5.1564189999999999e-33 2.279658e-33 1.006876e-33 4.4423900000000001e-34 1.957714e-34 8.6166860000000001e-35
0 0 0 0 0 1.9539210000000001e-287 2.67052e-255 1.2154550000000001e-226 4.3902860000000001e-201 2.7272779999999999e-178 5.8041299999999999e-158 7.8254070000000003e-140 1.1575210000000001e-123 3.0692389999999999e-109 2.2629220000000001e-96 6.8675220000000002e-85 1.217476e-74 1.72263e-65 2.5687739999999998e-57 5.1698989999999997e-50 1.7479880000000001e-43 1.1982870000000001e-37 1.9135109999999999e-32 7.4396529999999997e-28 6.8350599999999995e-24 1.6828499999999999e-20 1.4862630000000001e-17 5.8359380000000019e-15 1.130899000000023e-12 1.1387740000012361e-10 6.2056470002317018e-09 1.9279850016724498e-07 3.63800705142451e-06 4.4207537396491001e-05 0.00036158843813280004 0.0020712723045600216 0.0087338711315064523 0.028665691706961205 0.076475655448401625 0.16929707394922158 0.31261054489739065 0.48576403349951341 0.65191848400579699 0.78471117018229997 0.87771528884399985 0.93626280810000007 0.96948675900000003 0.98660091999999999 0.9947773700000011 0.99836125000016152 0.99962105001084223 0.99992986334327782 0.99998778241091502 0.99999775120003009 0.99999953950110798 0.99999993110961538 0.99999996234721533 1.0000000479019304 0.99999994970865014 0.99999996301210015 1.0000000112126 0.99999998431844994 0.99999999222265001 1.0000000400882398 0.99999997199703994 1.000000027070433 1.0000000140119201 1.000000036211196 0.99999994613356524 1.0000000085911669 1.0000000007067724 0.99999996818158365 1.0000000291093076 0.99999993889118977 0.99999995805134978 0.99999999059940681 1.0000000133225015 1.0000000164832406 1.0000000089453269 1.0000000449735742 1.0000000265214397 1.000000023226278 0.99999996767447497 1.0000000219179859 1.0000000214716738 0.99999997181278122 0.99999997925379447 1.0000000078604359 1.0000000005755505 1.0000000041707933 0.99999998288865644 1.0000000438927183 0.99999997926201056 1.0000000386614505 0.9999999789763786 1.0000000302048357 0.99999999674602136 0.99999996362562749 0.99999997729029688 0.9999999794883947 0.99999998084476827 0.99999996375433009 1.0000000072237583 1.0000000280447146 1.000000034728175 0.99999999134547657 0.99999998874653184 1.0000000214303153 0.99999996935182189 0.99999998355480235 0.99999997412276442 1.0000000008530401 0.99999996588047524 1.0000000072479949 0.99999999401212503 1.0000000221022018 1.0000000109022904 1.0000000004451164 1.0000000489974923 1.0000000310468788 1.000000035578785
@ cie_logT_S 121
3
3.0499999999999998
3.1000000000000001
3.1499999999999999
3.2000000000000002
3.25
3.2999999999999998
3.3500000000000001
3.3999999999999999
3.4500000000000002
3.5
3.5499999999999998
3.6000000000000001
3.6499999999999999
3.7000000000000002
3.75
3.7999999999999998
3.8500000000000001
3.8999999999999999
3.9500000000000002
4
4.0499999999999998
4.0999999999999996
4.1500000000000004
4.2000000000000002
4.25
4.2999999999999998
4.3499999999999996
4.4000000000000004
4.4500000000000002
4.5
4.5499999999999998
4.5999999999999996
4.6500000000000004
4.7000000000000002
4.75
4.7999999999999998
4.8499999999999996
4.9000000000000004
4.9500000000000002
5
5.0499999999999998
5.0999999999999996
5.1500000000000004
5.2000000000000002
5.25
5.2999999999999998
5.3499999999999996
5.4000000000000004
5.4500000000000002
5.5
5.5499999999999998
5.5999999999999996
5.6500000000000004
5.7000000000000002
5.75
5.7999999999999998
5.8499999999999996
5.9000000000000004
5.9500000000000002
6
6.0499999999999998
6.0999999999999996
6.1500000000000004
6.2000000000000002
6.25
6.2999999999999998
6.3499999999999996
6.4000000000000004
6.4500000000000002
6.5
6.5499999999999998
6.5999999999999996
6.6500000000000004
6.7000000000000002
6.75
6.7999999999999998
6.8499999999999996
6.9000000000000004
6.9500000000000002
7
7.0499999999999998
7.0999999999999996
7.1500000000000004
7.2000000000000002
7.25
7.2999999999999998
7.3499999999999996
7.4000000000000004
7.4500000000000002
7.5
7.5499999999999998
7.5999999999999996
7.6500000000000004
7.7000000000000002
7.75
7.7999999999999998
7.8499999999999996
7.9000000000000004
7.9500000000000002
8
8.0500000000000007
8.0999999999999996
8.1500000000000004
8.1999999999999993
8.25
8.3000000000000007
8.3499999999999996
8.4000000000000004
8.4499999999999993
8.5
8.5500000000000007
8.5999999999999996
8.6500000000000004
8.6999999999999993
8.75
8.8000000000000007
8.8499999999999996
8.9000000000000004
8.9499999999999993
9
@ cie_S 4 121
1 1 1 1 1 1 1 1 1 1 1 1 1 1 0.99999939999999998 0.99999130000000003 0.99989969999999995 0.99909829999999999 0.99355850000000001 0.96325649999999996 0.84177809999999997 0.55832090000000001 0.25698510000000002 0.097200889999999998 0.036540610000000001 0.01494963 0.0069282340000000001 0.0036842340000000002 0.0021834889999999998 0.001330782 0.00076869600000000003 0.00041573169999999999 0.00021821650000000001 0.00011414259999999999 5.9620280000000001e-05 3.0646579999999998e-05 1.5217229999999999e-05 7.1837569999999996e-06 3.1938600000000002e-06 1.32157e-06 5.0847590000000001e-07 1.8174880000000001e-07 6.0750739999999996e-08 1.9201790000000001e-08 5.6781719999999999e-09 1.4774519999999999e-09 2.9990240000000001e-10 4.592349e-11 6.176727e-12 8.5392080000000002e-13 1.3066899999999999e-13 2.2525700000000001e-14 4.2997889999999998e-15 8.8943959999999999e-16 1.9232920000000001e-16 4.1823660000000001e-17 8.8982140000000003e-18 1.8005120000000001e-18 3.3396389999999999e-19 5.6913679999999998e-20 8.846771e-21 1.25044e-21 1.5789619999999999e-22 1.8056420000000001e-23 1.873283e-24 1.754244e-25 1.46018e-26 1.0357270000000001e-27 5.9439959999999998e-29 2.7297479999999999e-30 1.071648e-31 4.0270260000000002e-33 1.5807519999999999e-34 6.7876750000000004e-36 3.24937e-37 1.7310830000000001e-38 1.024288e-39 6.6861330000000004e-41 4.7457089999999998e-42 3.61426e-43 2.9058369999999998e-44 2.4150739999999999e-45 2.049973e-46 1.7522880000000001e-47 1.4895030000000001e-48 1.2402620000000001e-49 1.0138379999999999e-50 8.1896530000000001e-52 6.5890779999999999e-53 5.3268789999999995e-54 4.3408789999999999e-55 3.579739e-56 3.0226720000000003e-57 2.6191649999999999e-58 2.3310779999999999e-59 2.130804e-60 1.9991520000000001e-61 1.9231010000000001e-62 1.8865650000000001e-63 1.8844509999999999e-64 1.9218899999999999e-65 1.998299e-66 2.1151810000000001e-67 2.2761120000000001e-68 2.4868769999999998e-69 2.7554859999999998e-70 3.0925859999999999e-71 3.5120099999999999e-72 4.0311500000000003e-73 4.6716530000000001e-74 5.460299e-75 6.4299869999999997e-76 7.6191970000000001e-77 9.0525440000000003e-78 1.080175e-78 1.293324e-79 1.552537e-80 1.8670730000000001e-81 2.2478689999999999e-82 2.7077609999999998e-83 3.2617110000000002e-84
0 0 9.4313149999999996e-39 3.5559720000000001e-34 4.3309170000000002e-30 1.923916e-26 3.4742629999999999e-23 2.8100019999999997e-20 1.1101970000000001e-17 2.3157169999999998e-15 2.7337569999999998e-13 1.9436209999999999e-11 8.7967880000000004e-10 2.66295e-08 5.6344350000000001e-07 8.6661009999999993e-06 0.0001003349 0.00090166089999999996 0.0064414850000000003 0.03674351 0.1582219 0.44167909999999999 0.74301470000000003 0.9027944 0.96340320000000002 0.98456080000000001 0.989788 0.979132 0.92933319999999997 0.80170660000000005 0.6016127 0.40153610000000001 0.25317970000000001 0.15705089999999999 0.096771350000000006 0.058632379999999998 0.034371249999999999 0.019211550000000001 0.01014433 0.0049998680000000002 0.0022977079999999999 0.00098342390000000007 0.00039443300000000002 0.00014983220000000001 5.3329280000000003e-05 1.6736169999999999e-05 4.1061600000000003e-06 7.6125529999999997e-07 1.2409220000000001e-07 2.0800159999999999e-08 3.8589410000000002e-09 8.0618720000000002e-10 1.8636930000000001e-10 4.6655219999999997e-11 1.219944e-11 3.205092e-12 8.2301529999999997e-13 2.007534e-13 4.4830470000000001e-14 9.1864779999999997e-15 1.714858e-15 2.9069339999999998e-16 4.3957750000000002e-17 6.0103389999999997e-18 7.4427989999999997e-19 8.3038979999999999e-20 8.2187300000000003e-21 6.9179530000000001e-22 4.701854e-23 2.552164e-24 1.1819399999999999e-25 5.2297299999999998e-27 2.4129420000000001e-28 1.2158609999999999e-29 6.8199430000000002e-31 4.2509600000000001e-32 2.938824e-33 2.2383619999999999e-34 1.8514380000000001e-35 1.6411490000000001e-36 1.5339220000000001e-37 1.4803549999999999e-38 1.4574860000000001e-39 1.4435090000000001e-40 1.4202620000000001e-41 1.3675039999999999e-42 1.2914119999999999e-43 1.2040800000000001e-44 1.1172169999999999e-45 1.040764e-46 9.7651219999999999e-48 9.2648280000000002e-49 8.9937559999999999e-50 8.9529960000000005e-51 9.1479210000000004e-52 9.5937299999999997e-53 1.032046e-53 1.137651e-54 1.27817e-55 1.461437e-56 1.7052230000000001e-57 2.0275000000000001e-58 2.452992e-59 3.0157849999999999e-60 3.763033e-61 4.7597740000000004e-62 6.0960660000000005e-63 7.8970790000000003e-64 1.0336480000000001e-64 1.3655380000000001e-65 1.8188730000000001e-66 2.440155e-67 3.293155e-68 4.4550109999999997e-69 6.0510659999999995e-70 8.2450550000000004e-71 1.1260820000000001e-71 1.5403820000000001e-72 2.1090099999999999e-73 2.888438e-74 3.9550460000000001e-75
0 0 -3.349137e-130 -2.077961e-115 -3.2525749999999998e-102 -1.9120529999999999e-90 -6.0167740000000003e-80 -1.3896519999999999e-70 -3.1205179999999999e-62 -8.7507120000000003e-55 -3.8289280000000001e-48 -3.1857560000000002e-42 -6.0035980000000002e-37 -2.9875090000000002e-32 -4.4799469999999996e-28 -2.2557180000000001e-24 -4.1048000000000002e-21 -2.6777979999999999e-18 -3.6907009999999998e-16 1.9808880000000001e-13 6.8841270000000001e-11 6.8586319999999997e-09 2.5481889999999998e-07 4.7173289999999999e-06 5.6218039999999999e-05 0.00048956659999999997 0.0032837360000000002 0.017183690000000001 0.068479799999999993 0.1969061 0.39711370000000001 0.59532119999999999 0.73639250000000001 0.81331229999999999 0.8327388 0.79732250000000005 0.71087389999999995 0.58602279999999995 0.4448203 0.30825710000000001 0.19541159999999999 0.1134648 0.060848869999999999 0.03051558 0.0141777 0.0057483279999999996 0.0018046399999999999 0.00042433480000000001 8.704688e-05 1.8235300000000001e-05 4.202652e-06 1.0849180000000001e-06 3.084268e-07 9.4521049999999999e-08 3.0127459999999997e-08 9.6109089999999999e-09 2.9864070000000001e-09 8.7882350000000005e-10 2.3607189999999998e-10 5.802642e-11 1.295777e-11 2.620812e-12 4.7172910000000004e-13 7.6605969999999995e-14 1.12446e-14 1.4842880000000001e-15 1.73472e-16 1.720776e-17 1.3754289999999999e-18 8.7612040000000005e-20 4.7511190000000002e-21 2.4563819999999999e-22 1.321525e-23 7.7491470000000005e-25 5.048547e-26 3.6484869999999997e-27 2.919524e-28 2.5697910000000002e-29 2.4528580000000001e-30 2.5056750000000002e-31 2.6955040000000002e-32 2.9903930000000002e-33 3.3804920000000001e-34 3.839871e-35 4.3283100000000002e-36 4.7696240000000003e-37 5.1499359999999999e-38 5.4849310000000002e-39 5.808345e-40 6.1703209999999996e-41 6.5968320000000006e-42 7.1264560000000002e-43 7.8712899999999998e-44 8.9093639999999996e-45 1.034416e-45 1.2319459999999999e-46 1.5041409999999999e-47 1.8808500000000001e-48 2.395939e-49 3.1046419999999998e-50 4.1036980000000002e-51 5.5252310000000001e-52 7.5670730000000002e-53 1.052773e-53 1.4860980000000001e-54 2.1259640000000001e-55 3.0787529999999998e-56 4.5087179999999998e-57 6.6701530000000002e-58 9.9578920000000007e-59 1.498642e-59 2.2713489999999999e-60 3.4625410000000002e-61 5.2905330000000003e-62 8.1153469999999998e-63 1.248691e-63 1.925677e-64 2.9741559999999998e-65 4.5973639999999999e-66 7.108279e-67 1.09876e-67
0 0 -6.7113519999999995e-268 -6.6630489999999997e-238 -3.7501039999999998e-211 -2.6871699999999998e-187 -5.0433339999999997e-166 -4.7178110000000001e-147 -3.9049869999999998e-130 -4.7711550000000004e-115 -1.3576010000000001e-101 -1.3495109999999999e-89 -6.7145029999999996e-79 -2.296729e-69 -7.1278439999999998e-61 -2.5442849999999999e-53 -1.261153e-46 -9.5436009999999998e-41 -7.1281249999999996e-36 1.052984e-30 5.5148189999999999e-26 4.8486649999999997e-22 9.8768029999999998e-19 6.5571930000000045e-16 1.9153820000001215e-13 2.8981080000090737e-11 2.4662740002508686e-09 1.2232780027555469e-07 3.5174421231385001e-06 5.6570552201399998e-05 0.00050487435068600009 0.0027268960836500577 0.01020965981701271 0.02952260095137783 0.070430237183316202 0.14401450047630121 0.2547395929601865 0.3947584212567074 0.54503223484376306 0.68674174543139999 0.80229026770100009 0.88555159369000125 0.93875667100033822 0.9693345730470907 0.98576896350117593 0.99423493870330149 0.99819125846531154 0.99957492536577341 0.99991282954151417 0.99998174071142731 0.99999579536950611 0.99999896460369453 0.99999965479862329 0.99999992344499289 0.99999993940046084 1.0000000531450974 1.0000000283456132 0.99999998961884773 1.000000001565492 0.99999997844606292 0.99999988979578802 1.0000000885022877 1.0000000107247489 1.0000000411471954 0.99999995297226185 1.0000001240546086 1.0000000606180559 0.9999999452559627 0.99999997020142473 1.0000000410740599 1.0000000299284726 1.000000040860566 1.0000000273555405 0.99999990459690746 1.0000000007296974 0.99999997921251815 0.99999997842395993 1.0000000474563517 1.0000000044408768 1.0000000426325013 0.99999995200146741 1.0000000366609254 0.99999998030666226 0.99999992633719237 1.0000000274810081 1.0000000154559436 1.000000003261458 1.0000000877826263 1.0000000629168677 0.99999998389424605 0.99999994781513657 1.0000000116023735 1.0000000400651401 0.99999990590521981 1.0000000003208038 1.0000000299419107 1.0000000333160539 0.99999997772542026 1.0000000064152403 1.0000000043931292 0.99999995916566053 1.0000000341775273 0.99999996561954907 1.000000041024232 1.0000000311843924 1.0000000328447254 1.0000000412807621 1.0000000151151369 1.0000000394780448 0.99999997938191176 1.00000001140985 1.0000000161829963 1.0000000332945487 0.99999995734229141 1.0000000326716476 0.99999999152901664 0.99999997026811638 0.99999997160080201 1.0000000349215123 0.99999999503318471 1.0000000113710394
@ cie_logT_N 121
3
3.0499999999999998
3.1000000000000001
3.1499999999999999
3.2000000000000002
3.25
3.2999999999999998
3.3500000000000001
3.3999999999999999
3.4500000000000002
3.5
3.5499999999999998
3.6000000000000001
3.6499999999999999
3.7000000000000002
3.75
3.7999999999999998
3.8500000000000001
3.8999999999999999
3.9500000000000002
4
4.0499999999999998
4.0999999999999996
4.1500000000000004
4.2000000000000002
4.25
4.2999999999999998
4.3499999999999996
4.4000000000000004
4.4500000000000002
4.5
4.5499999999999998
4.5999999999999996
4.6500000000000004
4.7000000000000002
4.75
4.7999999999999998
4.8499999999999996
4.9000000000000004
4.9500000000000002
5
5.0499999999999998
5.0999999999999996
5.1500000000000004
5.2000000000000002
5.25
5.2999999999999998
5.3499999999999996
5.4000000000000004
5.4500000000000002
5.5
5.5499999999999998
5.5999999999999996
5.6500000000000004
5.7000000000000002
5.75
5.7999999999999998
5.8499999999999996
5.9000000000000004
5.9500000000000002
6
6.0499999999999998
6.0999999999999996
6.1500000000000004
6.2000000000000002
6.25
6.2999999999999998
6.3499999999999996
6.4000000000000004
6.4500000000000002
6.5
6.5499999999999998
6.5999999999999996
6.6500000000000004
6.7000000000000002
6.75
6.7999999999999998
6.8499999999999996
6.9000000000000004
6.9500000000000002
7
7.0499999999999998
7.0999999999999996
7.1500000000000004
7.2000000000000002
7.25
7.2999999999999998
7.3499999999999996
7.4000000000000004
7.4500000000000002
7.5
7.5499999999999998
7.5999999999999996
7.6500000000000004
7.7000000000000002
7.75
7.7999999999999998
7.8499999999999996
7.9000000000000004
7.9500000000000002
8
8.0500000000000007
8.0999999999999996
8.1500000000000004
8.1999999999999993
8.25
8.3000000000000007
8.3499999999999996
8.4000000000000004
8.4499999999999993
8.5
8.5500000000000007
8.5999999999999996
8.6500000000000004
8.6999999999999993
8.75
8.8000000000000007
8.8499999999999996
8.9000000000000004
8.9499999999999993
9
@ cie_N 4 121
1 1 1 1 1 1 1 1 1 1 1 1 1 1 1 1 1 0.99999970000000005 0.99999559999999998 0.99994870000000002 0.99953029999999998 0.99656100000000003 0.97971370000000002 0.90672260000000005 0.70164329999999997 0.40670800000000001 0.19448940000000001 0.092510640000000005 0.047908949999999999 0.02720318 0.016482219999999999 0.01024068 0.0062382749999999997 0.003584973 0.001914776 0.00096270410000000002 0.0004660663 0.00021995510000000001 0.0001006565 4.3905439999999998e-05 1.7989980000000001e-05 6.9259479999999997e-06 2.5344179999999999e-06 8.844102e-07 2.8388090000000001e-07 7.4922680000000006e-08 1.4292049999999999e-08 2.0853379999999999e-09 2.8053669999999998e-10 3.9285690000000001e-11 5.9867480000000002e-12 1.0029909999999999e-12 1.8448240000000001e-13 3.7099029999999999e-14 8.1300790000000007e-15 1.9399609999999999e-15 5.049552e-16 1.436511e-16 4.4506349999999999e-17 1.4776690000000001e-17 5.0987050000000003e-18 1.7634900000000002e-18 5.9262860000000001e-19 1.892581e-19 5.6422449999999998e-20 1.5515039999999999e-20 3.9512429999999997e-21 9.5982120000000008e-22 2.2950559999999998e-22 5.5348659999999994e-23 1.3586969999999999e-23 3.4357800000000001e-24 8.973227e-25 2.420116e-25 6.7318800000000004e-26 1.9203049999999999e-26 5.6103949999999997e-27 1.680517e-27 5.1511459999999998e-28 1.612997e-28 5.1517810000000003e-29 1.6760600000000001e-29 5.5473569999999997e-30 1.8586809999999998e-30 6.3113120000000003e-31 2.1724820000000002e-31 7.5736990000000002e-32 2.671913e-32 9.5318559999999993e-33 3.4361259999999999e-33 1.2508179999999999e-33 4.5948569999999996e-34 1.7022889999999999e-34 6.3563199999999995e-35 2.3906210000000001e-35 9.0504820000000002e-36 3.4467939999999999e-36 1.3190070000000001e-36 5.0646719999999997e-37 1.9524570000000002e-37 7.5526650000000002e-38 2.930134e-38 1.139579e-38 4.4411240000000001e-39 1.733678e-39 6.7767120000000004e-40 2.6516019999999999e-40 1.038269e-40 4.0672909999999998e-41 1.593621e-41 6.2437750000000005e-42 2.4456700000000001e-42 9.5752650000000007e-43 3.7465260000000001e-43 1.464752e-43 5.7213449999999996e-44 2.232445e-44 8.7010360000000002e-45 3.3871629999999998e-45 1.316897e-45 5.1133109999999996e-46
0 0 0 0 8.4218530000000002e-44 1.00443e-38 3.3764209999999999e-34 3.6776040000000001e-30 1.4703659999999999e-26 2.4120900000000001e-23 1.792742e-20 6.5924840000000003e-18 1.2969820000000001e-15 1.4631280000000001e-13 1.006467e-11 4.4583629999999999e-10 1.334851e-08 2.8198850000000001e-07 4.3664460000000002e-06 5.1258360000000001e-05 0.0004697414 0.0034390390000000001 0.020286289999999998 0.093277429999999995 0.29835630000000002 0.59328360000000002 0.8054171 0.90685090000000002 0.94897050000000005 0.96094329999999994 0.94682889999999997 0.89526830000000002 0.79120610000000002 0.63695299999999999 0.46432440000000003 0.31243409999999999 0.19944110000000001 0.1227105 0.072578279999999995 0.040644439999999997 0.021270109999999998 0.01041533 0.0048311480000000004 0.0021308270000000001 0.00086225959999999997 0.00028621419999999998 6.8510700000000001e-05 1.251552e-05 2.1032169999999999e-06 3.670634e-07 6.9546099999999998e-08 1.4450520000000001e-08 3.2880320000000001e-09 8.1583039999999999e-10 2.2000030000000001e-10 6.4418009999999997e-11 2.0517280000000001e-11 7.1217509999999998e-12 2.684532e-12 1.0812469999999999e-12 4.5125659999999999e-13 1.8822320000000001e-13 7.6060969999999996e-14 2.9126470000000003e-14 1.038315e-14 3.404546e-15 1.0310290000000001e-15 2.9702549999999999e-16 8.4012389999999997e-17 2.3907609999999999e-17 6.9090640000000003e-18 2.052269e-18 6.2827509999999996e-19 1.982126e-19 6.4366250000000005e-20 2.1393889999999999e-20 7.2698280000000005e-21 2.5283799999999999e-21 8.9840979999999992e-22 3.2562820000000001e-22 1.2021349999999999e-22 4.514643e-23 1.7227689999999999e-23 6.6475049999999999e-24 2.5967269999999999e-24 1.027278e-24 4.1120970000000001e-25 1.6642400000000001e-25 6.8051739999999999e-26 2.8096060000000002e-26 1.1704410000000001e-26 4.916871e-27 2.081672e-27 8.8770019999999992e-28 3.8105690000000001e-28 1.6455979999999999e-28 7.1451529999999999e-29 3.115836e-29 1.3627359999999999e-29 5.9812390000000002e-30 2.6332260000000001e-30 1.1622380000000001e-30 5.1407200000000003e-31 2.2777589999999999e-31 1.0106279999999999e-31 4.4888089999999999e-32 1.9952580000000001e-32 8.873113e-33 3.9468490000000001e-33 1.7555729999999998e-33 7.8070130000000004e-34 3.47024e-34 1.5415619999999999e-34 6.8425300000000002e-35 3.0343269999999998e-35 1.3441349999999999e-35 5.9471850000000002e-36 2.6280249999999998e-36 1.1597570000000001e-36 5.1109590000000002e-37 2.2491660000000001e-37
0 0 0 0 1.7328010000000001e-135 4.1163319999999999e-120 2.120376e-106 3.5965829999999999e-94 2.9161519999999999e-83 1.5757089999999999e-73 7.6289469999999999e-65 4.308418e-57 3.5899210000000001e-50 5.4413250000000001e-44 1.808123e-38 1.555574e-33 4.0184189999999999e-29 3.5566520000000002e-25 1.212981e-21 1.7692040000000002e-18 1.2097200000000001e-15 4.1918899999999998e-13 7.7800279999999999e-11 7.7693409999999995e-09 3.8285779999999999e-07 8.4664620000000004e-06 9.3491249999999994e-05 0.00063843180000000002 0.003120505 0.011853539999999999 0.036688560000000002 0.094486089999999995 0.2025014 0.35905860000000001 0.53164330000000004 0.67828840000000001 0.77414780000000005 0.80991829999999998 0.78031349999999999 0.68614200000000003 0.5463557 0.39624310000000001 0.26598660000000002 0.16641900000000001 0.093892349999999999 0.042805219999999998 0.01388882 0.0033996 0.00075768419999999996 0.00017377540000000001 4.29094e-05 1.1532199999999999e-05 3.3707059999999999e-06 1.067495e-06 3.652083e-07 1.3489270000000001e-07 5.3903830000000003e-08 2.3356159999999999e-08 1.0937550000000001e-08 5.4474429999999997e-09 2.7985790000000002e-09 1.4306359999999999e-09 7.0556500000000003e-10 3.2843539999999999e-10 1.4178740000000001e-10 5.6100459999999999e-11 2.0431970000000001e-11 7.0557099999999996e-12 2.3845979999999998e-12 8.0834200000000001e-13 2.7744190000000001e-13 9.7597650000000002e-14 3.5287809999999997e-14 1.3114649999999999e-14 5.004745e-15 1.950419e-15 7.7546389999999997e-16 3.1493990000000001e-16 1.3044120000000001e-16 5.5015080000000003e-17 2.359677e-17 1.028074e-17 4.5448929999999999e-18 2.0289719999999999e-18 9.1583669999999993e-19 4.1815229999999999e-19 1.9296189999999999e-19 8.9932589999999994e-20 4.2304760000000002e-20 2.0073510000000001e-20 9.6019020000000005e-21 4.6275340000000001e-21 2.2457859999999999e-21 1.0969260000000001e-21 5.3893240000000002e-22 2.6619340000000001e-22 1.3210739999999999e-22 6.5805560000000002e-23 3.2856299999999999e-23 1.6454279999999999e-23 8.2610220000000003e-24 4.1561349999999998e-24 2.0944590000000001e-24 1.05688e-24 5.3383550000000003e-25 2.6982669999999999e-25 1.3643919999999999e-25 6.9001910000000004e-26 3.4893740000000002e-26 1.7640159999999999e-26 8.9132780000000002e-27 4.5005949999999999e-27 2.2705160000000002e-27 1.1442850000000001e-27 5.7602300000000004e-28 2.8959520000000002e-28 1.45394e-28 7.2890450000000002e-29 3.6486969999999999e-29 1.823601e-29 9.0998769999999999e-30
0 0 0 0 6.2021520000000002e-285 4.0631790000000002e-253 9.4407729999999999e-225 1.8500059999999999e-199 6.6245059999999996e-177 8.6376670000000006e-157 7.5806510000000001e-139 7.7383529999999994e-123 1.495133e-108 8.4335070000000005e-96 2.0425609999999999e-84 2.9948109999999999e-74 3.6098249999999999e-65 4.6983430000000002e-57 8.419307e-50 2.5790310000000001e-43 1.6361930000000001e-37 2.541159e-32 1.105585e-27 1.4523529999999999e-23 5.6200279999999997e-20 6.146139e-17 2.2119609999999999e-14 3.3686690000000003e-12 2.5913260000000234e-10 1.1226000000004724e-08 2.9470030000382672e-07 4.927046001357779e-06 5.4199920228628095e-05 0.00040343481957405997 0.0021175329197088153 0.008314755930005779 0.025944988228300818 0.06715123912826379 0.147007498431098 0.27316969650370004 0.432356125832 0.59333463530000008 0.72917968599999994 0.83144931000000011 0.90524508000000004 0.95690850000000072 0.98604260000010613 0.99658785000597816 0.9992402601822703 0.99982583359513999 0.99995703744815001 0.99998846518850171 0.99999660133316481 0.99999892078034436 0.99999960902506124 0.99999982421792999 0.9999999100121999 0.99999997098800009 1.0000000366650001 0.99999998260599998 1.0000000049779998 1.00000002371 0.99999991669700006 0.99999996569619998 0.9999999668699 1.0000001019922 1.0000000063911201 1.00000003920964 0.99999998406417001 0.99999994409054005 0.9999999769034309 0.99999999998896894 1.0000000185632958 0.99999998075899166 0.99999997441482003 0.99999995598211944 0.99999998977400195 1.0000000355030518 1.0000000108495826 0.99999998328828321 1.0000000013663359 0.99999996393893631 0.99999997545997887 1.0000000366738719 0.99999995817899434 1.0000000180373669 0.99999999936435513 1.000000015293921 1.0000000492384906 0.99999996975429239 0.99999996721908324 1.0000000072920341 1.0000000387392418 1.00000000741411 1.0000000454897904 1.0000000143851755 0.99999998761721542 0.99999996156357618 0.99999998739644269 1.000000018796716 0.99999997108705518 0.9999999897471511 1.0000000251839811 1.0000000131404412 0.99999995883087678 1.0000000246848841 1.0000000201640966 0.9999999939880857 1.0000000276067416 1.0000000301173997 1.0000000340753676 0.99999999212690616 0.99999997424400799 0.99999996548049985 0.99999996406912406 0.99999997982934175 1.000000032895686 0.99999995257651886 0.99999997633309379 1.0000000489848451 1.000000021943853
