# equilibrium, chi = 1, xi_cr = 2e-16 s^-1, T0 = 10000 K; n_H T P/k t_end x_e He+ OHx CHx CO C+ HCO+ H2 H+ H3+ H2+ O+ Si+ C_high Si_high O++ O_high S+ S++ S_high N+ N++ N_high
1.000000e-02 9.387761e+03 1.278906e+02 1.000000e+04 2.623122e-01 2.233173e-02 1.814644e-24 1.107619e-23 2.027688e-29 1.599990e-04 3.626993e-29 4.001249e-09 2.397209e-01 1.085719e-21 3.764393e-13 6.443218e-05 1.692946e-06 1.141361e-14 7.053665e-09 1.763681e-23 2.111772e-53 1.449992e-05 2.475796e-14 7.295185e-33 1.895155e-05 3.294060e-21 3.791378e-47
1.258925e-02 9.273211e+03 1.562622e+02 1.000000e+04 2.385165e-01 1.989782e-02 3.792428e-24 1.832382e-23 4.930726e-29 1.599988e-04 8.292955e-29 5.178711e-09 2.183666e-01 1.582262e-21 3.871328e-13 5.842376e-05 1.693990e-06 7.478951e-15 6.009609e-09 8.258609e-24 3.772317e-54 1.449990e-05 1.711831e-14 2.611111e-33 1.744557e-05 1.694464e-21 8.405846e-48
1.584893e-02 9.162590e+03 1.911518e+02 1.000000e+04 2.163159e-01 1.770453e-02 7.889416e-24 3.022319e-23 1.205716e-28 1.599986e-04 1.892597e-28 6.686362e-09 1.983663e-01 2.300902e-21 3.971747e-13 5.284564e-05 1.694879e-06 4.907486e-15 5.120085e-09 3.883029e-24 6.840034e-55 1.449989e-05 1.188846e-14 9.448544e-34 1.599496e-05 8.729955e-22 1.883550e-48
1.995262e-02 9.055324e+03 2.341010e+02 1.000000e+04 1.956847e-01 1.573545e-02 1.634200e-23 4.971007e-23 2.963882e-28 1.599984e-04 4.312077e-28 8.613418e-09 1.797108e-01 3.339596e-21 4.065715e-13 4.768507e-05 1.695638e-06 3.220487e-15 4.361135e-09 1.830636e-24 1.255177e-55 1.449987e-05 8.283825e-15 3.447834e-34 1.460589e-05 4.498568e-22 4.253212e-49
2.511886e-02 8.950798e+03 2.870183e+02 1.000000e+04 1.765796e-01 1.397289e-02 3.371510e-23 8.154663e-23 7.320638e-28 1.599982e-04 9.810532e-28 1.107267e-08 1.623743e-01 4.839385e-21 4.153382e-13 4.292575e-05 1.696287e-06 2.109338e-15 3.712612e-09 8.629074e-25 2.313334e-56 1.449985e-05 5.780922e-15 1.262851e-34 1.328321e-05 2.312869e-22 9.616169e-50
3.162278e-02 8.849283e+03 3.523029e+02 1.000000e+04 1.589491e-01 1.239933e-02 6.930096e-23 1.334246e-22 1.815721e-27 1.599980e-04 2.229468e-27 1.420656e-08 1.463230e-01 7.003481e-21 4.234939e-13 3.855021e-05 1.696840e-06 1.380170e-15 3.158862e-09 4.071483e-25 4.290866e-57 1.449983e-05 4.044585e-15 4.652859e-35 1.203218e-05 1.187774e-22 2.181608e-50
3.981072e-02 8.749600e+03 4.328744e+02 1.000000e+04 1.427211e-01 1.099666e-02 1.419556e-22 2.177860e-22 4.519538e-27 1.599977e-04 5.061900e-27 1.819514e-08 1.315028e-01 1.012536e-20 4.310680e-13 3.453646e-05 1.697314e-06 8.976450e-16 2.684589e-09 1.908344e-25 7.845772e-58 1.449981e-05 2.823955e-15 1.703691e-35 1.085380e-05 6.053936e-23 4.881514e-51
5.011872e-02 8.650282e+03 5.323087e+02 1.000000e+04 1.278160e-01 9.747582e-03 2.898351e-22 3.547254e-22 1.128249e-26 1.599974e-04 1.148500e-26 2.326587e-08 1.178516e-01 1.462967e-20 4.380939e-13 3.086134e-05 1.697722e-06 5.767043e-16 2.276966e-09 8.804514e-26 1.381369e-58 1.449978e-05 1.956272e-15 6.108771e-36 9.747744e-06 3.038366e-23 1.055837e-51
6.309573e-02 8.550000e+03 6.549971e+02 1.000000e+04 1.141527e-01 8.635984e-03 5.899447e-22 5.766377e-22 2.822957e-26 1.599970e-04 2.604749e-26 2.970589e-08 1.053043e-01 2.113249e-20 4.446070e-13 2.750190e-05 1.698073e-06 3.639543e-16 1.925711e-09 3.967124e-26 2.297699e-59 1.449975e-05 1.337596e-15 2.117434e-36 8.713255e-06 1.491106e-23 2.170681e-52
7.943282e-02 8.447037e+03 8.062721e+02 1.000000e+04 1.016479e-01 7.646888e-03 1.197264e-21 9.357328e-22 7.075019e-26 1.599967e-04 5.906481e-26 3.787767e-08 9.379258e-02 3.053055e-20 4.506441e-13 2.443522e-05 1.698376e-06 2.240514e-16 1.622135e-09 1.729143e-26 3.531564e-60 1.449972e-05 8.967881e-16 6.983637e-37 7.748547e-06 7.094070e-24 4.157882e-53
1.000000e-01 8.339133e+03 9.925387e+02 1.000000e+04 9.021826e-02 6.766506e-03 2.422798e-21 1.516170e-21 1.775114e-25 1.599963e-04 1.339447e-25 4.823866e-08 8.324707e-02 4.413423e-20 4.562430e-13 2.163881e-05 1.698639e-06 1.332768e-16 1.358880e-09 7.198276e-27 4.869908e-61 1.449969e-05 5.843095e-16 2.145347e-37 6.850932e-06 3.234042e-24 7.224610e-54
1.258925e-01 8.217445e+03 1.220481e+03 1.000000e+04 7.976182e-02 5.980660e-03 4.887094e-21 2.456093e-21 4.455801e-25 1.599958e-04 3.037350e-25 6.136746e-08 7.357986e-02 6.386847e-20 4.614497e-13 1.908597e-05 1.698868e-06 7.566462e-17 1.130273e-09 2.803280e-27 5.693677e-62 1.449965e-05 3.658390e-16 5.950441e-38 6.017298e-06 1.388827e-24 1.086824e-54
1.584893e-01 8.096532e+03 1.501703e+03 1.000000e+04 7.026727e-02 5.282798e-03 9.835338e-21 3.967575e-21 1.118743e-24 1.599953e-04 6.895971e-25 7.798789e-08 6.478626e-02 9.256238e-20 4.662719e-13 1.677291e-05 1.699068e-06 3.923936e-17 9.298892e-10 9.557148e-28 4.685325e-63 1.449960e-05 2.110109e-16 1.337126e-38 5.244521e-06 5.313389e-25 1.214185e-55
1.995262e-01 7.951144e+03 1.842821e+03 1.000000e+04 6.159170e-02 4.657216e-03 1.972226e-20 6.416162e-21 2.807220e-24 1.599948e-04 1.565763e-24 9.902299e-08 5.673910e-02 1.344221e-19 4.707726e-13 1.466344e-05 1.699243e-06 1.853746e-17 7.540965e-10 2.866674e-28 0.000000e+00 1.449956e-05 1.118220e-16 2.442602e-39 4.526435e-06 1.809131e-25 1.032692e-56
2.511886e-01 7.783169e+03 2.255531e+03 1.000000e+04 5.369897e-02 4.096774e-03 3.940939e-20 1.038160e-20 7.037205e-24 1.599942e-04 3.557017e-24 1.256285e-07 4.940939e-02 1.956940e-19 4.749686e-13 1.274815e-05 1.699397e-06 7.673199e-18 6.002279e-10 7.146072e-29 0.000000e+00 1.449951e-05 5.244354e-17 3.302799e-40 3.862069e-06 5.217744e-26 5.894046e-58
3.162278e-01 7.577303e+03 2.747226e+03 1.000000e+04 4.651506e-02 3.591847e-03 7.839569e-20 1.684805e-20 1.761095e-23 1.599936e-04 8.078830e-24 1.592664e-07 4.273277e-02 2.857073e-19 4.788896e-13 1.100850e-05 1.699533e-06 2.507649e-18 4.637760e-10 1.264502e-29 0.000000e+00 1.449945e-05 1.970260e-17 2.561715e-41 3.242947e-06 1.114411e-26 1.582322e-59
3.981072e-01 7.312784e+03 3.318774e+03 1.000000e+04 3.997429e-02 3.133766e-03 1.550144e-19 2.752774e-20 4.395485e-23 1.599929e-04 1.831917e-23 2.017807e-07 3.665224e-02 4.183903e-19 4.825563e-13 9.428246e-06 1.699654e-06 5.661500e-19 3.420577e-10 1.319414e-30 0.000000e+00 1.449939e-05 5.208036e-18 8.334519e-43 2.661502e-06 1.492761e-27 1.339780e-61
5.011872e-01 6.966686e+03 3.959582e+03 1.000000e+04 3.402643e-02 2.715409e-03 3.040582e-19 4.551006e-20 1.092867e-22 1.599922e-04 4.138718e-23 2.554944e-07 3.112472e-02 6.144520e-19 4.859727e-13 7.995121e-06 1.699761e-06 7.163725e-20 2.350990e-10 5.985066e-32 0.000000e+00 1.449932e-05 7.905060e-19 6.868922e-45 2.114491e-06 9.612923e-29 1.823568e-64
6.309573e-01 6.519573e+03 4.642743e+03 1.000000e+04 2.864036e-02 2.331688e-03 5.901985e-19 7.658575e-20 2.703410e-22 1.599915e-04 9.291765e-23 3.233276e-07 2.612418e-02 9.043779e-19 4.891208e-13 6.701567e-06 1.699850e-06 3.769745e-21 1.456849e-10 7.605762e-34 0.000000e+00 1.449925e-05 5.150161e-20 6.940903e-48 1.605380e-06 2.032262e-30 0.000000e+00
7.943282e-01 5.958406e+03 5.318850e+03 1.000000e+04 2.379685e-02 1.979316e-03 1.130393e-18 1.321538e-19 6.644291e-22 1.599908e-04 2.066216e-22 4.089459e-07 2.163466e-02 1.332255e-18 4.919625e-13 5.542809e-06 1.699917e-06 5.274886e-23 7.750942e-11 1.389266e-36 0.000000e+00 1.449916e-05 9.298549e-22 2.868917e-52 1.143223e-06 7.934335e-33 0.000000e+00
1.000000e+00 5.283508e+03 5.914812e+03 1.000000e+04 1.948632e-02 1.656826e-03 2.129221e-18 2.358335e-19 1.620388e-21 1.599900e-04 4.533642e-22 5.169499e-07 1.764805e-02 1.960065e-18 4.944488e-13 4.516155e-06 1.699961e-06 1.064412e-25 3.288934e-11 1.522019e-40 0.000000e+00 1.449906e-05 2.542945e-24 1.114899e-58 7.426541e-07 2.641174e-36 0.000000e+00
1.258925e+00 4.490171e+03 6.306689e+03 1.000000e+04 1.567764e-02 1.361801e-03 3.920040e-18 4.425700e-19 3.912919e-21 1.599892e-04 9.746147e-22 6.531378e-07 1.413563e-02 2.869128e-18 4.965295e-13 3.613456e-06 1.699984e-06 6.451973e-30 9.524963e-12 0.000000e+00 0.000000e+00 1.449893e-05 2.476711e-28 0.000000e+00 4.154430e-07 1.105703e-41 0.000000e+00
1.584893e+00 3.588910e+03 6.327020e+03 1.000000e+04 1.233855e-02 1.092372e-03 6.985772e-18 8.966203e-19 9.329762e-21 1.599880e-04 2.030391e-21 8.248144e-07 1.106699e-02 4.151482e-18 4.981451e-13 2.825673e-06 1.699991e-06 6.326223e-37 1.364704e-12 0.000000e+00 0.000000e+00 1.449876e-05 5.265196e-35 0.000000e+00 1.777453e-07 0.000000e+00 0.000000e+00
1.995262e+00 2.656326e+03 5.880260e+03 1.000000e+04 9.470109e-03 8.517469e-04 1.193840e-17 2.005192e-18 2.193166e-20 1.599861e-04 4.061911e-21 1.041143e-06 8.439981e-03 5.894337e-18 4.992550e-13 2.149657e-06 1.699991e-06 0.000000e+00 5.359046e-14 0.000000e+00 0.000000e+00 1.449850e-05 2.031656e-237 0.000000e+00 4.693613e-08 0.000000e+00 0.000000e+00
2.511886e+00 1.857668e+03 5.166210e+03 1.000000e+04 7.145045e-03 6.504722e-04 1.968171e-17 4.818859e-18 5.103357e-20 1.599827e-04 7.871047e-21 1.313538e-06 6.316788e-03 8.211005e-18 4.999179e-13 1.597404e-06 1.699989e-06 0.000000e+00 2.979428e-16 0.000000e+00 0.000000e+00 1.449810e-05 2.497001e-224 0.000000e+00 6.058046e-09 0.000000e+00 0.000000e+00
3.162278e+00 1.274868e+03 4.456250e+03 1.000000e+04 5.363505e-03 4.927112e-04 3.168485e-17 1.181112e-17 1.178598e-19 1.599778e-04 1.499516e-20 1.656363e-06 4.693453e-03 1.130978e-17 5.002738e-13 1.165737e-06 1.699986e-06 1.752087e-297 1.318112e-19 0.000000e+00 0.000000e+00 1.449751e-05 3.503529e-207 0.000000e+00 3.106020e-10 0.000000e+00 0.000000e+00
3.981072e+00 8.820696e+02 3.876913e+03 1.000000e+04 4.037862e-03 3.731892e-04 5.008586e-17 2.842267e-17 2.692035e-19 1.599711e-04 2.825358e-20 2.087783e-06 3.487670e-03 1.552804e-17 5.004444e-13 8.354042e-07 1.699983e-06 3.195714e-267 2.560021e-24 0.000000e+00 0.000000e+00 1.449679e-05 3.719576e-189 0.000000e+00 5.187840e-12 0.000000e+00 0.000000e+00
5.011872e+00 6.261580e+02 3.461651e+03 1.000000e+04 3.063268e-03 2.839247e-04 7.789208e-17 6.547605e-17 6.044977e-19 1.599625e-04 5.269492e-20 2.630723e-06 2.602598e-03 2.138923e-17 5.005144e-13 5.866303e-07 1.699978e-06 1.798049e-237 1.594948e-30 0.000000e+00 0.000000e+00 1.449612e-05 3.201437e-168 0.000000e+00 2.525476e-14 0.000000e+00 0.000000e+00
6.309573e+00 4.596863e+02 3.197263e+03 1.000000e+04 2.346609e-03 2.172446e-04 1.191639e-16 1.426579e-16 1.327162e-18 1.599516e-04 9.709864e-20 3.314075e-06 1.952814e-03 2.966569e-17 5.005298e-13 4.028048e-07 1.699973e-06 6.260812e-217 2.952560e-38 0.000000e+00 0.000000e+00 1.449570e-05 2.570474e-154 0.000000e+00 3.532185e-17 0.000000e+00 0.000000e+00
7.943282e+00 3.492102e+02 3.056287e+03 1.000000e+04 1.815616e-03 1.669963e-04 1.790912e-16 2.934760e-16 2.838012e-18 1.599380e-04 1.761958e-19 4.174222e-06 1.472216e-03 4.146526e-17 5.005091e-13 2.700651e-07 1.699968e-06 1.763156e-191 2.031789e-47 0.000000e+00 0.000000e+00 1.449559e-05 4.627603e-133 0.000000e+00 1.517020e-20 0.000000e+00 0.000000e+00
1.000000e+01 2.736184e+02 3.013668e+03 1.000000e+04 1.418274e-03 1.286894e-04 2.638480e-16 5.722624e-16 5.896909e-18 1.599213e-04 3.136207e-19 5.256969e-06 1.113291e-03 5.835525e-17 5.004550e-13 1.766548e-07 1.699960e-06 6.931614e-176 6.861163e-58 0.000000e+00 0.000000e+00 1.449577e-05 6.318236e-121 0.000000e+00 2.160722e-24 0.000000e+00 0.000000e+00
1.258925e+01 2.201486e+02 3.051738e+03 1.000000e+04 1.118187e-03 9.918137e-05 3.800481e-16 1.063797e-15 1.188593e-17 1.599006e-04 5.451769e-19 6.619971e-06 8.427963e-04 8.253240e-17 5.003643e-13 1.126736e-07 1.699951e-06 4.272814e-162 8.880896e-70 0.000000e+00 0.000000e+00 1.449613e-05 4.633770e-110 0.000000e+00 1.039401e-28 0.000000e+00 0.000000e+00
1.584893e+01 1.811288e+02 3.160299e+03 1.000000e+04 8.899470e-04 7.628023e-05 5.336755e-16 1.895893e-15 2.320882e-17 1.598750e-04 9.211749e-19 8.335807e-06 6.375253e-04 1.170300e-16 5.002319e-13 7.005046e-08 1.699940e-06 1.987704e-161 9.443877e-83 0.000000e+00 0.000000e+00 1.449652e-05 1.423398e-109 0.000000e+00 1.925926e-33 0.000000e+00 0.000000e+00
1.995262e+01 1.518536e+02 3.335002e+03 1.000000e+04 7.155473e-04 5.843031e-05 7.282952e-16 3.255558e-15 4.384524e-17 1.598428e-04 1.505104e-18 1.049584e-05 4.810349e-04 1.659404e-16 5.000535e-13 4.244213e-08 1.699926e-06 4.992071e-165 1.010137e-96 0.000000e+00 0.000000e+00 1.449685e-05 3.984425e-111 0.000000e+00 1.467896e-38 0.000000e+00 0.000000e+00
2.511886e+01 1.293659e+02 3.576325e+03 6.455918e+03 5.819894e-04 4.450198e-05 9.627764e-16 5.408783e-15 8.004565e-17 1.598020e-04 2.364877e-18 1.321507e-05 3.614635e-04 2.346189e-16 4.998263e-13 2.506040e-08 1.699907e-06 2.277982e-156 1.133789e-111 0.000000e+00 0.000000e+00 1.449705e-05 1.058640e-102 0.000000e+00 4.679301e-44 0.000000e+00 0.000000e+00
3.162278e+01 1.117507e+02 3.888890e+03 1.275243e+03 4.797217e-04 3.365361e-05 1.229041e-15 8.724157e-15 1.411106e-16 1.597493e-04 3.552982e-18 1.663827e-05 2.701074e-04 3.297938e-16 4.995501e-13 1.442674e-08 1.699882e-06 1.383262e-134 4.473550e-128 0.000000e+00 0.000000e+00 1.449709e-05 1.009847e-83 0.000000e+00 5.807178e-50 7.473449e-306 0.000000e+00
3.981072e+01 9.772717e+01 4.281128e+03 3.778498e+02 4.016090e-04 2.524346e-05 1.510768e-15 1.370079e-14 2.402026e-16 1.596801e-04 5.075778e-18 2.094770e-05 2.004805e-04 4.594930e-16 4.992275e-13 8.105259e-09 1.699848e-06 1.626117e-120 4.162590e-145 0.000000e+00 0.000000e+00 1.449698e-05 3.345431e-71 0.000000e+00 3.889502e-56 1.892818e-287 0.000000e+00
5.011872e+01 8.640493e+01 4.764923e+03 7.463699e+01 3.422396e-04 1.877187e-05 1.783867e-15 2.100320e-14 3.952588e-16 1.595880e-04 6.859752e-18 2.637278e-05 1.476788e-04 6.327084e-16 4.988653e-13 4.450814e-09 1.699803e-06 4.673683e-104 1.479929e-162 1.536701e-304 0.000000e+00 1.449670e-05 1.276624e-56 0.000000e+00 1.491036e-62 2.693504e-266 4.752086e-309
6.309573e+01 7.714643e+01 5.355658e+03 3.317199e+01 2.974487e-04 1.384253e-05 2.019949e-15 3.150523e-14 6.305462e-16 1.594635e-04 8.735176e-18 3.320230e-05 1.079443e-04 8.588612e-16 4.984742e-13 2.393842e-09 1.699740e-06 1.553072e-97 9.026866e-181 1.603863e-295 0.000000e+00 1.449625e-05 5.910663e-51 0.000000e+00 6.972935e-69 1.689210e-257 3.134110e-300
7.943282e+01 6.948132e+01 6.072234e+03 1.474311e+01 2.639746e-04 1.013489e-05 2.192315e-15 4.634831e-14 9.801591e-16 1.592935e-04 1.045879e-17 4.179980e-05 7.834968e-05 1.147331e-15 4.980691e-13 1.264369e-09 1.699652e-06 6.020094e-91 2.077265e-199 1.729369e-288 0.000000e+00 1.449560e-05 2.173373e-45 0.000000e+00 6.242784e-63 1.376897e-249 2.992282e-293
1.000000e+02 6.305718e+01 6.937467e+03 6.552491e+00 2.392139e-04 7.384952e-06 2.283020e-15 6.701635e-14 1.495838e-15 1.590598e-04 1.178206e-17 5.262290e-05 5.657428e-05 1.507535e-15 4.976665e-13 6.578756e-10 1.699531e-06 9.201122e-86 8.739935e-205 2.790526e-282 0.000000e+00 1.449471e-05 1.222224e-40 0.000000e+00 7.317132e-58 7.757080e-245 7.249735e-289
1.258925e+02 5.761085e+01 7.979177e+03 2.912217e+00 2.210575e-04 5.373146e-06 2.288139e-15 9.542309e-14 2.262377e-15 1.587380e-04 1.253788e-17 6.624760e-05 4.075313e-05 1.949988e-15 4.972825e-13 3.384879e-10 1.699363e-06 1.299567e-80 2.136115e-199 9.447395e-277 0.000000e+00 1.449350e-05 1.520598e-36 5.102908e-319 3.635079e-53 9.800689e-239 4.076204e-284
1.584893e+02 5.294869e+01 9.232027e+03 1.941477e+00 2.077899e-04 3.917891e-06 2.218330e-15 1.340038e-13 3.424249e-15 1.582958e-04 1.269460e-17 8.339891e-05 2.938499e-05 2.488319e-15 4.969285e-13 1.729775e-10 1.699133e-06 4.727138e-80 2.857952e-195 7.809655e-287 0.000000e+00 1.449190e-05 6.688895e-35 0.000000e+00 1.225985e-51 2.223663e-245 1.158816e-296
1.995262e+02 4.893199e+01 1.074044e+04 1.294318e+00 1.980324e-04 2.872584e-06 2.094852e-15 1.857928e-13 5.227870e-15 1.576917e-04 1.234974e-17 1.049894e-04 2.127937e-05 3.141869e-15 4.966106e-13 8.824790e-11 1.698822e-06 2.957473e-79 6.561695e-199 2.933787e-291 0.000000e+00 1.448979e-05 1.304463e-33 0.000000e+00 1.114125e-50 3.043357e-251 4.825641e-302
2.511886e+02 4.546262e+01 1.256233e+04 1.294318e+00 1.906997e-04 2.123060e-06 1.943186e-15 2.544731e-13 8.085628e-15 1.568728e-04 1.167630e-17 1.321674e-04 1.551836e-05 3.938420e-15 4.963283e-13 4.520495e-11 1.698407e-06 7.557747e-82 6.717023e-206 7.498179e-290 0.000000e+00 1.448704e-05 3.788674e-35 0.000000e+00 1.968360e-53 3.209752e-250 3.019336e-300
3.162278e+02 4.247042e+01 1.477361e+04 1.294318e+00 1.849555e-04 1.583837e-06 1.787467e-15 3.443804e-13 1.267138e-14 1.557727e-04 1.086156e-17 1.663782e-04 1.141759e-05 4.917168e-15 4.960765e-13 2.339709e-11 1.697863e-06 1.123868e-83 3.215737e-214 2.881352e-297 0.000000e+00 1.448347e-05 2.752492e-36 0.000000e+00 2.505435e-55 2.465447e-253 2.974684e-307
3.981072e+02 3.990418e+01 1.747429e+04 1.294318e+00 1.801619e-04 1.193054e-06 1.647730e-15 4.604316e-13 2.006157e-14 1.543105e-04 1.006867e-17 2.094403e-04 8.482338e-06 6.132590e-15 4.958470e-13 1.231930e-11 1.697158e-06 5.932439e-88 3.129444e-243 7.026602e-320 0.000000e+00 1.447892e-05 5.729849e-38 0.000000e+00 8.202136e-59 3.501307e-274 0.000000e+00
5.011872e+02 3.772543e+01 2.079659e+04 1.294318e+00 1.758294e-04 9.070348e-07 1.539758e-15 6.079405e-13 3.193956e-14 1.523895e-04 9.425536e-18 2.636416e-04 6.363434e-06 7.660127e-15 4.956298e-13 6.647325e-12 1.696254e-06 6.194065e-92 1.091850e-269 0.000000e+00 0.000000e+00 1.447316e-05 2.309228e-39 0.000000e+00 9.007290e-62 1.194057e-291 0.000000e+00
6.309573e+02 3.590560e+01 2.491676e+04 1.294318e+00 1.715741e-04 6.953731e-07 1.477139e-15 7.922583e-13 5.088274e-14 1.498995e-04 9.035224e-18 3.318603e-04 4.818118e-06 9.604990e-15 4.954140e-13 3.705233e-12 1.695103e-06 4.674489e-96 1.213638e-293 0.000000e+00 0.000000e+00 1.446599e-05 4.580625e-41 0.000000e+00 5.689189e-65 1.473583e-310 0.000000e+00
7.943282e+02 3.442475e+01 3.007215e+04 1.294318e+00 1.670878e-04 5.369988e-07 1.475004e-15 1.018179e-12 8.074971e-14 1.467212e-04 9.000609e-18 4.177160e-04 3.678760e-06 1.211579e-14 4.951878e-13 2.152242e-12 1.693650e-06 4.800943e-101 3.087292e-316 0.000000e+00 0.000000e+00 1.445719e-05 9.479188e-43 0.000000e+00 1.117572e-68 0.000000e+00 0.000000e+00
1.000000e+03 3.326977e+01 3.658465e+04 1.294318e+00 1.621209e-04 4.172641e-07 1.555503e-15 1.289113e-12 1.271795e-13 1.427356e-04 9.459790e-18 5.257599e-04 2.829587e-06 1.540518e-14 4.949389e-13 1.314776e-12 1.691826e-06 5.318458e-105 0.000000e+00 0.000000e+00 0.000000e+00 1.444659e-05 3.341367e-44 0.000000e+00 1.540282e-71 0.000000e+00 0.000000e+00
1.258925e+03 3.243758e+01 4.489952e+04 1.294318e+00 1.564787e-04 3.259020e-07 1.759350e-15 1.605865e-12 1.981986e-13 1.378389e-04 1.065741e-17 6.617125e-04 2.190245e-06 1.978274e-14 4.946534e-13 8.531286e-13 1.689544e-06 1.559984e-110 0.000000e+00 0.000000e+00 0.000000e+00 1.443411e-05 4.625161e-46 0.000000e+00 1.015686e-75 0.000000e+00 0.000000e+00
1.584893e+03 3.193444e+01 5.563940e+04 1.294318e+00 1.500272e-04 2.556277e-07 2.167152e-15 1.965295e-12 3.049452e-13 1.319606e-04 1.307235e-17 8.327615e-04 1.704443e-06 2.570499e-14 4.943155e-13 5.939406e-13 1.686702e-06 1.968718e-115 0.000000e+00 0.000000e+00 0.000000e+00 1.441975e-05 1.596498e-47 0.000000e+00 3.527560e-79 0.000000e+00 0.000000e+00
1.995262e+03 3.177682e+01 6.968600e+04 1.294318e+00 1.427041e-04 2.012021e-07 2.948476e-15 2.358946e-12 4.626060e-13 1.250837e-04 1.770805e-17 1.047933e-03 1.332304e-06 3.385338e-14 4.939064e-13 4.478394e-13 1.683174e-06 3.842501e-121 0.000000e+00 0.000000e+00 0.000000e+00 1.440371e-05 2.989734e-49 0.000000e+00 1.703705e-83 0.000000e+00 0.000000e+00
2.511886e+03 3.197974e+01 8.826732e+04 9.683877e+03 1.345266e-04 1.588024e-07 4.467582e-15 2.772881e-12 6.921283e-13 1.172574e-04 2.671113e-17 1.318553e-03 1.045208e-06 4.524674e-14 4.934037e-13 3.674850e-13 1.678805e-06 6.354271e-273 0.000000e+00 0.000000e+00 0.000000e+00 1.438636e-05 1.351170e-169 0.000000e+00 5.756855e-157 0.000000e+00 0.000000e+00
3.162278e+03 3.264240e+01 1.133885e+05 1.294318e+00 1.256135e-04 1.256172e-07 7.701941e-15 3.181557e-12 1.024008e-12 1.086238e-04 4.584947e-17 1.658827e-03 8.224565e-07 6.149536e-14 4.927797e-13 3.339980e-13 1.673409e-06 2.576172e-134 0.000000e+00 0.000000e+00 0.000000e+00 1.436827e-05 5.510034e-53 0.000000e+00 1.362458e-93 0.000000e+00 0.000000e+00
3.981072e+03 3.378528e+01 1.476867e+05 1.294318e+00 1.161385e-04 9.952906e-08 1.498966e-14 3.559651e-12 1.512941e-12 9.937337e-05 8.882989e-17 2.086547e-03 6.487045e-07 8.499111e-14 4.920001e-13 3.333961e-13 1.666752e-06 1.606020e-140 0.000000e+00 0.000000e+00 0.000000e+00 1.435018e-05 7.455207e-55 0.000000e+00 1.354300e-98 0.000000e+00 0.000000e+00
5.011872e+03 3.551290e+01 1.953366e+05 1.294318e+00 1.063454e-04 7.894989e-08 3.295659e-14 3.873819e-12 2.283319e-12 8.976236e-05 1.943669e-16 2.623971e-03 5.126136e-07 1.194996e-13 4.910223e-13 3.654148e-13 1.658549e-06 6.727869e-147 0.000000e+00 0.000000e+00 0.000000e+00 1.433290e-05 1.223227e-56 0.000000e+00 9.752958e-104 0.000000e+00 0.000000e+00
6.309573e+03 3.790535e+01 2.623173e+05 1.294318e+00 9.649233e-05 6.266794e-08 8.048582e-14 4.095329e-12 3.680679e-12 8.005846e-05 4.720403e-16 3.298900e-03 4.056375e-07 1.707796e-13 4.897935e-13 4.328306e-13 1.648449e-06 3.305863e-154 0.000000e+00 0.000000e+00 0.000000e+00 1.431712e-05 1.057737e-58 0.000000e+00 9.574586e-110 0.000000e+00 0.000000e+00
7.943282e+03 4.095459e+01 3.565248e+05 1.294318e+00 8.681294e-05 4.975341e-08 2.099735e-13 4.212096e-12 6.704980e-12 7.050285e-05 1.222250e-15 4.145985e-03 3.212834e-07 2.473905e-13 4.882489e-13 5.349366e-13 1.636012e-06 1.793636e-157 0.000000e+00 0.000000e+00 0.000000e+00 1.430304e-05 9.615959e-60 0.000000e+00 2.950344e-112 0.000000e+00 0.000000e+00
1.000000e+04 4.445074e+01 4.866775e+05 1.294318e+00 7.748784e-05 3.948952e-08 5.502984e-13 4.241224e-12 1.397430e-11 6.128292e-05 3.166021e-15 5.208303e-03 2.545845e-07 3.613658e-13 4.863103e-13 6.540420e-13 1.620699e-06 3.064937e-162 8.075178e-309 0.000000e+00 0.000000e+00 1.429014e-05 2.642073e-61 0.000000e+00 5.963656e-116 0.000000e+00 0.000000e+00
