# equilibrium, chi = 1, xi_cr = 2e-16 s^-1, T0 = 100 K; n_H T P/k t_end x_e He+ OHx CHx CO C+ HCO+ H2 H+ H3+ H2+ O+ Si+ C_high Si_high O++ O_high S+ S++ S_high N+ N++ N_high
1.000000e-02 9.387761e+03 1.278906e+02 1.000000e+04 2.623122e-01 2.233173e-02 1.814644e-24 1.107619e-23 2.027688e-29 1.599990e-04 3.626993e-29 4.001249e-09 2.397209e-01 1.085719e-21 3.764393e-13 6.443218e-05 1.692946e-06 1.141361e-14 7.053665e-09 1.763681e-23 2.111772e-53 1.449992e-05 2.475796e-14 7.295185e-33 1.895155e-05 3.294060e-21 3.791378e-47
1.258925e-02 9.273211e+03 1.562622e+02 1.000000e+04 2.385165e-01 1.989782e-02 3.792428e-24 1.832382e-23 4.930726e-29 1.599988e-04 8.292955e-29 5.178711e-09 2.183666e-01 1.582262e-21 3.871328e-13 5.842376e-05 1.693990e-06 7.478951e-15 6.009609e-09 8.258609e-24 3.772317e-54 1.449990e-05 1.711831e-14 2.611111e-33 1.744557e-05 1.694464e-21 8.405846e-48
1.584893e-02 9.162590e+03 1.911518e+02 1.000000e+04 2.163159e-01 1.770453e-02 7.889416e-24 3.022319e-23 1.205716e-28 1.599986e-04 1.892597e-28 6.686362e-09 1.983663e-01 2.300902e-21 3.971747e-13 5.284564e-05 1.694879e-06 4.907486e-15 5.120085e-09 3.883029e-24 6.840035e-55 1.449989e-05 1.188846e-14 9.448545e-34 1.599496e-05 8.729955e-22 1.883550e-48
1.995262e-02 9.055324e+03 2.341010e+02 1.000000e+04 1.956847e-01 1.573545e-02 1.634200e-23 4.971007e-23 2.963882e-28 1.599984e-04 4.312077e-28 8.613418e-09 1.797108e-01 3.339596e-21 4.065715e-13 4.768507e-05 1.695638e-06 3.220487e-15 4.361135e-09 1.830636e-24 1.255177e-55 1.449987e-05 8.283825e-15 3.447834e-34 1.460589e-05 4.498568e-22 4.253212e-49
2.511886e-02 8.950798e+03 2.870183e+02 1.000000e+04 1.765796e-01 1.397289e-02 3.371510e-23 8.154663e-23 7.320638e-28 1.599982e-04 9.810532e-28 1.107267e-08 1.623743e-01 4.839385e-21 4.153382e-13 4.292575e-05 1.696287e-06 2.109337e-15 3.712612e-09 8.629074e-25 2.313334e-56 1.449985e-05 5.780922e-15 1.262851e-34 1.328321e-05 2.312869e-22 9.616168e-50
3.162278e-02 8.849283e+03 3.523029e+02 1.000000e+04 1.589491e-01 1.239933e-02 6.930096e-23 1.334246e-22 1.815721e-27 1.599980e-04 2.229468e-27 1.420656e-08 1.463230e-01 7.003480e-21 4.234939e-13 3.855021e-05 1.696840e-06 1.380170e-15 3.158862e-09 4.071483e-25 4.290866e-57 1.449983e-05 4.044585e-15 4.652859e-35 1.203218e-05 1.187774e-22 2.181608e-50
3.981072e-02 8.749600e+03 4.328744e+02 1.000000e+04 1.427211e-01 1.099666e-02 1.419556e-22 2.177860e-22 4.519538e-27 1.599977e-04 5.061900e-27 1.819514e-08 1.315028e-01 1.012536e-20 4.310680e-13 3.453646e-05 1.697314e-06 8.976449e-16 2.684589e-09 1.908344e-25 7.845770e-58 1.449981e-05 2.823954e-15 1.703691e-35 1.085380e-05 6.053936e-23 4.881513e-51
5.011872e-02 8.650282e+03 5.323087e+02 1.000000e+04 1.278160e-01 9.747583e-03 2.898351e-22 3.547254e-22 1.128249e-26 1.599974e-04 1.148500e-26 2.326587e-08 1.178516e-01 1.462967e-20 4.380939e-13 3.086134e-05 1.697722e-06 5.767043e-16 2.276966e-09 8.804514e-26 1.381369e-58 1.449978e-05 1.956272e-15 6.108772e-36 9.747744e-06 3.038366e-23 1.055837e-51
6.309573e-02 8.550000e+03 6.549971e+02 1.000000e+04 1.141527e-01 8.635984e-03 5.899447e-22 5.766377e-22 2.822957e-26 1.599970e-04 2.604749e-26 2.970589e-08 1.053043e-01 2.113249e-20 4.446070e-13 2.750190e-05 1.698073e-06 3.639542e-16 1.925711e-09 3.967124e-26 2.297698e-59 1.449975e-05 1.337596e-15 2.117434e-36 8.713256e-06 1.491106e-23 2.170681e-52
7.943282e-02 8.447037e+03 8.062721e+02 1.000000e+04 1.016479e-01 7.646888e-03 1.197264e-21 9.357327e-22 7.075019e-26 1.599967e-04 5.906480e-26 3.787767e-08 9.379259e-02 3.053055e-20 4.506441e-13 2.443522e-05 1.698376e-06 2.240513e-16 1.622135e-09 1.729143e-26 3.531563e-60 1.449972e-05 8.967880e-16 6.983636e-37 7.748547e-06 7.094070e-24 4.157882e-53
1.000000e-01 8.339132e+03 9.925387e+02 1.000000e+04 9.021828e-02 6.766504e-03 2.422798e-21 1.516170e-21 1.775114e-25 1.599963e-04 1.339446e-25 4.823866e-08 8.324709e-02 4.413422e-20 4.562430e-13 2.163882e-05 1.698639e-06 1.332767e-16 1.358881e-09 7.198275e-27 4.869904e-61 1.449969e-05 5.843092e-16 2.145346e-37 6.850933e-06 3.234042e-24 7.224605e-54
1.258925e-01 8.217445e+03 1.220481e+03 1.000000e+04 7.976182e-02 5.980660e-03 4.887094e-21 2.456093e-21 4.455801e-25 1.599958e-04 3.037350e-25 6.136746e-08 7.357986e-02 6.386847e-20 4.614497e-13 1.908597e-05 1.698868e-06 7.566462e-17 1.130273e-09 2.803280e-27 5.693678e-62 1.449965e-05 3.658390e-16 5.950442e-38 6.017298e-06 1.388827e-24 1.086824e-54
1.584893e-01 8.096532e+03 1.501703e+03 1.000000e+04 7.026729e-02 5.282796e-03 9.835337e-21 3.967575e-21 1.118742e-24 1.599953e-04 6.895968e-25 7.798789e-08 6.478628e-02 9.256233e-20 4.662719e-13 1.677292e-05 1.699068e-06 3.923934e-17 9.298896e-10 9.557147e-28 4.685319e-63 1.449960e-05 2.110108e-16 1.337125e-38 5.244523e-06 5.313389e-25 1.214184e-55
1.995262e-01 7.951144e+03 1.842821e+03 1.000000e+04 6.159172e-02 4.657214e-03 1.972226e-20 6.416162e-21 2.807219e-24 1.599948e-04 1.565762e-24 9.902299e-08 5.673912e-02 1.344220e-19 4.707726e-13 1.466345e-05 1.699243e-06 1.853745e-17 7.540967e-10 2.866674e-28 0.000000e+00 1.449956e-05 1.118219e-16 2.442600e-39 4.526436e-06 1.809132e-25 1.032692e-56
2.511886e-01 7.783169e+03 2.255531e+03 1.000000e+04 5.369896e-02 4.096775e-03 3.940939e-20 1.038160e-20 7.037205e-24 1.599942e-04 3.557017e-24 1.256285e-07 4.940938e-02 1.956941e-19 4.749686e-13 1.274815e-05 1.699397e-06 7.673199e-18 6.002278e-10 7.146070e-29 0.000000e+00 1.449951e-05 5.244354e-17 3.302799e-40 3.862068e-06 5.217743e-26 5.894046e-58
3.162278e-01 7.577303e+03 2.747226e+03 1.000000e+04 4.651503e-02 3.591850e-03 7.839569e-20 1.684805e-20 1.761095e-23 1.599936e-04 8.078837e-24 1.592664e-07 4.273273e-02 2.857075e-19 4.788897e-13 1.100849e-05 1.699533e-06 2.507647e-18 4.637756e-10 1.264500e-29 0.000000e+00 1.449945e-05 1.970260e-17 2.561713e-41 3.242944e-06 1.114409e-26 1.582318e-59
3.981072e-01 7.312784e+03 3.318774e+03 1.000000e+04 3.997425e-02 3.133769e-03 1.550144e-19 2.752774e-20 4.395485e-23 1.599929e-04 1.831919e-23 2.017807e-07 3.665220e-02 4.183908e-19 4.825564e-13 9.428234e-06 1.699654e-06 5.661488e-19 3.420572e-10 1.319408e-30 0.000000e+00 1.449939e-05 5.208029e-18 8.334482e-43 2.661499e-06 1.492755e-27 1.339769e-61
5.011872e-01 6.966686e+03 3.959582e+03 1.000000e+04 3.402643e-02 2.715409e-03 3.040582e-19 4.551006e-20 1.092867e-22 1.599922e-04 4.138717e-23 2.554944e-07 3.112472e-02 6.144519e-19 4.859727e-13 7.995123e-06 1.699761e-06 7.163731e-20 2.350991e-10 5.985075e-32 0.000000e+00 1.449932e-05 7.905065e-19 6.868934e-45 2.114492e-06 9.612935e-29 1.823573e-64
6.309573e-01 6.519572e+03 4.642742e+03 1.000000e+04 2.864033e-02 2.331691e-03 5.901985e-19 7.658577e-20 2.703410e-22 1.599915e-04 9.291774e-23 3.233276e-07 2.612414e-02 9.043790e-19 4.891208e-13 6.701559e-06 1.699850e-06 3.769713e-21 1.456846e-10 7.605660e-34 0.000000e+00 1.449925e-05 5.150123e-20 6.940768e-48 1.605377e-06 2.032238e-30 0.000000e+00
7.943282e-01 5.958406e+03 5.318850e+03 1.000000e+04 2.379685e-02 1.979316e-03 1.130393e-18 1.321538e-19 6.644291e-22 1.599908e-04 2.066216e-22 4.089459e-07 2.163466e-02 1.332254e-18 4.919625e-13 5.542809e-06 1.699917e-06 5.274889e-23 7.750942e-11 1.389267e-36 0.000000e+00 1.449916e-05 9.298553e-22 2.868921e-52 1.143223e-06 7.934340e-33 0.000000e+00
1.000000e+00 5.283508e+03 5.914812e+03 1.000000e+04 1.948632e-02 1.656826e-03 2.129221e-18 2.358335e-19 1.620388e-21 1.599900e-04 4.533642e-22 5.169499e-07 1.764805e-02 1.960065e-18 4.944488e-13 4.516156e-06 1.699961e-06 1.064413e-25 3.288935e-11 1.522021e-40 0.000000e+00 1.449906e-05 2.542948e-24 1.114902e-58 7.426542e-07 2.641178e-36 0.000000e+00
1.258925e+00 4.490174e+03 6.306693e+03 1.000000e+04 1.567767e-02 1.361800e-03 3.920042e-18 4.425696e-19 3.912920e-21 1.599892e-04 9.746140e-22 6.531378e-07 1.413565e-02 2.869125e-18 4.965295e-13 3.613462e-06 1.699984e-06 6.452182e-30 9.525022e-12 0.000000e+00 0.000000e+00 1.449893e-05 2.476787e-28 0.000000e+00 4.154444e-07 1.105747e-41 0.000000e+00
1.584893e+00 3.588584e+03 6.326435e+03 1.000000e+04 1.233677e-02 1.092467e-03 6.985344e-18 8.967416e-19 9.329455e-21 1.599880e-04 2.030508e-21 8.248161e-07 1.106511e-02 4.151951e-18 4.981471e-13 2.825193e-06 1.699991e-06 6.287288e-37 1.363354e-12 0.000000e+00 0.000000e+00 1.449876e-05 5.234211e-35 0.000000e+00 1.776609e-07 0.000000e+00 0.000000e+00
1.995262e+00 2.656007e+03 5.879547e+03 1.000000e+04 9.468630e-03 8.518174e-04 1.193746e-17 2.005552e-18 2.193083e-20 1.599861e-04 4.062094e-21 1.041145e-06 8.438431e-03 5.894976e-18 4.992567e-13 2.149258e-06 1.699991e-06 0.000000e+00 5.350056e-14 0.000000e+00 0.000000e+00 1.449850e-05 0.000000e+00 0.000000e+00 4.690198e-08 0.000000e+00 0.000000e+00
2.511886e+00 1.857457e+03 5.165618e+03 1.000000e+04 7.144054e-03 6.505184e-04 1.968019e-17 4.819691e-18 5.103184e-20 1.599827e-04 7.871318e-21 1.313540e-06 6.315751e-03 8.211750e-18 4.999192e-13 1.597136e-06 1.699989e-06 0.000000e+00 2.973160e-16 0.000000e+00 0.000000e+00 1.449810e-05 0.000000e+00 0.000000e+00 6.052608e-09 0.000000e+00 0.000000e+00
3.162278e+00 1.274871e+03 4.456262e+03 1.000000e+04 5.363524e-03 4.927103e-04 3.168491e-17 1.181107e-17 1.178599e-19 1.599778e-04 1.499515e-20 1.656362e-06 4.693472e-03 1.130975e-17 5.002738e-13 1.165742e-06 1.699986e-06 0.000000e+00 1.318205e-19 0.000000e+00 0.000000e+00 1.449751e-05 0.000000e+00 0.000000e+00 3.106113e-10 0.000000e+00 0.000000e+00
3.981072e+00 8.820646e+02 3.876891e+03 1.000000e+04 4.037832e-03 3.731908e-04 5.008563e-17 2.842293e-17 2.692030e-19 1.599711e-04 2.825364e-20 2.087783e-06 3.487638e-03 1.552813e-17 5.004445e-13 8.353959e-07 1.699983e-06 0.000000e+00 2.559416e-24 0.000000e+00 0.000000e+00 1.449679e-05 0.000000e+00 0.000000e+00 5.187367e-12 0.000000e+00 0.000000e+00
5.011872e+00 6.261599e+02 3.461662e+03 1.000000e+04 3.063281e-03 2.839238e-04 7.789231e-17 6.547572e-17 6.044985e-19 1.599625e-04 5.269485e-20 2.630723e-06 2.602612e-03 2.138915e-17 5.005143e-13 5.866341e-07 1.699978e-06 0.000000e+00 1.595217e-30 0.000000e+00 0.000000e+00 1.449612e-05 0.000000e+00 0.000000e+00 2.525647e-14 0.000000e+00 0.000000e+00
6.309573e+00 4.596845e+02 3.197251e+03 1.000000e+04 2.346593e-03 2.172456e-04 1.191633e-16 1.426589e-16 1.327160e-18 1.599516e-04 9.709886e-20 3.314075e-06 1.952798e-03 2.966585e-17 5.005299e-13 4.028008e-07 1.699973e-06 0.000000e+00 2.951489e-38 0.000000e+00 0.000000e+00 1.449570e-05 0.000000e+00 0.000000e+00 3.531724e-17 0.000000e+00 0.000000e+00
7.943282e+00 3.492099e+02 3.056285e+03 1.000000e+04 1.815614e-03 1.669964e-04 1.790910e-16 2.934764e-16 2.838010e-18 1.599380e-04 1.761959e-19 4.174222e-06 1.472214e-03 4.146530e-17 5.005091e-13 2.700645e-07 1.699968e-06 0.000000e+00 2.031659e-47 0.000000e+00 0.000000e+00 1.449559e-05 0.000000e+00 0.000000e+00 1.516978e-20 0.000000e+00 0.000000e+00
1.000000e+01 2.736182e+02 3.013667e+03 1.000000e+04 1.418273e-03 1.286895e-04 2.638478e-16 5.722629e-16 5.896907e-18 1.599213e-04 3.136208e-19 5.256969e-06 1.113290e-03 5.835530e-17 5.004550e-13 1.766545e-07 1.699960e-06 0.000000e+00 6.860626e-58 0.000000e+00 0.000000e+00 1.449577e-05 0.000000e+00 0.000000e+00 2.160661e-24 0.000000e+00 0.000000e+00
1.258925e+01 2.201485e+02 3.051737e+03 1.000000e+04 1.118186e-03 9.918144e-05 3.800478e-16 1.063798e-15 1.188593e-17 1.599006e-04 5.451771e-19 6.619971e-06 8.427953e-04 8.253248e-17 5.003643e-13 1.126734e-07 1.699951e-06 0.000000e+00 8.880459e-70 0.000000e+00 0.000000e+00 1.449613e-05 0.000000e+00 0.000000e+00 1.039376e-28 0.000000e+00 0.000000e+00
1.584893e+01 1.811288e+02 3.160298e+03 1.000000e+04 8.899469e-04 7.628024e-05 5.336754e-16 1.895893e-15 2.320882e-17 1.598750e-04 9.211749e-19 8.335807e-06 6.375252e-04 1.170300e-16 5.002319e-13 7.005044e-08 1.699940e-06 0.000000e+00 9.443805e-83 0.000000e+00 0.000000e+00 1.449652e-05 0.000000e+00 0.000000e+00 1.925918e-33 0.000000e+00 0.000000e+00
1.995262e+01 1.518536e+02 3.335002e+03 1.000000e+04 7.155473e-04 5.843031e-05 7.282952e-16 3.255558e-15 4.384524e-17 1.598428e-04 1.505104e-18 1.049584e-05 4.810349e-04 1.659404e-16 5.000535e-13 4.244213e-08 1.699926e-06 0.000000e+00 1.010137e-96 0.000000e+00 0.000000e+00 1.449685e-05 0.000000e+00 0.000000e+00 1.467896e-38 0.000000e+00 0.000000e+00
2.511886e+01 1.293659e+02 3.576325e+03 4.303945e+03 5.819894e-04 4.450198e-05 9.627764e-16 5.408783e-15 8.004565e-17 1.598020e-04 2.364877e-18 1.321507e-05 3.614635e-04 2.346189e-16 4.998263e-13 2.506040e-08 1.699907e-06 0.000000e+00 1.133789e-111 0.000000e+00 0.000000e+00 1.449705e-05 0.000000e+00 0.000000e+00 4.679301e-44 0.000000e+00 0.000000e+00
3.162278e+01 1.117507e+02 3.888890e+03 8.501620e+02 4.797217e-04 3.365361e-05 1.229041e-15 8.724157e-15 1.411106e-16 1.597493e-04 3.552982e-18 1.663827e-05 2.701074e-04 3.297938e-16 4.995501e-13 1.442674e-08 1.699882e-06 0.000000e+00 4.473550e-128 0.000000e+00 0.000000e+00 1.449709e-05 0.000000e+00 0.000000e+00 5.807178e-50 0.000000e+00 0.000000e+00
3.981072e+01 9.772717e+01 4.281128e+03 2.518998e+02 4.016090e-04 2.524346e-05 1.510768e-15 1.370079e-14 2.402026e-16 1.596801e-04 5.075778e-18 2.094770e-05 2.004805e-04 4.594930e-16 4.992275e-13 8.105259e-09 1.699848e-06 0.000000e+00 4.162590e-145 0.000000e+00 0.000000e+00 1.449698e-05 0.000000e+00 0.000000e+00 3.889502e-56 0.000000e+00 0.000000e+00
5.011872e+01 8.640493e+01 4.764923e+03 7.463699e+01 3.422396e-04 1.877187e-05 1.783867e-15 2.100320e-14 3.952588e-16 1.595880e-04 6.859752e-18 2.637278e-05 1.476788e-04 6.327084e-16 4.988653e-13 4.450814e-09 1.699803e-06 0.000000e+00 1.479929e-162 0.000000e+00 0.000000e+00 1.449670e-05 0.000000e+00 0.000000e+00 1.491036e-62 0.000000e+00 0.000000e+00
6.309573e+01 7.714643e+01 5.355658e+03 2.211466e+01 2.974487e-04 1.384253e-05 2.019949e-15 3.150523e-14 6.305462e-16 1.594635e-04 8.735176e-18 3.320230e-05 1.079443e-04 8.588612e-16 4.984742e-13 2.393842e-09 1.699740e-06 0.000000e+00 9.026866e-181 0.000000e+00 0.000000e+00 1.449625e-05 0.000000e+00 0.000000e+00 3.416299e-69 0.000000e+00 0.000000e+00
7.943282e+01 6.948132e+01 6.072234e+03 9.828738e+00 2.639746e-04 1.013489e-05 2.192315e-15 4.634831e-14 9.801591e-16 1.592935e-04 1.045879e-17 4.179980e-05 7.834968e-05 1.147331e-15 4.980691e-13 1.264369e-09 1.699652e-06 0.000000e+00 2.077265e-199 0.000000e+00 0.000000e+00 1.449560e-05 0.000000e+00 0.000000e+00 5.125364e-76 0.000000e+00 0.000000e+00
1.000000e+02 6.305718e+01 6.937467e+03 4.368327e+00 2.392139e-04 7.384952e-06 2.283020e-15 6.701635e-14 1.495838e-15 1.590598e-04 1.178206e-17 5.262290e-05 5.657428e-05 1.507535e-15 4.976665e-13 6.578756e-10 1.699531e-06 0.000000e+00 1.400238e-219 0.000000e+00 0.000000e+00 1.449471e-05 0.000000e+00 0.000000e+00 3.395674e-83 0.000000e+00 0.000000e+00
1.258925e+02 5.761085e+01 7.979177e+03 2.912217e+00 2.210575e-04 5.373146e-06 2.288139e-15 9.542309e-14 2.262377e-15 1.587380e-04 1.253788e-17 6.624760e-05 4.075313e-05 1.949988e-15 4.972825e-13 3.384879e-10 1.699363e-06 0.000000e+00 1.743325e-239 0.000000e+00 0.000000e+00 1.449350e-05 0.000000e+00 0.000000e+00 2.100333e-90 0.000000e+00 0.000000e+00
1.584893e+02 5.294869e+01 9.232027e+03 1.294318e+00 2.077899e-04 3.917891e-06 2.218330e-15 1.340038e-13 3.424249e-15 1.582958e-04 1.269460e-17 8.339891e-05 2.938499e-05 2.488319e-15 4.969285e-13 1.729775e-10 1.699133e-06 0.000000e+00 1.228302e-259 0.000000e+00 0.000000e+00 1.449190e-05 0.000000e+00 0.000000e+00 1.042379e-87 0.000000e+00 0.000000e+00
1.995262e+02 4.893199e+01 1.074044e+04 1.294318e+00 1.980324e-04 2.872584e-06 2.094852e-15 1.857928e-13 5.227870e-15 1.576917e-04 1.234974e-17 1.049894e-04 2.127937e-05 3.141869e-15 4.966106e-13 8.824790e-11 1.698822e-06 0.000000e+00 1.856088e-279 0.000000e+00 0.000000e+00 1.448979e-05 0.000000e+00 0.000000e+00 1.092701e-89 0.000000e+00 0.000000e+00
2.511886e+02 4.546262e+01 1.256233e+04 1.294318e+00 1.906997e-04 2.123060e-06 1.943186e-15 2.544731e-13 8.085628e-15 1.568728e-04 1.167630e-17 1.321674e-04 1.551836e-05 3.938420e-15 4.963283e-13 4.520495e-11 1.698407e-06 0.000000e+00 2.214432e-300 0.000000e+00 0.000000e+00 1.448704e-05 0.000000e+00 0.000000e+00 3.017337e-91 0.000000e+00 0.000000e+00
3.162278e+02 4.247042e+01 1.477361e+04 1.294318e+00 1.849555e-04 1.583837e-06 1.787467e-15 3.443804e-13 1.267138e-14 1.557727e-04 1.086156e-17 1.663782e-04 1.141759e-05 4.917168e-15 4.960765e-13 2.339709e-11 1.697863e-06 0.000000e+00 1.170936e-321 0.000000e+00 0.000000e+00 1.448347e-05 0.000000e+00 0.000000e+00 5.821854e-93 0.000000e+00 0.000000e+00
3.981072e+02 3.990418e+01 1.747429e+04 1.294318e+00 1.801619e-04 1.193054e-06 1.647730e-15 4.604316e-13 2.006157e-14 1.543105e-04 1.006867e-17 2.094403e-04 8.482338e-06 6.132590e-15 4.958470e-13 1.231930e-11 1.697158e-06 0.000000e+00 0.000000e+00 0.000000e+00 0.000000e+00 1.447892e-05 0.000000e+00 0.000000e+00 4.733542e-95 0.000000e+00 0.000000e+00
5.011872e+02 3.772543e+01 2.079659e+04 1.294318e+00 1.758294e-04 9.070348e-07 1.539758e-15 6.079405e-13 3.193956e-14 1.523895e-04 9.425536e-18 2.636416e-04 6.363434e-06 7.660127e-15 4.956298e-13 6.647325e-12 1.696254e-06 0.000000e+00 0.000000e+00 0.000000e+00 0.000000e+00 1.447316e-05 0.000000e+00 0.000000e+00 2.371870e-97 0.000000e+00 0.000000e+00
6.309573e+02 3.590560e+01 2.491676e+04 1.294318e+00 1.715741e-04 6.953731e-07 1.477139e-15 7.922583e-13 5.088274e-14 1.498995e-04 9.035224e-18 3.318603e-04 4.818118e-06 9.604990e-15 4.954140e-13 3.705233e-12 1.695103e-06 0.000000e+00 0.000000e+00 0.000000e+00 0.000000e+00 1.446599e-05 0.000000e+00 0.000000e+00 1.007324e-100 0.000000e+00 0.000000e+00
7.943282e+02 3.442475e+01 3.007215e+04 1.294318e+00 1.670878e-04 5.369988e-07 1.475004e-15 1.018179e-12 8.074971e-14 1.467212e-04 9.000609e-18 4.177160e-04 3.678760e-06 1.211579e-14 4.951878e-13 2.152242e-12 1.693650e-06 0.000000e+00 0.000000e+00 0.000000e+00 0.000000e+00 1.445719e-05 0.000000e+00 0.000000e+00 8.237007e-104 0.000000e+00 0.000000e+00
1.000000e+03 3.326977e+01 3.658465e+04 1.294318e+00 1.621209e-04 4.172641e-07 1.555503e-15 1.289113e-12 1.271795e-13 1.427356e-04 9.459790e-18 5.257599e-04 2.829587e-06 1.540518e-14 4.949389e-13 1.314776e-12 1.691826e-06 0.000000e+00 0.000000e+00 0.000000e+00 0.000000e+00 1.444659e-05 0.000000e+00 0.000000e+00 5.936962e-108 0.000000e+00 0.000000e+00
1.258925e+03 3.243758e+01 4.489952e+04 1.294318e+00 1.564787e-04 3.259020e-07 1.759350e-15 1.605865e-12 1.981986e-13 1.378389e-04 1.065741e-17 6.617125e-04 2.190245e-06 1.978274e-14 4.946534e-13 8.531286e-13 1.689544e-06 0.000000e+00 0.000000e+00 0.000000e+00 0.000000e+00 1.443411e-05 0.000000e+00 0.000000e+00 4.948102e-112 0.000000e+00 0.000000e+00
1.584893e+03 3.193444e+01 5.563940e+04 1.294318e+00 1.500272e-04 2.556277e-07 2.167152e-15 1.965295e-12 3.049452e-13 1.319606e-04 1.307235e-17 8.327615e-04 1.704443e-06 2.570499e-14 4.943155e-13 5.939406e-13 1.686702e-06 0.000000e+00 0.000000e+00 0.000000e+00 0.000000e+00 1.441975e-05 0.000000e+00 0.000000e+00 5.137479e-116 0.000000e+00 0.000000e+00
1.995262e+03 3.177682e+01 6.968600e+04 1.294318e+00 1.427041e-04 2.012021e-07 2.948476e-15 2.358946e-12 4.626060e-13 1.250837e-04 1.770805e-17 1.047933e-03 1.332304e-06 3.385338e-14 4.939064e-13 4.478394e-13 1.683174e-06 0.000000e+00 0.000000e+00 0.000000e+00 0.000000e+00 1.440371e-05 0.000000e+00 0.000000e+00 1.162732e-119 0.000000e+00 0.000000e+00
2.511886e+03 3.197974e+01 8.826732e+04 5.667747e+02 1.345266e-04 1.588024e-07 4.467582e-15 2.772881e-12 6.921283e-13 1.172574e-04 2.671113e-17 1.318553e-03 1.045208e-06 4.524674e-14 4.934037e-13 3.674850e-13 1.678805e-06 0.000000e+00 0.000000e+00 0.000000e+00 0.000000e+00 1.438636e-05 0.000000e+00 0.000000e+00 5.756847e-157 0.000000e+00 0.000000e+00
3.162278e+03 3.264240e+01 1.133885e+05 1.294318e+00 1.256135e-04 1.256172e-07 7.701941e-15 3.181557e-12 1.024008e-12 1.086238e-04 4.584947e-17 1.658827e-03 8.224565e-07 6.149536e-14 4.927797e-13 3.339980e-13 1.673409e-06 0.000000e+00 0.000000e+00 0.000000e+00 0.000000e+00 1.436827e-05 0.000000e+00 0.000000e+00 1.163772e-129 0.000000e+00 0.000000e+00
3.981072e+03 3.378528e+01 1.476867e+05 1.294318e+00 1.161385e-04 9.952906e-08 1.498966e-14 3.559651e-12 1.512941e-12 9.937337e-05 8.882989e-17 2.086547e-03 6.487045e-07 8.499111e-14 4.920001e-13 3.333961e-13 1.666752e-06 0.000000e+00 0.000000e+00 0.000000e+00 0.000000e+00 1.435018e-05 0.000000e+00 0.000000e+00 2.783358e-134 0.000000e+00 0.000000e+00
5.011872e+03 3.551290e+01 1.953366e+05 1.294318e+00 1.063454e-04 7.894989e-08 3.295659e-14 3.873819e-12 2.283319e-12 8.976236e-05 1.943669e-16 2.623971e-03 5.126136e-07 1.194996e-13 4.910223e-13 3.654148e-13 1.658549e-06 0.000000e+00 0.000000e+00 0.000000e+00 0.000000e+00 1.433290e-05 0.000000e+00 0.000000e+00 5.299863e-139 0.000000e+00 0.000000e+00
6.309573e+03 3.790535e+01 2.623173e+05 1.294318e+00 9.649233e-05 6.266794e-08 8.048582e-14 4.095329e-12 3.680679e-12 8.005846e-05 4.720403e-16 3.298900e-03 4.056375e-07 1.707796e-13 4.897935e-13 4.328306e-13 1.648449e-06 0.000000e+00 0.000000e+00 0.000000e+00 0.000000e+00 1.431712e-05 0.000000e+00 0.000000e+00 1.388134e-134 0.000000e+00 0.000000e+00
7.943282e+03 4.095459e+01 3.565248e+05 1.294318e+00 8.681294e-05 4.975341e-08 2.099735e-13 4.212096e-12 6.704980e-12 7.050285e-05 1.222250e-15 4.145985e-03 3.212834e-07 2.473905e-13 4.882489e-13 5.349366e-13 1.636012e-06 0.000000e+00 0.000000e+00 0.000000e+00 0.000000e+00 1.430304e-05 0.000000e+00 0.000000e+00 1.683585e-125 0.000000e+00 0.000000e+00
1.000000e+04 4.445074e+01 4.866775e+05 1.294318e+00 7.748784e-05 3.948952e-08 5.502984e-13 4.241224e-12 1.397430e-11 6.128292e-05 3.166021e-15 5.208303e-03 2.545845e-07 3.613658e-13 4.863103e-13 6.540420e-13 1.620699e-06 0.000000e+00 8.075178e-309 0.000000e+00 0.000000e+00 1.429014e-05 0.000000e+00 0.000000e+00 1.053167e-116 0.000000e+00 0.000000e+00
