# F06: NCR in Tigris (T3_onezone/F06_ncr) and the NCR python reference
# (tst/regression/data/ref_photchem_solutions/noshld_zg0.0_zd0.0_chi0.0_xi0.00.txt)
# n_H [cm^-3], P/k [K cm^-3]
@ ncr_nH 161
0.0099999999999999881
0.011220184543019623
0.012589254117941659
0.014125375446227524
0.015848931924611117
0.017782794100389208
0.019952623149688774
0.022387211385683368
0.025118864315095763
0.028183829312644505
0.03162277660168375
0.03548133892335751
0.039810717055349686
0.044668359215096244
0.050118723362727151
0.056234132519034842
0.063095734448019247
0.070794578438413719
0.079432823472428041
0.08912509381337444
0.099999999999999881
0.11220184543019622
0.12589254117941659
0.14125375446227523
0.15848931924611115
0.17782794100389207
0.19952623149688772
0.22387211385683375
0.25118864315095762
0.28183829312644504
0.3162277660168375
0.35481338923357508
0.39810717055349676
0.44668359215096254
0.50118723362727158
0.56234132519034841
0.63095734448019258
0.70794578438413724
0.79432823472428027
0.89125093813374434
0.99999999999999889
1.1220184543019616
1.2589254117941659
1.4125375446227522
1.584893192461112
1.7782794100389203
1.9952623149688764
2.2387211385683372
2.511886431509577
2.8183829312644515
3.162277660168376
3.5481338923357493
3.9810717055349683
4.4668359215096247
5.0118723362727184
5.6234132519034841
6.3095734448019218
7.0794578438413724
7.9432823472428042
8.9125093813374487
9.9999999999999876
11.220184543019615
12.58925411794166
14.125375446227521
15.848931924611124
17.782794100389207
19.952623149688762
22.387211385683372
25.118864315095767
28.183829312644512
31.622776601683761
35.481338923357491
39.810717055349691
44.668359215096245
50.118723362727188
56.234132519034837
63.095734448019215
70.794578438413723
79.432823472428041
89.125093813374463
99.999999999999886
112.20184543019616
125.89254117941645
141.25375446227537
158.48931924611125
177.82794100389202
199.52623149688765
223.87211385683349
251.18864315095794
281.83829312644508
316.22776601683756
354.81338923357487
398.10717055349647
446.68359215096291
501.18723362727178
562.34132519034836
630.95734448019221
707.94578438413646
794.32823472428117
891.25093813374474
999.99999999999886
1122.0184543019616
1258.9254117941646
1412.5375446227536
1584.8931924611122
1778.2794100389206
1995.2623149688761
2238.7211385683349
2511.8864315095793
2818.3829312644516
3162.2776601683759
3548.1338923357489
3981.0717055349642
4466.8359215096298
5011.8723362727187
5623.4132519034847
6309.5734448019239
7079.4578438413655
7943.2823472428117
8912.5093813374478
9999.9999999999873
11220.184543019615
12589.254117941646
14125.375446227537
15848.931924611119
17782.794100389205
19952.623149688763
22387.211385683349
25118.864315095791
28183.829312644517
31622.776601683756
35481.338923357493
39810.717055349647
44668.359215096287
50118.723362727193
56234.132519034836
63095.734448019219
70794.57843841365
79432.823472428106
89125.093813374493
99999.999999999869
112201.84543019615
125892.54117941645
141253.75446227536
158489.3192461112
177827.94100389205
199526.23149688763
223872.11385683352
251188.64315095791
281838.29312644515
316227.7660168375
354813.38923357485
398107.1705534964
446683.59215096303
501187.2336272719
562341.32519034843
630957.34448019217
707945.78438413655
794328.23472428136
891250.93813374476
999999.99999999884
@ ncr_pok 161
128.22503618144125
141.94359283227283
157.18039861783447
174.10897314795002
192.9322459658346
213.84829311836765
237.10731830373817
262.96842802600713
291.75210283954107
323.78359945763117
359.44761560027564
399.13898740707276
443.33264608150853
492.53387725999585
547.35325702280204
608.38366743515951
676.37228596959483
752.10964206534197
836.43419884704952
930.35366658333123
1034.9279728748202
1151.3400388209068
1280.9051079982676
1425.0071888206855
1585.2596518169719
1763.2896696177156
1960.9568158997881
2180.1725512681833
2422.9677538106839
2691.3454379310192
2987.2773456846298
3312.5586273663598
3668.4285380086358
4055.0395037323151
4470.7769732373108
4910.2674582598129
5361.3793651989945
5799.4181307916742
6180.7416756890243
6452.7564982628037
6596.9331592249937
6633.5517732915778
6578.1850344469003
6436.8494394631662
6217.3251924320848
5932.9091837003571
5601.7683142887036
5244.9512867702997
4883.999260544274
4538.5053795254789
4223.226696895541
3945.0776853182842
3703.9514893161913
3498.7362777976218
3329.7808472019642
3195.9004468995263
3094.0521168634014
3020.8347586294431
2973.133250947049
2948.2800322378425
2944.0882448077018
2958.8388501041945
2991.239799714403
3040.3829630786086
3105.7043223734308
3186.9467944911889
3284.1336570710064
3397.5466644468261
3527.7112486538886
3675.3855631409788
3841.5541570904466
4027.4244997258506
4234.4215843429583
4464.1879342530265
4718.5828184694756
4999.6785339786584
5309.7655241716438
5651.3553183237118
6027.1908952280673
6440.2728042345561
6893.8855941372358
7391.6492129302242
7937.5819845124925
8536.1801509993511
9192.508822454005
9912.3134867198714
10702.132413859348
11569.436993698961
12522.771131358195
13571.915807861094
14728.078973075924
16004.114603056765
17414.769154430884
18977.00135013715
20710.33640457514
22637.308354777579
24783.989606115731
27180.625789787508
29862.429050341208
32870.506189781991
36253.024722568793
40066.638650579327
44378.229964892627
49267.099932475212
54827.662491238705
61172.867844952787
68438.468283376613
76788.472227469712
86422.038401708414
97582.25312905162
110567.35046189949
125744.75707061084
143568.41886239432
164599.50889386082
189529.05856981527
219198.29504009581
254609.1332486468
296909.57735539071
347340.20274022152
407138.47515421425
477436.54509678768
559215.20992760535
653360.37937814835
760799.46691446635
882653.66458712204
1020348.9327651219
1175683.8978872569
1350856.7588760429
1548626.8927070471
1772155.7254069496
2025375.7337399719
2312907.0902418816
2640013.1997194146
3013389.8070966075
3440379.5015491848
3930027.4414172093
4493192.0638260795
5142658.0432616752
5894029.4177488247
6766209.3855362171
7782246.7737411521
8970586.1670579482
10366607.143660083
12015363.890462572
13973574.898193302
16315526.949185861
19140880.589805882
22588678.055146884
26862451.438027266
32274857.422562115
39367545.158021986
49243560.647483647
65018180.757791623
201946082.86229789
255823566.41377133
330511513.48634958
402304606.97754574
475743682.67241704
553273721.81244397
636375346.48443913
726188841.41781449
@ ncr_xe 161
0.24907819089197356
0.2379369748310296
0.22713921052896083
0.21668596187651276
0.20678233353865041
0.19700385696370676
0.18756593216103648
0.17829682848571002
0.16954032416945169
0.16111073416581378
0.1531349168998076
0.14532910213267961
0.13783049148938903
0.13053038403596354
0.12372363608690927
0.11701718127548069
0.11067594420464784
0.10466474051666362
0.098780801221879044
0.093209425277775468
0.087877301175168371
0.082775854665733825
0.077928083845028362
0.073231773568312633
0.068794890049693913
0.064512860376607417
0.060443849724684855
0.056558863275680445
0.052859873049541935
0.049320343793243078
0.045940231211344738
0.042724210975277899
0.039660715708248931
0.036736650063334236
0.033949634903300399
0.031286282811846207
0.02873291815881034
0.026268769152995579
0.023867502962705348
0.02151591228651125
0.019246616934449991
0.017111901385731734
0.015136997656038839
0.01332723495335683
0.011682313266785899
0.010199922377188596
0.0088758924886214296
0.0077040462605210847
0.0066761928747934634
0.0057822455953565706
0.0050102089219922208
0.0043462145829350676
0.0037757586187648611
0.0032858873661686674
0.0028656304289346587
0.0025050371428921698
0.00219512737982443
0.0019281653973968304
0.0016976295006692875
0.0014980621071617212
0.0013249071736891962
0.0011743600089831009
0.0010432354134468037
0.00092885706497890849
0.00082896655407915841
0.00074164909165632385
0.00066527386875444411
0.00059844567356823869
0.00053996595332116962
0.00048880114850756331
0.00044405685105797167
0.00040495653864433675
0.00037082382986294621
0.00034106769989799592
0.00031516991796721788
0.00029267430192186125
0.00027317759905316974
0.00025632164275371885
0.00024178675900661417
0.00022928631756088209
0.00021856230628163341
0.00020938191871796964
0.00020153497329435032
0.0001948320004239107
0.00018910279032356925
0.00018419519411100839
0.00017997399121162444
0.00017631970476359517
0.00017312730659094255
0.00017030481087416835
0.00016777179458470418
0.0001654579057572625
0.00016330143078435838
0.00016124795483579777
0.00015924918847657948
0.00015726196687292258
0.00015524744903182904
0.00015317052619398422
0.0001509994219545372
0.00014870551048590318
0.00014626330051961017
0.00014365058392144011
0.00014084872414419836
0.00013784302605510145
0.00013462317055477235
0.00013118363131715602
0.00012752405032902199
0.00012364948798942495
0.00011957052224313552
0.0001153031440814171
0.0001108684169158645
0.00010629190904277453
0.00010160288381033264
9.6833253169192234e-05
9.201632856838941e-05
8.7185387382157791e-05
8.2372084174792343e-05
7.7604876107053249e-05
7.2907770188417259e-05
6.8299958180186268e-05
6.3796824672308994e-05
5.9412120055015598e-05
5.5160096877046479e-05
5.1056334442050172e-05
4.7117009469892511e-05
4.3357320031173103e-05
3.9790021955001202e-05
3.6424439844661407e-05
3.3266514886080139e-05
3.0318139130894306e-05
2.7578360694149362e-05
2.5043251586008683e-05
2.2706326095492164e-05
2.0559885014039088e-05
1.8594294501918012e-05
1.6799402321000773e-05
1.5164559504568282e-05
1.3678791370296701e-05
1.2331253163691209e-05
1.1111302798149807e-05
1.0008648990958303e-05
9.0134771958339663e-06
8.116506145186608e-06
7.3090816543250063e-06
6.5830726544400495e-06
5.9310189629093496e-06
5.3461196554831232e-06
4.8222651081956651e-06
4.3540742816584831e-06
3.9369016416895982e-06
3.5673328109113769e-06
3.2441845053725897e-06
2.9733487880070392e-06
3.1042338185983406e-06
2.7937575791735577e-06
2.5475022991732302e-06
2.3034982285630588e-06
2.0745327155580888e-06
1.8639980320386062e-06
1.6722664931620905e-06
1.4986156299317358e-06
@ ncr_xH2 161
1.0324782984916524e-10
1.1846041564160532e-10
1.3579862113450379e-10
1.5554663013009791e-10
1.7801092444181545e-10
2.0358352081497644e-10
2.3265970118528756e-10
2.6571670589520106e-10
3.0325056421782266e-10
3.4586790517910227e-10
3.9422701388609143e-10
4.4911005339223784e-10
5.1136282087127454e-10
5.8196574360274603e-10
6.6199548012691816e-10
7.5273241958129345e-10
8.5557427675397672e-10
9.7213561622436888e-10
1.1042645039512683e-09
1.2540396807672249e-09
1.4238535830724437e-09
1.6164395263530019e-09
1.8349302876097945e-09
2.082944858361131e-09
2.3646417086896584e-09
2.6848883090007703e-09
3.0493328493617379e-09
3.4646549408288603e-09
3.9387750819375915e-09
4.4812988427003816e-09
5.1039797001380357e-09
5.8214439736497709e-09
6.6526170667143345e-09
7.623031206010898e-09
8.7682547968478063e-09
1.0142171536933542e-08
1.1832164562564546e-08
1.3992610400324647e-08
1.6906940977220278e-08
2.10426432872114e-08
2.6982608542807351e-08
3.5405986925341066e-08
4.7339512416340823e-08
6.440080670061693e-08
8.9018383700594751e-08
1.2472474515416164e-07
1.7649153976201772e-07
2.5098440319282718e-07
3.5652104219318046e-07
5.0248639933902733e-07
6.9825829732867861e-07
9.5234591402645938e-07
1.2719332391102928e-06
1.6613105622414248e-06
2.1205976595717067e-06
2.6473151821760455e-06
3.2385476903954216e-06
3.8920625525159668e-06
4.6070723024744164e-06
5.384676720739285e-06
6.227821466376067e-06
7.1414840428972439e-06
8.1322456322094367e-06
9.2081851622178361e-06
1.0378928717143179e-05
1.1655398423368866e-05
1.3049976683045642e-05
1.457650517390104e-05
1.6250440783248323e-05
1.8088944412193306e-05
2.0111128751682162e-05
2.2338382573110061e-05
2.479431643835906e-05
2.7505274972728664e-05
3.0500709804620024e-05
3.3813110920050762e-05
3.7478789117871859e-05
4.1537973921620785e-05
4.6035082923040608e-05
5.1019836621187632e-05
5.6547003925087556e-05
6.2677489771039774e-05
6.9479100378632601e-05
7.7027447573984662e-05
8.5406663777925571e-05
9.4711175774690506e-05
0.0001050462516306933
0.00011653066671522559
0.00012929768618557327
0.00014349717490895686
0.00015929822988746797
0.00017689198977837532
0.0001964934255312269
0.00021834668205306787
0.00024272776417390599
0.0002699496357493527
0.00030036765040212604
0.00033438518041137635
0.00037246284674858938
0.0004151248879321189
0.00046297024885860039
0.00051668485585938011
0.00057705415618756052
0.00064498122551070157
0.00072150412329205114
0.00080782105034067457
0.0009053153736148737
0.001015590024924315
0.0011405047556156446
0.0012822204839061928
0.0014432564125109171
0.0016265491074346705
0.0018355179048189761
0.0020741425855971261
0.0023470315858498013
0.0026594488412723175
0.0030173151008183164
0.003427079047047307
0.0038955079394956652
0.0044293721472610376
0.0050352828495420204
0.0057197843415374124
0.0064897950848493398
0.0073531578338097503
0.0083191257702090755
0.0093986463435860174
0.010604386750843117
0.011950799105288219
0.013454452042858622
0.015133565856066289
0.017008851988926928
0.019103157626275284
0.021441277663907545
0.02405138972461902
0.026963159083146972
0.030209464352202928
0.033825983253463997
0.037850355476550059
0.042323274048158659
0.047287227638471915
0.052786277085390215
0.058865489963642832
0.065569519894533995
0.072941954258303757
0.081022559566456376
0.089845020109527524
0.099435567959777274
0.1098081819783603
0.12095998503329997
0.13285957686707475
0.14542950341706504
0.15848904617503423
0.17146989546903108
0.16904567827488848
0.15711158498735769
0.15862216107136826
0.1637812418460326
0.17105331076423108
0.1797472292929484
0.18951644367754594
0.20014547332871627
@ ref_nH 161
0.01
0.01122018454302
0.012589254117939999
0.01412537544623
0.01584893192461
0.017782794100389999
0.019952623149689999
0.022387211385679999
0.025118864315099999
0.028183829312640001
0.031622776601680003
0.035481338923360001
0.039810717055349998
0.044668359215099998
0.050118723362730003
0.056234132519029999
0.063095734448019997
0.07079457843841
0.079432823472429998
0.089125093813369999
0.10000000000000001
0.1122018454302
0.12589254117939999
0.14125375446230001
0.15848931924609999
0.17782794100390001
0.19952623149689999
0.2238721138568
0.25118864315099998
0.28183829312640002
0.31622776601680003
0.35481338923360001
0.39810717055349998
0.44668359215100001
0.5011872336273
0.5623413251903
0.63095734448020002
0.70794578438410005
0.79432823472430003
0.89125093813370004
1
1.122018454302
1.2589254117940001
1.412537544623
1.5848931924609999
1.778279410039
1.9952623149690001
2.2387211385680001
2.5118864315099998
2.8183829312639999
3.1622776601679998
3.5481338923360002
3.9810717055349998
4.4668359215100004
5.011872336273
5.623413251903
6.309573444802
7.0794578438410003
7.9432823472429996
8.9125093813369993
10
11.22018454302
12.589254117939999
14.125375446230001
15.84893192461
17.782794100389999
19.952623149690002
22.387211385680001
25.118864315100002
28.18382931264
31.622776601679998
35.481338923359999
39.810717055349997
44.668359215099997
50.118723362730002
56.234132519029998
63.095734448020004
70.794578438409999
79.432823472430002
89.12509381337
100
112.2018454302
125.8925411794
141.25375446230001
158.4893192461
177.82794100390001
199.52623149690001
223.87211385680001
251.18864315100001
281.8382931264
316.22776601679999
354.81338923359999
398.1071705535
446.68359215100003
501.18723362729997
562.34132519030004
630.95734448020005
707.94578438409997
794.32823472430005
891.25093813369995
1000
1122.018454302
1258.925411794
1412.537544623
1584.8931924609999
1778.2794100389999
1995.262314969
2238.7211385679998
2511.88643151
2818.382931264
3162.2776601679998
3548.1338923359999
3981.0717055350001
4466.8359215099999
5011.8723362729997
5623.4132519029999
6309.5734448020003
7079.4578438409999
7943.282347243
8912.5093813370004
10000
11220.184543019999
12589.25411794
14125.37544623
15848.93192461
17782.794100390001
19952.62314969
22387.211385679999
25118.8643151
28183.829312639999
31622.776601680001
35481.338923360003
39810.717055349996
44668.359215099998
50118.723362730001
56234.132519029998
63095.734448019997
70794.578438409997
79432.823472429998
89125.093813369996
100000
112201.8454302
125892.5411794
141253.75446230001
158489.3192461
177827.94100389999
199526.2314969
223872.11385679999
251188.643151
281838.29312639998
316227.76601680001
354813.3892336
398107.17055350001
446683.59215099999
501187.23362730001
562341.32519030001
630957.34448019997
707945.7843841
794328.23472429998
891250.93813370005
1000000
@ ref_pok 161
128.22497203559999
141.94352222489999
157.18031887789999
174.1088844926
192.93214662619999
213.8481832519
237.1071943808
262.96828967499999
291.75194864700001
323.7834265889
359.4474221424
399.13877240900001
443.3324040503
492.53360717179999
547.35295415999997
608.38333018959997
676.37190703529996
752.10921953699994
836.43372486279998
930.35313931070004
1034.927380763
1151.3393799150001
1280.904370152
1425.0063683579999
1585.2587333470001
1763.2886517879999
1960.9556784040001
2180.171287181
2422.9663625590001
2691.343891338
2987.275641492
3312.5567596129999
3668.426517203
4055.037284863
4470.774626378
4910.2649809539998
5361.3768843649996
5799.415805566
6180.7399259800004
6452.7552660179999
6596.9317937469996
6633.5509512970002
6578.18404379
6436.8483717749996
6217.3244844809997
5932.9079049299999
5601.7670782530004
5244.9501906320002
4883.9981137719997
4538.5041579700001
4223.2256190420003
3945.0765442319998
3703.9501372650002
3498.735096248
3329.7796999930001
3195.8992849760002
3094.0509405590001
3020.8335952819998
2973.1320839380001
2948.278514612
2944.0869975569999
2958.8375788459998
2991.2383256479998
3040.3816098299999
3105.7028446170002
3186.9453069770002
3284.13210695
3397.5450371289999
3527.7093882610002
3675.383566045
3841.552285927
4027.42221174
4234.4190772219999
4464.1856305580004
4718.5801640019999
4999.6759669490002
5309.7627489750002
5651.3518560310004
6027.187808439
6440.2691260580004
6893.881373792
7391.6449094640002
7937.5778256499998
8536.1754429199991
9192.5039321559998
9912.3072567109994
10702.126320150001
11569.430540949999
12522.763750349999
13571.908114829999
14728.0714866
16004.105107290001
17414.76000645
18976.991911870002
20710.326230670002
22637.296883759998
24783.975705979999
27180.613004080002
29862.414991860001
32870.490579750003
36253.008894359999
40066.62063102
44378.211818600001
49267.079021700003
54827.642001
61172.845368850001
68438.447079949998
76788.450831869995
86422.01242236
97582.233238460001
110567.3323098
125744.7199325
143568.38116819999
164599.50345670001
189529.04551
219198.3239661
254609.16637990001
296909.65772100003
347340.21473120002
407138.53776450001
477436.69984870002
559215.4368889
653360.44877090002
760799.44828969997
882653.89809579996
1020348.98216
1175683.942821
1350856.978356
1548627.24874
1772156.245419
2025376.091636
2312907.1785880001
2640012.9223600002
3013390.0125259999
3440380.4478420001
3930028.8743340001
4493191.9230669998
5142660.2438080003
5894031.7093759999
6766212.2413839996
7782251.1248679999
8970588.5409479998
10366608.190160001
12015372.202919999
13973579.44792
16315542.1008
19140897.134229999
22588703.172559999
26862494.967259999
32274896.840700001
39367660.736740001
49243717.490659997
65018403.88696
202441992.39129999
255827153.92910001
330513497.68519998
402305627.76700002
475744781.63309997
553274499.94260001
636375789.82529998
726189241.35749996
@ ref_xe 161
0.24907818650370001
0.23793699530429999
0.2271392059682
0.21668596197250001
0.2067823272183
0.19700387047670001
0.18756592470989999
0.178296822134
0.16954032489529999
0.16111072778480001
0.1531349092823
0.14532910868849999
0.13783048400530001
0.13053038104590001
0.12372362915100001
0.1170171832876
0.1106759378204
0.1046647400359
0.09878079501525
0.09320942884748
0.087877295731680002
0.082775856184190005
0.077928080534020006
0.073231775407640004
0.068794886010629996
0.064512863133249998
0.060443846428310001
0.056558859938009999
0.052859875837610003
0.049320342632439999
0.045940229643199999
0.042724209976270001
0.039660718121809997
0.036736646985680001
0.033949634210470002
0.031286280448669997
0.02873291695013
0.026268768627549999
0.023867505732859999
0.02151591518771
0.019246617187139999
0.017111904041150001
0.01513699926545
0.01332723611429
0.01168231524701
0.010199922792640001
0.0088758929111530001
0.0077040468881869996
0.006676193309961
0.0057822458825990001
0.0050102095566640003
0.00434621495013
0.003775758798299
0.003285887529987
0.0028656305779349999
0.0025050372725689998
0.002195127494445
0.001928165507489
0.0016976296158780001
0.0014980621573660001
0.0013249072358310001
0.0011743600629200001
0.0010432354469169999
0.00092885711292980001
0.00082896658691820001
0.00074164912878150004
0.00066527389857799996
0.00059844569656059996
0.00053996596919879999
0.00048880116171720004
0.0004440568684449
0.00040495654763110002
0.00037082383539259998
0.00034106770836670001
0.00031516992339310001
0.00029267430881520001
0.0002731776042413
0.00025632164503340001
0.00024178676289779999
0.00022928632006560001
0.00021856230766739999
0.00020938192024269999
0.00020153497492809999
0.00019483200148779999
0.000189102791076
0.00018419519465569999
0.0001799739915131
0.0001763197049115
0.00017312730676870001
0.0001703048108181
0.0001677717939583
0.00016545790582319999
0.00016330143011809999
0.00016124795378229999
0.0001592491873173
0.0001572619659435
0.00015524744898740001
0.00015317052484470001
0.00015099942073969999
0.0001487055095322
0.00014626329913710001
0.00014365058306829999
0.00014084872292459999
0.00013784302552940001
0.00013462316965209999
0.00013118363088200001
0.00012752404962750001
0.00012364948756099999
0.0001195705228709
0.0001153031443583
0.0001108684176741
0.0001062919117463
0.0001016028869053
9.6833255665919993e-05
9.2016331980550005e-05
8.7185390911179999e-05
8.2372088370349995e-05
7.7604880733440006e-05
7.290777509065e-05
6.8299963259869998e-05
6.3796829988389998e-05
5.9412125447220001e-05
5.5160101471440002e-05
5.1056338478549998e-05
4.7117013963119997e-05
4.3357323729550001e-05
3.9790025387460001e-05
3.642444338875e-05
3.326651840288e-05
3.0318142610360001e-05
2.7578363656379999e-05
2.5043253993830001e-05
2.2706327966999999e-05
2.0559887144700001e-05
1.8594296938980002e-05
1.6799404769000001e-05
1.516456095557e-05
1.367879357559e-05
1.2331255121060001e-05
1.111130464767e-05
1.0008650896959999e-05
9.0134785062929996e-06
8.1165071089070004e-06
7.3090832583119996e-06
6.5830736825230002e-06
5.9310205235369999e-06
5.3461209957120002e-06
4.8222665234179999e-06
4.3540759486629997e-06
3.936902823296e-06
3.5673349465180001e-06
3.244186492981e-06
2.973350588051e-06
3.0681447000880002e-06
2.793766432836e-06
2.5475048998449999e-06
2.3034993836760001e-06
2.074533785915e-06
1.86399874102e-06
1.672266901128e-06
1.498616015332e-06
@ ref_xH2 161
1.0324783095420001e-10
1.1846040620669999e-10
1.3579863451530001e-10
1.5554660424549999e-10
1.78010948956e-10
2.035834749039e-10
2.326597371886e-10
2.6571666344380001e-10
3.0325061098399998e-10
3.4586788349520001e-10
3.9422706850530001e-10
4.4911007538260002e-10
5.1136285307129996e-10
5.8196584163640002e-10
6.61995419411e-10
7.5273258922019999e-10
8.5557415294140003e-10
9.7213582548530007e-10
1.104264571999e-09
1.2540398523729999e-09
1.4238538460219999e-09
1.616439592311e-09
1.8349307250250001e-09
2.0829448597019999e-09
2.3646422847819998e-09
2.6848885529720001e-09
3.0493332874430001e-09
3.4646558939710001e-09
3.9387748702319998e-09
4.481299046928e-09
5.1039807756010003e-09
5.8214453009079996e-09
6.6526176378880002e-09
7.6230312380659996e-09
8.7682555823670007e-09
1.014217135831e-08
1.1832166846199999e-08
1.399261064805e-08
1.6906940285249999e-08
2.1042637107959999e-08
2.6982595283149999e-08
3.5405978878099997e-08
4.7339478963609997e-08
6.4400827910090001e-08
8.9018409338469996e-08
1.2472477182589999e-07
1.764917096135e-07
2.509847289518e-07
3.565218815388e-07
5.0248763664460001e-07
6.9825851860300003e-07
9.5234905428400002e-07
1.2719338210419999e-06
1.661319480372e-06
2.120611162498e-06
2.6473315659359999e-06
3.238567166861e-06
3.8920872126520004e-06
4.6071006951949997e-06
5.3846799527869999e-06
6.2278563045749999e-06
7.1415230574199998e-06
8.1322701721900003e-06
9.2082292949800001e-06
1.0378967799500001e-05
1.165544446275e-05
1.305002578262e-05
1.4576556437390001e-05
1.6250476204249999e-05
1.8088976330889999e-05
2.0111189570570001e-05
2.233840929511e-05
2.479433416577e-05
2.75053359068e-05
3.0500749025439999e-05
3.3813183144260001e-05
3.7478861184899999e-05
4.1537990047329999e-05
4.6035174473099998e-05
5.1019888934330002e-05
5.6547025836750002e-05
6.2677540575649995e-05
6.9479211808470004e-05
7.7027538064109997e-05
8.5406783076780003e-05
9.4711184339160007e-05
0.0001050463377421
0.0001165307741975
0.00012929774968960001
0.00014349727790259999
0.00015929844364439999
0.00017689204517189999
0.00019649362401679999
0.00021834695222689999
0.000242728059533
0.00026994989749679998
0.0003003677549452
0.00033438555983639998
0.00037246322814120001
0.0004151252515578
0.0004629707543476
0.00051668529701210004
0.00057705476289429995
0.00064498173522910002
0.00072150485861710004
0.00080782178132540001
0.00090531639149060001
0.001015591183127
0.001140505694914
0.0012822220052289999
0.0014432581316749999
0.0016265496509480001
0.001835518500071
0.0020741449936
0.0023470334665649998
0.0026594525378949999
0.0030173186553209999
0.0034270841775449999
0.0038955101022209999
0.0044293760016880001
0.0050352898598610002
0.0057197939309530004
0.0064897997327789999
0.0073531601636489998
0.0083191375614840007
0.0093986529099889995
0.01060439436105
0.0119508140685
0.013454473089520001
0.01513359390037
0.017008875680019998
0.01910317336197
0.021441282378089999
0.024051411340730001
0.02696320479432
0.030209524540549999
0.033825994954850003
0.037850433570109997
0.042323350178120001
0.047287312507559999
0.052786390189729998
0.05886554480121
0.065569534272239993
0.072942096774129994
0.081022606016389997
0.089845205179359997
0.099435718464250006
0.1098083681965
0.1209602590129
0.13285968734129999
0.14542989528870001
0.15848929358399999
0.17146988918379999
0.16056031392010001
0.15711092354770001
0.15862229032870001
0.1637813315736
0.17105365227409999
0.17974755948599999
0.18951660990960001
0.20014581675449999
