# case N then per variant (default, no CO block, Jacobi, Riccati) |dT/T| |dx/x|; reference: default, 200000 substeps
# case 0 reference T 7.438098e+03 K x 9.579997e-01
0 1 4.113524e+01 4.639450e-03 4.113524e+01 4.639450e-03 4.038261e+01 4.384151e-02 4.789743e+01 2.930244e-01
0 2 9.998656e-01 4.362819e-02 9.998656e-01 4.362819e-02 2.178490e+00 7.508018e-01 9.998656e-01 4.368796e-02
0 4 5.273114e+00 5.136416e-01 5.273114e+00 5.136416e-01 4.937010e-01 3.927499e-01 9.998656e-01 7.349551e-01
0 8 5.499755e-02 3.317288e-03 5.499755e-02 3.317288e-03 2.247320e-01 2.315930e-01 2.757905e-02 1.445642e-03
0 16 1.154400e-02 5.718653e-04 1.154400e-02 5.718653e-04 5.877179e-01 1.473958e-01 1.272264e-02 4.758197e-04
0 32 3.105688e-03 1.351846e-04 3.105688e-03 1.351846e-04 1.890633e-01 3.858144e-02 2.095054e-03 7.745899e-05
0 64 1.612648e-03 6.284557e-05 1.612648e-03 6.284557e-05 1.884513e-01 2.127567e-02 1.094317e-03 3.789716e-05
0 128 9.387178e-04 3.387554e-05 9.387178e-04 3.387554e-05 1.558347e-01 8.723933e-03 6.221612e-04 2.062570e-05
0 256 5.472091e-04 1.880123e-05 5.472091e-04 1.880123e-05 1.103023e-01 6.854831e-03 3.387928e-04 1.098076e-05
0 512 3.034905e-04 1.014712e-05 3.034905e-04 1.014712e-05 6.147745e-02 4.441085e-03 1.777576e-04 5.695387e-06
0 1024 1.606163e-04 5.295389e-06 1.606163e-04 5.295389e-06 2.361116e-02 1.479615e-03 9.093650e-05 2.896434e-06
0 2048 8.242561e-05 2.698434e-06 8.242561e-05 2.698434e-06 4.651291e-04 3.453600e-05 4.569668e-05 1.450890e-06
0 4096 4.144065e-05 1.351911e-06 4.144065e-05 1.351911e-06 3.254198e-06 7.753172e-08 2.258121e-05 7.155433e-07
0 16384 9.828103e-06 3.197767e-07 9.828103e-06 3.197767e-07 1.576560e-07 1.957456e-09 5.018025e-06 1.582626e-07
# case 1 reference T 4.046458e+03 K x 3.199423e-01
1 1 5.936662e-01 1.931891e-01 5.936662e-01 1.931891e-01 5.937641e-01 1.932197e-01 7.959573e-01 6.706082e-01
1 2 1.766643e-01 7.214703e-01 1.766643e-01 7.214703e-01 1.134386e-01 1.047897e+00 5.568440e-01 2.575013e-01
1 4 1.712369e-02 3.195036e-01 1.712369e-02 3.195036e-01 1.267594e-02 5.917107e-01 2.772851e-01 2.866181e-02
1 8 1.700047e-02 1.698205e-01 1.700047e-02 1.698205e-01 2.102132e-02 2.463935e-01 1.229772e-01 2.071496e-02
1 16 1.737119e-02 8.825980e-02 1.737119e-02 8.825980e-02 6.533294e-02 4.698891e-02 5.482760e-02 1.846232e-02
1 32 1.152292e-02 4.497619e-02 1.152292e-02 4.497619e-02 8.036795e-02 4.800047e-04 2.534199e-02 1.095456e-02
1 64 6.579992e-03 2.268414e-02 6.579992e-03 2.268414e-02 8.246995e-02 1.735685e-02 1.209914e-02 5.853029e-03
1 128 3.509938e-03 1.138552e-02 3.509938e-03 1.138552e-02 7.475036e-02 2.159788e-02 5.900611e-03 3.010364e-03
1 256 1.811269e-03 5.700449e-03 1.811269e-03 5.700449e-03 5.754634e-02 1.795182e-02 2.913110e-03 1.522443e-03
1 512 9.191230e-04 2.849348e-03 9.191230e-04 2.849348e-03 3.287087e-02 9.565463e-03 1.448045e-03 7.626711e-04
1 1024 4.620927e-04 1.421706e-03 4.620927e-04 1.421706e-03 9.122112e-03 1.660311e-03 7.227769e-04 3.789384e-04
1 2048 2.307978e-04 7.073675e-04 2.307978e-04 7.073675e-04 8.865354e-06 5.090262e-04 3.619722e-04 1.861234e-04
1 4096 1.144440e-04 3.500683e-04 1.144440e-04 3.500683e-04 1.546430e-04 2.817728e-04 1.820300e-04 8.948011e-05
1 16384 2.686018e-05 8.203560e-05 2.686018e-05 8.203560e-05 4.530039e-05 6.656096e-05 4.727659e-05 1.689461e-05
# case 2 reference T 4.420793e+01 K x 1.522209e-04
2 1 1.393378e-01 1.000000e+00 1.393378e-01 1.000000e+00 1.393378e-01 1.000000e+00 1.393378e-01 1.000000e+00
2 2 8.974184e-01 4.089808e-02 8.980973e-01 1.727156e-02 9.145103e-01 1.000000e+00 8.975262e-01 4.023651e-02
2 4 1.071409e+01 3.745499e-02 2.637704e-01 8.971689e-01 3.644831e+00 8.665665e-01 1.073159e+01 3.719432e-02
2 8 1.787041e+00 4.719225e-02 2.742661e-01 3.240025e-01 1.231000e+00 8.867428e-01 2.013976e+00 4.705099e-02
2 16 1.020095e-02 4.908818e-02 1.096128e-01 5.026882e-02 1.084661e+00 6.414089e-01 2.423349e-02 4.909681e-02
2 32 1.372624e-01 4.944995e-02 3.839510e-01 4.701979e-01 3.037194e-02 4.999035e-02 1.367527e-01 4.945699e-02
2 64 4.028401e-04 1.072369e-04 2.180886e-01 1.310390e-01 4.424212e-03 9.341559e-04 3.870165e-04 1.028789e-04
2 128 2.093028e-04 5.454393e-05 1.316978e-03 2.881232e-04 1.821965e-03 4.009723e-04 2.016915e-04 5.233593e-05
2 256 1.065925e-04 2.748148e-05 6.279473e-04 1.415641e-04 8.338780e-04 1.887285e-04 1.030321e-04 2.640816e-05
2 512 5.373188e-05 1.377877e-05 3.071269e-04 7.028165e-05 4.004326e-04 9.190213e-05 5.218159e-05 1.328682e-05
2 1024 2.692298e-05 6.885463e-06 1.519837e-04 3.504100e-05 1.964179e-04 4.539593e-05 2.637366e-05 6.687571e-06
2 2048 1.342361e-05 3.428428e-06 7.565836e-05 1.751024e-05 9.734303e-05 2.257786e-05 1.336420e-05 3.376314e-06
2 4096 6.650152e-06 1.697325e-06 3.779913e-05 8.766038e-06 4.851102e-05 1.127287e-05 6.767245e-06 1.703378e-06
2 16384 1.559627e-06 3.978644e-07 9.535621e-06 2.216874e-06 1.218944e-05 2.838582e-06 1.635381e-06 4.095663e-07
