# logT | per element C Si O S N: tigris x0 x1..top x_high | chianti x0 x1..top x_sum>top | xe_metal tigris chianti. Fractions of the element.
4.00 9.99972e-01 5.02126e-11 5.07328e-30 9.68049e-01 3.19513e-02 8.90671e-12 9.99997e-01 3.15300e-06 8.64473e-19 4.85281e-01 5.14710e-01 9.60784e-06 9.99986e-01 1.26743e-11 3.17300e-39 1.49147e-77 9.97901e-01 2.09912e-03 3.80411e-18 1.74799e-43 1.00000e+00 1.81083e-09 2.36740e-25 6.32765e-53 8.41778e-01 1.58222e-01 6.88413e-11 5.51482e-26 1.00000e+00 2.58928e-11 2.81740e-36 7.09451e-71 9.99530e-01 4.69741e-04 1.20972e-15 1.63619e-37 5.40036e-12 8.98794e-06
4.05 9.99987e-01 2.92496e-10 1.30415e-27 8.68811e-01 1.31189e-01 9.07803e-10 9.99995e-01 5.00426e-06 3.52918e-18 2.31582e-01 7.68296e-01 1.21794e-04 9.99993e-01 2.31892e-11 8.96991e-37 8.09187e-72 9.86803e-01 1.31974e-02 2.31230e-15 1.19829e-37 1.00000e+00 1.25630e-08 5.92442e-23 2.40981e-48 5.58321e-01 4.41679e-01 6.85863e-09 4.84866e-22 1.00000e+00 5.40111e-11 4.77862e-34 8.31531e-66 9.96561e-01 3.43904e-03 4.19189e-13 2.54116e-32 8.74762e-12 3.31788e-05
4.10 9.99987e-01 6.88943e-09 8.78111e-24 6.31515e-01 3.68485e-01 4.51977e-08 9.99945e-01 5.54888e-05 9.19351e-16 9.91887e-02 8.99869e-01 9.41804e-04 9.99993e-01 3.86388e-10 1.28180e-32 9.07359e-64 9.34035e-01 6.59652e-02 6.90015e-13 1.91351e-32 9.99999e-01 7.44286e-07 8.66647e-19 2.99221e-41 2.56985e-01 7.43015e-01 2.54819e-07 9.87680e-19 1.00000e+00 1.06047e-09 4.61221e-30 2.55467e-58 9.79714e-01 2.02863e-02 7.78003e-11 1.10559e-27 1.06428e-10 9.38744e-05
4.15 9.99868e-01 1.16211e-04 8.70219e-14 3.45193e-01 6.54806e-01 1.04976e-06 2.36516e-01 7.63483e-01 8.71028e-07 4.38770e-02 9.50935e-01 5.18820e-03 9.99970e-01 2.21136e-05 1.18230e-21 9.80839e-46 7.60471e-01 2.39528e-01 9.73839e-11 7.43965e-28 9.15857e-01 8.41430e-02 4.58457e-08 2.53418e-24 9.72009e-02 9.02794e-01 4.71733e-06 6.55719e-16 9.99936e-01 6.36633e-05 2.73673e-19 7.87058e-41 9.06723e-01 9.32774e-02 7.76934e-09 1.45235e-23 2.54838e-06 2.03046e-04
4.20 3.79526e-01 6.20441e-01 1.50219e-05 1.62987e-01 8.37000e-01 1.32279e-05 1.51455e-04 9.78736e-01 2.11127e-02 2.12606e-02 9.57009e-01 2.17301e-02 7.39096e-01 2.60895e-01 4.44350e-12 6.85510e-30 4.55285e-01 5.44715e-01 5.87013e-09 6.83506e-24 3.96460e-02 9.60029e-01 3.24662e-04 5.68391e-15 3.65406e-02 9.63403e-01 5.62180e-05 1.91538e-13 5.33191e-01 4.66809e-01 4.16726e-10 1.07459e-25 7.01643e-01 2.98356e-01 3.82858e-07 5.62003e-20 2.32971e-04 3.45983e-04
4.25 1.19809e-01 8.79989e-01 1.95882e-04 7.96943e-02 9.20196e-01 1.09537e-04 9.22718e-05 8.74427e-01 1.25481e-01 1.13197e-02 9.18459e-01 7.02209e-02 3.42544e-01 6.57453e-01 1.00841e-09 6.84498e-25 2.05958e-01 7.94042e-01 1.60915e-07 1.68285e-20 1.62075e-02 9.81466e-01 2.32688e-03 3.62460e-12 1.49496e-02 9.84561e-01 4.89567e-04 2.89811e-11 2.37776e-01 7.62224e-01 4.18939e-08 2.45061e-21 4.06708e-01 5.93284e-01 8.46646e-06 6.14614e-17 4.23862e-04 4.61355e-04
4.30 4.63139e-02 9.52449e-01 1.23452e-03 4.35119e-02 9.55828e-01 6.59758e-04 4.81495e-05 6.38746e-01 3.61206e-01 6.38888e-03 8.19177e-01 1.74434e-01 1.35306e-01 8.64693e-01 5.30401e-08 5.80541e-21 8.79749e-02 9.12023e-01 2.54413e-06 1.48626e-17 7.51100e-03 9.79512e-01 1.29768e-02 7.83731e-10 6.92823e-03 9.89788e-01 3.28374e-03 2.46627e-09 1.26058e-01 8.73941e-01 1.36717e-06 7.15192e-18 1.94489e-01 8.05417e-01 9.34913e-05 2.21196e-14 5.11054e-04 5.21040e-04
4.35 1.98870e-02 9.74556e-01 5.55649e-03 2.64444e-02 9.70529e-01 3.02704e-03 4.95558e-05 3.60542e-01 6.39408e-01 3.63626e-03 6.61564e-01 3.34800e-01 5.30301e-02 9.46968e-01 1.47115e-06 1.40900e-17 4.18471e-02 9.58125e-01 2.75104e-05 5.83594e-15 3.91398e-03 9.39761e-01 5.63252e-02 7.96281e-08 3.68423e-03 9.79132e-01 1.71837e-02 1.22328e-07 6.92684e-02 9.30705e-01 2.65151e-05 7.11704e-15 9.25106e-02 9.06851e-01 6.38432e-04 3.36867e-12 5.47661e-04 5.47031e-04
4.40 9.19182e-03 9.71496e-01 1.93120e-02 1.73355e-02 9.71716e-01 1.09481e-02 0.00000e+00 1.81924e-01 8.18076e-01 2.02629e-03 4.84191e-01 5.13783e-01 2.19429e-02 9.78031e-01 2.64103e-05 1.32539e-14 2.33131e-02 9.76469e-01 2.18264e-04 1.13090e-12 2.15611e-03 8.18526e-01 1.79315e-01 3.71875e-06 2.18349e-03 9.29333e-01 6.84798e-02 3.51744e-06 3.93536e-02 9.60318e-01 3.28570e-04 2.83919e-12 4.79090e-02 9.48971e-01 3.12051e-03 2.59133e-10 5.65878e-04 5.60305e-04
4.45 4.46418e-03 9.41512e-01 5.40241e-02 1.18334e-02 9.55874e-01 3.22931e-02 2.40700e-05 1.01272e-01 8.98704e-01 1.10729e-03 3.30704e-01 6.68189e-01 9.77503e-03 9.89898e-01 3.26521e-04 5.36594e-12 1.49005e-02 9.83796e-01 1.30382e-03 1.13877e-10 1.14618e-03 6.06935e-01 3.91844e-01 7.43668e-05 1.33078e-03 8.01707e-01 1.96906e-01 5.65705e-05 2.36266e-02 9.73824e-01 2.54957e-03 4.61570e-10 2.72032e-02 9.60943e-01 1.18535e-02 1.12260e-08 5.80742e-04 5.71958e-04
4.50 2.21648e-03 8.72993e-01 1.24790e-01 8.13163e-03 9.12058e-01 7.98101e-02 1.24564e-16 6.79682e-02 9.32032e-01 6.02789e-04 2.18544e-01 7.80854e-01 4.73375e-03 9.92480e-01 2.78606e-03 9.52085e-10 1.04278e-02 9.83603e-01 5.96898e-03 6.20565e-09 2.33664e-16 3.91229e-01 6.08091e-01 6.80261e-04 7.68696e-04 6.01613e-01 3.97114e-01 5.04874e-04 1.49532e-02 9.72586e-01 1.24612e-02 3.12881e-08 1.64822e-02 9.46829e-01 3.66886e-02 2.94700e-07 5.99426e-04 5.88826e-04
4.55 1.09173e-03 7.57666e-01 2.41242e-01 5.44144e-03 8.27073e-01 1.67485e-01 0.00000e+00 5.23657e-02 9.47634e-01 3.31151e-04 1.43444e-01 8.56225e-01 2.51579e-03 9.81419e-01 1.60648e-02 7.33814e-08 7.63045e-03 9.70913e-01 2.14565e-02 1.92798e-07 0.00000e+00 2.39290e-01 7.57201e-01 3.50870e-03 4.15732e-04 4.01536e-01 5.95321e-01 2.72690e-03 9.76576e-03 9.48305e-01 4.19281e-02 9.88373e-07 1.02407e-02 8.95268e-01 9.44861e-02 4.92705e-06 6.28035e-04 6.16949e-04
4.60 5.21677e-04 6.05681e-01 3.93797e-01 3.44178e-03 6.97199e-01 2.99359e-01 8.42291e-06 4.25237e-02 9.57468e-01 1.84684e-04 9.48305e-02 9.04985e-01 1.46938e-03 9.36377e-01 6.21509e-02 2.49085e-06 5.60233e-03 9.32226e-01 6.21682e-02 3.63801e-06 0.00000e+00 1.47765e-01 8.39770e-01 1.24647e-02 2.18216e-04 2.53180e-01 7.36392e-01 1.02097e-02 6.38309e-03 8.86267e-01 1.07334e-01 1.66476e-05 6.23828e-03 7.91206e-01 2.02501e-01 5.41999e-05 6.74193e-04 6.62700e-04
4.65 2.42836e-04 4.46329e-01 5.53428e-01 2.02323e-03 5.39680e-01 4.58296e-01 1.24564e-16 3.44338e-02 9.65566e-01 1.04538e-04 6.34350e-02 9.36460e-01 9.22072e-04 8.31712e-01 1.67325e-01 4.10173e-05 3.96202e-03 8.48509e-01 1.47484e-01 4.42075e-05 0.00000e+00 9.32327e-02 8.72161e-01 3.46060e-02 1.14143e-04 1.57051e-01 8.13312e-01 2.95226e-02 4.03181e-03 7.74466e-01 2.21334e-01 1.67853e-04 3.58497e-03 6.36953e-01 3.59059e-01 4.03435e-04 7.43425e-04 7.29802e-04
4.70 3.43104e-04 3.08620e-01 6.91037e-01 1.10937e-03 3.86120e-01 6.12771e-01 4.54652e-06 2.71022e-02 9.72893e-01 5.96875e-05 4.27870e-02 9.57153e-01 5.91773e-04 6.66677e-01 3.32354e-01 3.76471e-04 2.59504e-03 7.09763e-01 2.87280e-01 3.61588e-04 0.00000e+00 5.93762e-02 8.60449e-01 8.01746e-02 5.96203e-05 9.67713e-02 8.32739e-01 7.04302e-02 2.39090e-03 6.19659e-01 3.76842e-01 1.10761e-03 1.91478e-03 4.64324e-01 5.31643e-01 2.11753e-03 8.31616e-04 8.14811e-04
4.75 2.29374e-04 2.05419e-01 7.94352e-01 5.78511e-04 2.60845e-01 7.38576e-01 1.24564e-16 2.04106e-02 9.79589e-01 3.38674e-05 2.87097e-02 9.71256e-01 0.00000e+00 4.79943e-01 5.17864e-01 2.19271e-03 1.53614e-03 5.34801e-01 4.61592e-01 2.07127e-03 3.63172e-04 3.72181e-02 8.03005e-01 1.59414e-01 3.06466e-05 5.86324e-02 7.97322e-01 1.44014e-01 1.83142e-16 4.53208e-01 5.41645e-01 5.14725e-03 9.62704e-04 3.12434e-01 6.78288e-01 8.31476e-03 9.23771e-04 9.06150e-04
4.80 1.59260e-04 1.34104e-01 8.65736e-01 2.93174e-04 1.70241e-01 8.29466e-01 0.00000e+00 1.42117e-02 9.85788e-01 1.83455e-05 1.84208e-02 9.81561e-01 1.69407e-16 3.16894e-01 6.74048e-01 9.05790e-03 8.24046e-04 3.64826e-01 6.25616e-01 8.73387e-03 0.00000e+00 2.25719e-02 7.01387e-01 2.76041e-01 1.52172e-05 3.43713e-02 7.10874e-01 2.54740e-01 0.00000e+00 3.06460e-01 6.75502e-01 1.80380e-02 4.66066e-04 1.99441e-01 7.74148e-01 2.59450e-02 1.00473e-03 9.90811e-04
4.85 1.13774e-04 8.64792e-02 9.13407e-01 1.46097e-04 1.08718e-01 8.91136e-01 0.00000e+00 8.25710e-03 9.91743e-01 8.49335e-06 1.01195e-02 9.89872e-01 0.00000e+00 1.97609e-01 7.73367e-01 2.90240e-02 4.09203e-04 2.30429e-01 7.40496e-01 2.86657e-02 9.60026e-06 1.29636e-02 5.66758e-01 4.20269e-01 7.18376e-06 1.92116e-02 5.86023e-01 3.94758e-01 1.18956e-03 1.95128e-01 7.53122e-01 5.05609e-02 2.19955e-04 1.22711e-01 8.09918e-01 6.71512e-02 1.07362e-03 1.06531e-03
4.90 1.72456e-13 5.45548e-02 9.45445e-01 7.11565e-05 6.75715e-02 9.32357e-01 0.00000e+00 3.37302e-03 9.96627e-01 2.81032e-06 3.98041e-03 9.96017e-01 0.00000e+00 1.18221e-01 8.05808e-01 7.59709e-02 1.91368e-04 1.37166e-01 7.86167e-01 7.64757e-02 1.68170e-05 6.98956e-03 4.21566e-01 5.71428e-01 3.19386e-06 1.01443e-02 4.44820e-01 5.45032e-01 2.52547e-04 1.18246e-01 7.63903e-01 1.17599e-01 1.00657e-04 7.25783e-02 7.80314e-01 1.47008e-01 1.14222e-03 1.13904e-03
4.95 0.00000e+00 3.23097e-02 9.67690e-01 3.26031e-05 3.93635e-02 9.60604e-01 0.00000e+00 9.58797e-04 9.99041e-01 6.54337e-07 1.10375e-03 9.98896e-01 1.92912e-04 6.74328e-02 7.66061e-01 1.66313e-01 8.42549e-05 7.69343e-02 7.53684e-01 1.69297e-01 0.00000e+00 3.54069e-03 2.87885e-01 7.08575e-01 1.32157e-06 4.99987e-03 3.08257e-01 6.86742e-01 3.72703e-04 6.74166e-02 7.02323e-01 2.29888e-01 4.39054e-05 4.06444e-02 6.86142e-01 2.73170e-01 1.22888e-03 1.23037e-03
5.00 4.76260e-05 1.61586e-02 9.83794e-01 1.26618e-05 1.93727e-02 9.80615e-01 0.00000e+00 2.32444e-04 9.99768e-01 1.31600e-07 2.64857e-04 9.99735e-01 0.00000e+00 3.61365e-02 6.57987e-01 3.05876e-01 3.44593e-05 4.01132e-02 6.47242e-01 3.12611e-01 0.00000e+00 1.65360e-03 1.80083e-01 8.18263e-01 5.08476e-07 2.29771e-03 1.95412e-01 8.02290e-01 0.00000e+00 3.59251e-02 5.83078e-01 3.80997e-01 1.79900e-05 2.12701e-02 5.46356e-01 4.32356e-01 1.35757e-03 1.36226e-03
5.05 5.08220e-16 5.80642e-03 9.94194e-01 3.54321e-06 6.84953e-03 9.93147e-01 0.00000e+00 5.72249e-05 9.99943e-01 2.68403e-08 6.45551e-05 9.99935e-01 0.00000e+00 1.78714e-02 5.05976e-01 4.76153e-01 1.29600e-05 1.92407e-02 4.94982e-01 4.85764e-01 0.00000e+00 7.11834e-04 1.03235e-01 8.96053e-01 1.81749e-07 9.83424e-04 1.13465e-01 8.85552e-01 0.00000e+00 1.77823e-02 4.37996e-01 5.44222e-01 6.92595e-06 1.04153e-02 3.96243e-01 5.93335e-01 1.52786e-03 1.53428e-03
5.10 1.98721e-05 1.47231e-03 9.98508e-01 7.02328e-07 1.71070e-03 9.98289e-01 6.52888e-07 1.51189e-05 9.99984e-01 5.90927e-09 1.70089e-05 9.99983e-01 0.00000e+00 8.19401e-03 3.49879e-01 6.41927e-01 4.49909e-06 8.51952e-03 3.39557e-01 6.51918e-01 0.00000e+00 2.92092e-04 5.46695e-02 9.45038e-01 6.07507e-08 3.94433e-04 6.08489e-02 9.38757e-01 0.00000e+00 8.27265e-03 3.01906e-01 6.89821e-01 2.53442e-06 4.83115e-03 2.65987e-01 7.29180e-01 1.68559e-03 1.69199e-03
5.15 2.35682e-05 3.19792e-04 9.99657e-01 1.19432e-07 3.65587e-04 9.99634e-01 0.00000e+00 4.39853e-06 9.99996e-01 1.43412e-09 4.94573e-06 9.99995e-01 1.69407e-16 3.50082e-03 2.19915e-01 7.76585e-01 1.45702e-06 3.51787e-03 2.11770e-01 7.84711e-01 1.08229e-07 1.09998e-04 2.70831e-02 9.72807e-01 1.92018e-08 1.49832e-04 3.05156e-02 9.69335e-01 0.00000e+00 3.62959e-03 1.92247e-01 8.04123e-01 8.84410e-07 2.13083e-03 1.66419e-01 8.31449e-01 1.80497e-03 1.81028e-03
5.20 0.00000e+00 6.95940e-05 9.99930e-01 2.04732e-08 7.85613e-05 9.99921e-01 1.93012e-07 1.41751e-06 9.99998e-01 3.87279e-10 1.60151e-06 9.99998e-01 9.95017e-06 1.38792e-03 1.26388e-01 8.72214e-01 4.42277e-07 1.36040e-03 1.20924e-01 8.77715e-01 1.16832e-16 3.96278e-05 1.24862e-02 9.87474e-01 5.67817e-09 5.33293e-05 1.41777e-02 9.85769e-01 0.00000e+00 1.44699e-03 1.09648e-01 8.88905e-01 2.83881e-07 8.62260e-04 9.38924e-02 9.05245e-01 1.91026e-03 1.91412e-03
5.25 0.00000e+00 1.61250e-05 9.99984e-01 3.77404e-09 1.81101e-05 9.99982e-01 0.00000e+00 5.10145e-07 9.99999e-01 1.17046e-10 5.80716e-07 9.99999e-01 0.00000e+00 5.17420e-04 6.63915e-02 9.33091e-01 1.25633e-07 4.91681e-04 6.32454e-02 9.36263e-01 0.00000e+00 1.25272e-05 5.03946e-03 9.94948e-01 1.47745e-09 1.67362e-05 5.74833e-03 9.94235e-01 1.83142e-16 4.77689e-04 5.02671e-02 9.49255e-01 7.49227e-08 2.86214e-04 4.28052e-02 9.56908e-01 2.02720e-03 2.02966e-03
5.30 0.00000e+00 4.40887e-06 9.99996e-01 7.60863e-10 4.55471e-06 9.99995e-01 0.00000e+00 2.05600e-07 1.00000e+00 3.95659e-11 2.35626e-07 1.00000e+00 0.00000e+00 1.78422e-04 3.19436e-02 9.67878e-01 3.33916e-08 1.66005e-04 3.03472e-02 9.69487e-01 1.16832e-16 3.08766e-06 1.57477e-03 9.98422e-01 2.99902e-10 4.10616e-06 1.80464e-03 9.98191e-01 0.00000e+00 1.10888e-04 1.63353e-02 9.83554e-01 1.42921e-08 6.85107e-05 1.38888e-02 9.86043e-01 2.15542e-03 2.15681e-03
5.35 5.90441e-06 1.12830e-06 9.99993e-01 1.67812e-10 1.25017e-06 9.99999e-01 0.00000e+00 9.07397e-08 1.00000e+00 1.46725e-11 1.04926e-07 1.00000e+00 0.00000e+00 5.69746e-05 1.40643e-02 9.85879e-01 8.28411e-09 5.22127e-05 1.33468e-02 9.86601e-01 1.16832e-16 5.99621e-07 3.67916e-04 9.99631e-01 4.59235e-11 7.61255e-07 4.24335e-04 9.99575e-01 0.00000e+00 1.97859e-05 3.98595e-03 9.95994e-01 2.08534e-09 1.25155e-05 3.39960e-03 9.96588e-01 2.27422e-03 2.27491e-03
5.40 0.00000e+00 3.37518e-07 1.00000e+00 4.02980e-11 3.72709e-07 1.00000e+00 0.00000e+00 4.39978e-08 1.00000e+00 5.74811e-12 4.93748e-08 1.00000e+00 0.00000e+00 1.65209e-05 5.48607e-03 9.94497e-01 1.85466e-09 1.47839e-05 5.20780e-03 9.94777e-01 0.00000e+00 1.11247e-07 7.47846e-05 9.99925e-01 6.17673e-12 1.24092e-07 8.70469e-05 9.99913e-01 0.00000e+00 3.29685e-06 8.82768e-04 9.99114e-01 2.80537e-10 2.10322e-06 7.57684e-04 9.99240e-01 2.39973e-03 2.40004e-03
5.45 0.00000e+00 1.09356e-07 1.00000e+00 1.04746e-11 1.19977e-07 1.00000e+00 0.00000e+00 1.97461e-08 1.00000e+00 2.26158e-12 2.33358e-08 1.00000e+00 0.00000e+00 3.83764e-06 1.72315e-03 9.98273e-01 3.39513e-10 3.41337e-06 1.63524e-03 9.98361e-01 1.16832e-16 1.56064e-08 1.55589e-05 9.99984e-01 8.53921e-13 2.08002e-08 1.82353e-05 9.99982e-01 3.26455e-07 5.52634e-07 2.01555e-04 9.99798e-01 3.92857e-11 3.67063e-07 1.73775e-04 9.99826e-01 2.57372e-03 2.57407e-03
5.50 1.69407e-16 4.03342e-08 1.00000e+00 2.93119e-12 4.14771e-08 1.00000e+00 0.00000e+00 9.43094e-09 1.00000e+00 8.41529e-13 1.04289e-08 1.00000e+00 0.00000e+00 7.55338e-07 3.98077e-04 9.99601e-01 4.64985e-11 5.87872e-07 3.78449e-04 9.99621e-01 1.16832e-16 2.88992e-09 3.54594e-06 9.99996e-01 1.30669e-13 3.85894e-09 4.20265e-06 9.99996e-01 0.00000e+00 3.20956e-07 4.94300e-05 9.99950e-01 5.98675e-12 6.95461e-08 4.29094e-05 9.99957e-01 2.76844e-03 2.76863e-03
5.55 0.00000e+00 1.39964e-08 1.00000e+00 8.80380e-13 1.53514e-08 1.00000e+00 0.00000e+00 3.52521e-09 1.00000e+00 2.84737e-13 4.23660e-09 1.00000e+00 1.69407e-16 9.38757e-08 7.36552e-05 9.99926e-01 5.16526e-12 8.18646e-08 7.00549e-05 9.99930e-01 0.00000e+00 3.44785e-09 9.10173e-07 9.99999e-01 2.25257e-14 8.06187e-10 1.08492e-06 9.99999e-01 0.00000e+00 2.07922e-08 1.32018e-05 9.99987e-01 1.00299e-12 1.44505e-08 1.15322e-05 9.99988e-01 2.90133e-03 2.90151e-03
5.60 0.00000e+00 5.54975e-09 1.00000e+00 2.83821e-13 6.08331e-09 1.00000e+00 0.00000e+00 1.28518e-09 1.00000e+00 8.57953e-14 1.53190e-09 1.00000e+00 0.00000e+00 1.25723e-08 1.28536e-05 9.99987e-01 5.49391e-13 1.08803e-08 1.22550e-05 9.99988e-01 0.00000e+00 1.22421e-09 2.58327e-07 1.00000e+00 4.29979e-15 1.86369e-10 3.08427e-07 1.00000e+00 1.83142e-16 4.65934e-09 3.83368e-06 9.99996e-01 1.84482e-13 3.28803e-09 3.37071e-06 9.99997e-01 2.96692e-03 2.96700e-03
5.65 0.00000e+00 2.35829e-09 1.00000e+00 9.84660e-14 2.58755e-09 1.00000e+00 0.00000e+00 4.19163e-10 1.00000e+00 2.27365e-14 4.86892e-10 1.00000e+00 1.69407e-16 1.76782e-09 2.34503e-06 9.99998e-01 6.19141e-14 1.52694e-09 2.24335e-06 9.99998e-01 0.00000e+00 3.47402e-11 7.80953e-08 1.00000e+00 8.89440e-16 4.66552e-11 9.45210e-08 1.00000e+00 1.83142e-16 1.13329e-09 1.20613e-06 9.99999e-01 3.70990e-14 8.15830e-10 1.06750e-06 9.99999e-01 2.99748e-03 2.99751e-03
5.70 1.69407e-16 2.12284e-09 1.00000e+00 3.68046e-14 1.18275e-09 1.00000e+00 1.24564e-16 1.13606e-10 1.00000e+00 5.29895e-15 1.36000e-10 1.00000e+00 0.00000e+00 2.82984e-10 4.64979e-07 1.00000e+00 7.67007e-15 2.34717e-10 4.46075e-07 1.00000e+00 0.00000e+00 1.04860e-11 2.47708e-08 1.00000e+00 1.92329e-16 1.21994e-11 3.01275e-08 1.00000e+00 0.00000e+00 3.00557e-10 4.10170e-07 1.00000e+00 8.13008e-15 2.20000e-10 3.65208e-07 1.00000e+00 3.01442e-03 3.01445e-03
5.75 1.69407e-16 8.01531e-10 1.00000e+00 1.47017e-14 5.76277e-10 1.00000e+00 0.00000e+00 2.86405e-11 1.00000e+00 1.11515e-15 3.42742e-11 1.00000e+00 0.00000e+00 6.13349e-11 1.01283e-07 1.00000e+00 1.05301e-15 3.98372e-11 9.71943e-08 1.00000e+00 0.00000e+00 2.44796e-12 7.87399e-09 1.00000e+00 4.18237e-17 3.20509e-12 9.61091e-09 1.00000e+00 0.00000e+00 9.79228e-11 1.50850e-07 1.00000e+00 1.93996e-15 6.44180e-11 1.34893e-07 1.00000e+00 3.02881e-03 3.02885e-03
5.80 0.00000e+00 2.94399e-10 1.00000e+00 6.11767e-15 2.91740e-10 1.00000e+00 0.00000e+00 6.61905e-12 1.00000e+00 2.14578e-16 7.88910e-12 1.00000e+00 1.69407e-16 1.48457e-11 2.40746e-08 1.00000e+00 1.59986e-16 7.45478e-12 2.31877e-08 1.00000e+00 0.00000e+00 3.34364e-11 2.53012e-09 1.00000e+00 8.89821e-18 8.23015e-13 2.98641e-09 1.00000e+00 1.83142e-16 3.52302e-11 5.99360e-08 1.00000e+00 5.04955e-16 2.05173e-11 5.39038e-08 1.00000e+00 3.04765e-03 3.04771e-03
5.85 0.00000e+00 2.01265e-09 1.00000e+00 2.54950e-15 1.47535e-10 1.00000e+00 0.00000e+00 1.39539e-12 1.00000e+00 3.77399e-17 1.65753e-12 1.00000e+00 8.52168e-11 1.77967e-12 6.24475e-09 1.00000e+00 2.68243e-17 1.53384e-12 6.04349e-09 1.00000e+00 3.10762e-12 1.51007e-13 7.12092e-10 1.00000e+00 1.80051e-18 2.00753e-13 8.78824e-10 1.00000e+00 0.00000e+00 9.19089e-12 2.58095e-08 1.00000e+00 1.43651e-16 7.12175e-12 2.33562e-08 1.00000e+00 3.07509e-03 3.07517e-03
5.90 0.00000e+00 6.53196e-11 1.00000e+00 1.02839e-15 7.20297e-11 1.00000e+00 0.00000e+00 2.63742e-13 1.00000e+00 5.96597e-18 3.12529e-13 1.00000e+00 0.00000e+00 4.08995e-13 1.76838e-09 1.00000e+00 4.95961e-18 3.46750e-13 1.72031e-09 1.00000e+00 0.00000e+00 3.40576e-14 1.90103e-10 1.00000e+00 3.33964e-19 4.48305e-14 2.36072e-10 1.00000e+00 0.00000e+00 3.41442e-12 1.20112e-08 1.00000e+00 4.45063e-17 2.68453e-12 1.09375e-08 1.00000e+00 3.11140e-03 3.11144e-03
5.95 0.00000e+00 3.01421e-11 1.00000e+00 3.94104e-16 3.33253e-11 1.00000e+00 0.00000e+00 4.56121e-14 1.00000e+00 8.61913e-19 5.37667e-14 1.00000e+00 0.00000e+00 9.96507e-14 5.48949e-10 1.00000e+00 1.01275e-18 8.62630e-14 5.35854e-10 1.00000e+00 0.00000e+00 1.27326e-14 4.65118e-11 1.00000e+00 5.69137e-20 9.18648e-15 5.80264e-11 1.00000e+00 0.00000e+00 1.35847e-12 5.95536e-09 1.00000e+00 1.47767e-17 1.08125e-12 5.44744e-09 1.00000e+00 3.15519e-03 3.15522e-03
6.00 0.00000e+00 1.30374e-11 1.00000e+00 1.41620e-16 1.44213e-11 1.00000e+00 0.00000e+00 7.22128e-15 1.00000e+00 1.13724e-19 8.43425e-15 1.00000e+00 0.00000e+00 2.72866e-14 1.86920e-10 1.00000e+00 2.28606e-19 2.36385e-14 1.82891e-10 1.00000e+00 0.00000e+00 4.83616e-15 1.03541e-11 1.00000e+00 8.84677e-21 1.71486e-15 1.29578e-11 1.00000e+00 0.00000e+00 5.61466e-13 3.04943e-09 1.00000e+00 5.09870e-18 4.51257e-13 2.79858e-09 1.00000e+00 3.20769e-03 3.20776e-03
6.05 0.00000e+00 5.31943e-12 1.00000e+00 4.69928e-17 5.74842e-12 1.00000e+00 0.00000e+00 1.03212e-15 1.00000e+00 1.36568e-20 1.20219e-15 1.00000e+00 1.69407e-16 8.28264e-15 6.93723e-11 1.00000e+00 5.67607e-20 7.10004e-15 6.80887e-11 1.00000e+00 0.00000e+00 2.23062e-16 2.08316e-12 1.00000e+00 1.25044e-21 2.90693e-16 2.62081e-12 1.00000e+00 0.00000e+00 2.32644e-13 1.55369e-09 1.00000e+00 1.76349e-18 1.88223e-13 1.43064e-09 1.00000e+00 3.27073e-03 3.27078e-03
6.10 0.00000e+00 1.90893e-12 1.00000e+00 1.43226e-17 2.09950e-12 1.00000e+00 0.00000e+00 1.41939e-16 1.00000e+00 1.47683e-21 1.54029e-16 1.00000e+00 0.00000e+00 2.73306e-15 2.76407e-11 1.00000e+00 1.52494e-20 2.29953e-15 2.72089e-11 1.00000e+00 0.00000e+00 4.62808e-17 3.73300e-13 1.00000e+00 1.57896e-22 4.39577e-17 4.71729e-13 1.00000e+00 0.00000e+00 9.54069e-14 7.64266e-10 1.00000e+00 5.92629e-19 7.60610e-14 7.05565e-10 1.00000e+00 3.34246e-03 3.34250e-03
6.15 0.00000e+00 7.32634e-13 1.00000e+00 4.07711e-18 7.14476e-13 1.00000e+00 1.24564e-16 1.47324e-17 1.00000e+00 1.37930e-22 1.70120e-17 1.00000e+00 0.00000e+00 1.04258e-15 1.15091e-11 1.00000e+00 4.31236e-21 7.81256e-16 1.13567e-11 1.00000e+00 0.00000e+00 4.67170e-18 6.03598e-14 1.00000e+00 1.80564e-23 6.01034e-18 7.66060e-14 1.00000e+00 0.00000e+00 3.76698e-14 3.55181e-10 1.00000e+00 1.89258e-19 2.91265e-14 3.28435e-10 1.00000e+00 3.42032e-03 3.42034e-03
6.20 0.00000e+00 3.52292e-13 1.00000e+00 1.12495e-18 2.35123e-13 1.00000e+00 0.00000e+00 1.36574e-18 1.00000e+00 1.06981e-23 1.55738e-18 1.00000e+00 1.69407e-16 4.27913e-16 4.85296e-12 1.00000e+00 1.24171e-21 2.69356e-16 4.79075e-12 1.00000e+00 0.00000e+00 5.86144e-19 8.86328e-15 1.00000e+00 1.87328e-24 7.44280e-19 1.12446e-14 1.00000e+00 0.00000e+00 1.70287e-14 1.53463e-10 1.00000e+00 5.64225e-20 1.03832e-14 1.41787e-10 1.00000e+00 3.50466e-03 3.50484e-03
6.25 0.00000e+00 6.98954e-14 1.00000e+00 3.10206e-19 7.71523e-14 1.00000e+00 0.00000e+00 9.99785e-20 1.00000e+00 6.60151e-25 1.13211e-19 1.00000e+00 0.00000e+00 2.09531e-16 2.00146e-12 1.00000e+00 3.52676e-22 9.13006e-17 1.97912e-12 1.00000e+00 0.00000e+00 6.57988e-20 1.16538e-15 1.00000e+00 1.75424e-25 8.30390e-20 1.48429e-15 1.00000e+00 0.00000e+00 4.60958e-15 6.07324e-11 1.00000e+00 1.55150e-20 3.40455e-15 5.61005e-11 1.00000e+00 3.59716e-03 3.59733e-03
6.30 0.00000e+00 2.33490e-14 1.00000e+00 8.71372e-20 2.57320e-14 1.00000e+00 0.00000e+00 5.96243e-21 1.00000e+00 3.33513e-26 6.72513e-21 1.00000e+00 0.00000e+00 2.21963e-16 7.89128e-13 1.00000e+00 9.64292e-23 2.96967e-17 7.81562e-13 1.00000e+00 0.00000e+00 6.54843e-21 1.35391e-16 1.00000e+00 1.46018e-26 8.21873e-21 1.73472e-16 1.00000e+00 0.00000e+00 2.26657e-15 2.21351e-11 1.00000e+00 3.95124e-21 1.03103e-15 2.04320e-11 1.00000e+00 3.69772e-03 3.69776e-03
6.35 0.00000e+00 8.00430e-15 1.00000e+00 2.50524e-20 8.76512e-15 1.00000e+00 0.00000e+00 3.33978e-22 1.00000e+00 1.54384e-27 3.65375e-22 1.00000e+00 0.00000e+00 1.04071e-17 2.92286e-13 1.00000e+00 2.48549e-23 9.07784e-18 2.88984e-13 1.00000e+00 0.00000e+00 5.62215e-22 1.35445e-17 1.00000e+00 1.03573e-27 6.91795e-22 1.72078e-17 1.00000e+00 0.00000e+00 3.60738e-16 7.68636e-12 1.00000e+00 9.59821e-22 2.97025e-16 7.05571e-12 1.00000e+00 3.80495e-03 3.80523e-03
6.40 0.00000e+00 2.81508e-15 1.00000e+00 7.42741e-21 3.07241e-15 1.00000e+00 0.00000e+00 9.91925e-17 1.00000e+00 7.30006e-29 2.02418e-23 1.00000e+00 0.00000e+00 3.82003e-16 1.00536e-13 1.00000e+00 5.95155e-24 2.57040e-18 9.86252e-14 1.00000e+00 0.00000e+00 2.15607e-19 1.50701e-18 1.00000e+00 5.94400e-29 4.70185e-23 1.37543e-18 1.00000e+00 0.00000e+00 1.02429e-16 2.60707e-12 1.00000e+00 2.29506e-22 8.40124e-17 2.38460e-12 1.00000e+00 3.91468e-03 3.91491e-03
6.45 0.00000e+00 1.01917e-15 1.00000e+00 2.27250e-21 1.10919e-15 1.00000e+00 0.00000e+00 3.34503e-24 1.00000e+00 3.75178e-30 1.21666e-24 1.00000e+00 0.00000e+00 1.44069e-16 3.18734e-14 1.00000e+00 1.32851e-24 6.76606e-19 3.11878e-14 1.00000e+00 0.00000e+00 2.11147e-24 6.86711e-20 1.00000e+00 2.72975e-30 2.55216e-24 8.76120e-20 1.00000e+00 0.00000e+00 2.94364e-17 8.88433e-13 1.00000e+00 5.53487e-23 2.39076e-17 8.08342e-13 1.00000e+00 4.01492e-03 4.01510e-03
6.50 0.00000e+00 3.87353e-16 1.00000e+00 7.16727e-22 4.11982e-16 1.00000e+00 0.00000e+00 2.45998e-24 1.00000e+00 2.15331e-31 8.15157e-26 1.00000e+00 0.00000e+00 3.81486e-16 1.02534e-14 1.00000e+00 2.82676e-25 1.69330e-19 9.34761e-15 1.00000e+00 0.00000e+00 1.04054e-25 3.70128e-21 1.00000e+00 1.07165e-31 1.18194e-25 4.75112e-21 1.00000e+00 0.00000e+00 9.04318e-18 3.06885e-13 1.00000e+00 1.35870e-23 6.90906e-18 2.77442e-13 1.00000e+00 4.09430e-03 4.09437e-03
6.55 0.00000e+00 1.49951e-16 1.00000e+00 2.32619e-22 1.57175e-16 1.00000e+00 0.00000e+00 2.08505e-24 1.00000e+00 1.37863e-32 6.08089e-27 1.00000e+00 0.00000e+00 2.12745e-16 3.21000e-15 1.00000e+00 5.89632e-26 4.14416e-20 2.73166e-15 1.00000e+00 0.00000e+00 2.88257e-18 5.41121e-18 1.00000e+00 4.02703e-33 5.22973e-27 2.45638e-22 1.00000e+00 0.00000e+00 2.56168e-18 1.08949e-13 1.00000e+00 3.43578e-24 2.05227e-18 9.75977e-14 1.00000e+00 4.15018e-03 4.15023e-03
6.60 0.00000e+00 5.95317e-17 1.00000e+00 7.72819e-23 6.12714e-17 1.00000e+00 0.00000e+00 2.33920e-24 1.00000e+00 9.92433e-34 5.09098e-28 1.00000e+00 1.69407e-16 8.58569e-17 9.86231e-16 1.00000e+00 1.23252e-26 1.01403e-20 7.95797e-16 1.00000e+00 0.00000e+00 2.15392e-26 1.03085e-23 1.00000e+00 1.58075e-34 2.41294e-28 1.32152e-23 1.00000e+00 0.00000e+00 9.37875e-18 3.98549e-14 1.00000e+00 8.97323e-25 6.28275e-19 3.52878e-14 1.00000e+00 4.18714e-03 4.18718e-03
6.65 0.00000e+00 3.93842e-17 1.00000e+00 2.62294e-23 2.43594e-17 1.00000e+00 0.00000e+00 2.13239e-24 1.00000e+00 7.98944e-35 4.75782e-29 1.00000e+00 1.69407e-16 9.51943e-17 4.32633e-16 1.00000e+00 2.61931e-27 2.51701e-21 2.34523e-16 1.00000e+00 0.00000e+00 3.33755e-26 6.60209e-25 1.00000e+00 6.78768e-36 1.21586e-29 7.74915e-25 1.00000e+00 0.00000e+00 2.54539e-19 1.49956e-14 1.00000e+00 2.42012e-25 1.98213e-19 1.31147e-14 1.00000e+00 4.21105e-03 4.21106e-03
6.70 0.00000e+00 4.27796e-17 1.00000e+00 9.10348e-24 9.88707e-18 1.00000e+00 0.00000e+00 2.50986e-24 1.00000e+00 7.11703e-36 4.91169e-30 1.00000e+00 1.69407e-16 1.12787e-16 3.00214e-16 1.00000e+00 5.72071e-28 6.40753e-22 7.06944e-17 1.00000e+00 0.00000e+00 6.56006e-26 1.57641e-25 1.00000e+00 3.24937e-37 6.81994e-31 5.04855e-26 1.00000e+00 0.00000e+00 8.43279e-20 5.82117e-15 1.00000e+00 6.73188e-26 6.43663e-20 5.00475e-15 1.00000e+00 4.22651e-03 4.22653e-03
6.75 0.00000e+00 4.61934e-17 1.00000e+00 3.22542e-24 4.09017e-18 1.00000e+00 0.00000e+00 2.39003e-24 1.00000e+00 6.89886e-37 5.50861e-31 1.00000e+00 0.00000e+00 2.39352e-16 5.04085e-16 1.00000e+00 1.28825e-28 1.67855e-22 2.18740e-17 1.00000e+00 0.00000e+00 9.70137e-26 1.76171e-25 1.00000e+00 1.73108e-38 4.25096e-32 3.64849e-27 1.00000e+00 0.00000e+00 2.86682e-20 2.31249e-15 1.00000e+00 1.92031e-26 2.13939e-20 1.95042e-15 1.00000e+00 4.23671e-03 4.23672e-03
6.80 0.00000e+00 1.62446e-18 1.00000e+00 1.16482e-24 1.72207e-18 1.00000e+00 0.00000e+00 2.94464e-24 1.00000e+00 7.15766e-38 6.60240e-32 1.00000e+00 0.00000e+00 4.43030e-22 7.29525e-18 1.00000e+00 2.99349e-29 4.52897e-23 6.95442e-18 1.00000e+00 0.00000e+00 1.80794e-25 3.20435e-25 1.00000e+00 1.02429e-39 2.93882e-33 2.91952e-28 1.00000e+00 0.00000e+00 1.00101e-20 9.40967e-16 1.00000e+00 5.61040e-27 7.26983e-21 7.75464e-16 1.00000e+00 4.24364e-03 4.24364e-03
6.85 0.00000e+00 6.97479e-19 1.00000e+00 4.28183e-25 7.36932e-19 1.00000e+00 0.00000e+00 2.93589e-24 1.00000e+00 7.80922e-39 8.30953e-33 1.00000e+00 0.00000e+00 8.78238e-22 2.40729e-18 1.00000e+00 7.17270e-30 1.25788e-23 2.27088e-18 1.00000e+00 0.00000e+00 2.56300e-25 4.50522e-25 1.00000e+00 6.68613e-41 2.23836e-34 2.56979e-29 1.00000e+00 0.00000e+00 3.59422e-21 3.92680e-16 1.00000e+00 1.68052e-27 2.52838e-21 3.14940e-16 1.00000e+00 4.24855e-03 4.24855e-03
6.90 0.00000e+00 3.04210e-19 1.00000e+00 1.60019e-25 3.20166e-19 1.00000e+00 0.00000e+00 3.80286e-24 1.00000e+00 8.77499e-40 1.07562e-33 1.00000e+00 0.00000e+00 2.01383e-16 4.05348e-16 1.00000e+00 1.76061e-30 3.57309e-24 7.56783e-19 1.00000e+00 0.00000e+00 4.60414e-25 8.04046e-25 1.00000e+00 4.74571e-42 1.85144e-35 2.45286e-30 1.00000e+00 0.00000e+00 1.32748e-21 1.68082e-16 1.00000e+00 5.15115e-28 8.98410e-22 1.30441e-16 1.00000e+00 4.25225e-03 4.25226e-03
6.95 0.00000e+00 1.34629e-19 1.00000e+00 6.07323e-26 1.41077e-19 1.00000e+00 0.00000e+00 3.99680e-24 1.00000e+00 9.94345e-41 1.40228e-34 1.00000e+00 0.00000e+00 2.71023e-21 2.87199e-19 1.00000e+00 4.44219e-31 1.04169e-24 2.58303e-19 1.00000e+00 0.00000e+00 6.37206e-25 1.10673e-24 1.00000e+00 3.61426e-43 1.64115e-36 2.50567e-31 1.00000e+00 0.00000e+00 5.04039e-22 7.37339e-17 1.00000e+00 1.61300e-28 3.25628e-22 5.50151e-17 1.00000e+00 4.25531e-03 4.25531e-03
7.00 0.00000e+00 6.01034e-20 1.00000e+00 2.33101e-26 6.27850e-20 1.00000e+00 0.00000e+00 5.48616e-24 1.00000e+00 1.12273e-41 1.81940e-35 1.00000e+00 0.00000e+00 6.29067e-21 1.12639e-19 1.00000e+00 1.15009e-31 3.11179e-25 9.01515e-20 1.00000e+00 0.00000e+00 1.12608e-24 1.94701e-24 1.00000e+00 2.90584e-44 1.53392e-37 2.69550e-32 1.00000e+00 0.00000e+00 1.96518e-22 3.30579e-17 1.00000e+00 5.15178e-29 1.20213e-22 2.35968e-17 1.00000e+00 4.25809e-03 4.25809e-03
