0.0503235 8010.1 113.97 1.0 0.624 0.0001 0.805 1.95e-07 0.00833 0.746 3.5211e-20
0.101946 7882.9 110.37 1.0 0.975 0.000494 0.99 3.7e-06 0.0394 0.889 3.1898e-20
0.198581 7841.5 110.1 1.0 1.0 0.00189 0.998 5.02e-05 0.141 0.841 3.1918e-20
0.509023 7943.1 110.09 1.0 1.0 0.0123 0.988 0.0012 0.525 0.473 3.1198e-20
0.991526 7849.3 110.07 1.0 0.999 0.0483 0.952 0.00712 0.811 0.182 2.9047e-20
1.52641 7667.6 110.03 1.0 0.998 0.125 0.875 0.0199 0.906 0.0743 2.6477e-20
2.00865 7797.4 109.96 0.999 0.996 0.248 0.751 0.0414 0.925 0.0331 2.5017e-20
2.51474 8860.5 109.66 0.997 0.986 0.55 0.448 0.102 0.889 0.00907 2.5807e-20
2.79841 10221.0 107.67 0.989 0.87 0.932 0.0558 0.266 0.733 0.000684 2.8804e-20
2.90229 10185.0 94.562 0.941 0.0028 0.928 2.63e-05 0.524 0.476 3.05e-07 2.6257e-20
