# T[K] el stage tigris chianti (top stage: chianti summed over stages >= top)
2e+04 O 0 1.3270e-01 8.7025e-02
2e+04 O 1 8.6730e-01 9.1297e-01
2e+04 O 2 5.7061e-08 3.0584e-06
2e+04 S 0 7.4030e-03 6.8614e-03
2e+04 S 1 9.7919e-01 9.8957e-01
2e+04 S 2 1.3409e-02 3.5701e-03
2e+04 S 3 8.6772e-10 4.9354e-09
2e+04 N 0 1.2449e-01 1.9239e-01
2e+04 N 1 8.7551e-01 8.0751e-01
2e+04 N 2 1.4593e-06 1.0472e-04
2e+04 H+ - 8.8944e-01 -
3e+04 O 0 6.5248e-03 1.2474e-02
3e+04 O 1 9.9238e-01 9.8369e-01
3e+04 O 2 1.0945e-03 3.8343e-03
3e+04 S 0 7.9319e-04 1.0259e-03
3e+04 S 1 4.8394e-01 6.9317e-01
3e+04 S 2 5.1500e-01 3.0550e-01
3e+04 S 3 2.6876e-04 2.9974e-04
3e+04 N 0 1.8335e-02 2.1388e-02
3e+04 N 1 9.7531e-01 9.5329e-01
3e+04 N 2 6.3561e-03 2.5325e-02
3e+04 H+ - 9.9468e-01 -
5e+04 O 0 5.9749e-04 2.6232e-03
5e+04 O 1 6.7073e-01 7.1262e-01
5e+04 O 2 3.2868e-01 2.8476e-01
5e+04 S 0 1.1683e-16 6.0743e-05
5e+04 S 1 5.9866e-02 9.8013e-02
5e+04 S 2 8.6132e-01 8.3234e-01
5e+04 S 3 7.8818e-02 6.9588e-02
5e+04 N 0 2.4211e-03 1.9492e-03
5e+04 N 1 6.2377e-01 4.6788e-01
5e+04 N 2 3.7381e-01 5.3017e-01
5e+04 H+ - 9.9963e-01 -
7e+04 O 0 1.6941e-16 4.4987e-04
7e+04 O 1 2.1290e-01 2.4360e-01
7e+04 O 2 7.8710e-01 7.5595e-01
7e+04 S 0 0.0000e+00 7.9714e-06
7e+04 S 1 1.3898e-02 2.0698e-02
7e+04 S 2 5.8810e-01 5.9826e-01
7e+04 S 3 3.9800e-01 3.8103e-01
7e+04 N 0 1.7018e-03 2.4408e-04
7e+04 N 1 2.1418e-01 1.3023e-01
7e+04 N 2 7.8411e-01 8.6952e-01
7e+04 H+ - 9.9989e-01 -
1e+05 O 0 1.6941e-16 3.4459e-05
1e+05 O 1 5.2023e-02 4.0113e-02
1e+05 O 2 9.4798e-01 9.5985e-01
1e+05 S 0 0.0000e+00 5.0848e-07
1e+05 S 1 2.0781e-03 2.2977e-03
1e+05 S 2 2.2630e-01 1.9541e-01
1e+05 S 3 7.7162e-01 8.0229e-01
1e+05 N 0 7.8672e-04 1.7990e-05
1e+05 N 1 5.7893e-02 2.1270e-02
1e+05 N 2 9.4132e-01 9.7871e-01
1e+05 H+ - 9.9996e-01 -
