# Cloudy 25 static HII region: Q(H)=1e49 s^-1, SB99 Z=0.014 2 Myr SED, n_H=100 cm^-3, R_in=10^16.5 cm
# r is the zone-centre distance from the source; x_X is the fraction of element X in that stage
# r_pc  T_K  n_e_cm-3  x_H+  x_He+  x_He++  x_O0  x_O+  x_O++  x_O3+  x_S0  x_S+  x_S++  x_S3+  x_N+  x_N++
1.04532e-02 8.00000e+03 1.19630e+02 1.00000e+00 5.57000e-02 9.44000e-01 4.44000e-15 5.77000e-07 1.02000e-01 8.98000e-01 1.73000e-19 6.51000e-11 6.06000e-05 1.20000e-01 1.52000e-08 1.17000e-02
1.08713e-02 8.00000e+03 1.19620e+02 1.00000e+00 5.99000e-02 9.40000e-01 5.57000e-15 6.69000e-07 1.09000e-01 8.91000e-01 2.34000e-19 8.12000e-11 7.00000e-05 1.28000e-01 1.77000e-08 1.26000e-02
1.13062e-02 8.00000e+03 1.19600e+02 1.00000e+00 6.44000e-02 9.36000e-01 6.98000e-15 7.76000e-07 1.17000e-01 8.83000e-01 3.17000e-19 1.02000e-10 8.10000e-05 1.37000e-01 2.07000e-08 1.36000e-02
1.17584e-02 8.00000e+03 1.19560e+02 1.00000e+00 6.92000e-02 9.31000e-01 8.74000e-15 8.99000e-07 1.26000e-01 8.74000e-01 4.29000e-19 1.27000e-10 9.37000e-05 1.46000e-01 2.41000e-08 1.47000e-02
1.22288e-02 8.00000e+03 1.19510e+02 1.00000e+00 7.43000e-02 9.26000e-01 1.09000e-14 1.04000e-06 1.35000e-01 8.65000e-01 5.81000e-19 1.59000e-10 1.08000e-04 1.56000e-01 2.82000e-08 1.59000e-02
1.27179e-02 8.00000e+03 1.19450e+02 1.00000e+00 7.98000e-02 9.20000e-01 1.37000e-14 1.20000e-06 1.44000e-01 8.56000e-01 7.86000e-19 1.98000e-10 1.25000e-04 1.67000e-01 3.29000e-08 1.72000e-02
1.32267e-02 8.00000e+03 1.19380e+02 1.00000e+00 8.56000e-02 9.14000e-01 1.71000e-14 1.39000e-06 1.54000e-01 8.46000e-01 1.06000e-18 2.46000e-10 1.44000e-04 1.78000e-01 3.84000e-08 1.85000e-02
1.37557e-02 8.00000e+03 1.19320e+02 1.00000e+00 9.18000e-02 9.08000e-01 2.13000e-14 1.61000e-06 1.65000e-01 8.35000e-01 1.43000e-18 3.07000e-10 1.66000e-04 1.90000e-01 4.48000e-08 2.00000e-02
1.43059e-02 8.00000e+03 1.19250e+02 1.00000e+00 9.84000e-02 9.02000e-01 2.66000e-14 1.86000e-06 1.76000e-01 8.24000e-01 1.92000e-18 3.81000e-10 1.91000e-04 2.02000e-01 5.22000e-08 2.16000e-02
1.48782e-02 8.00000e+03 1.19190e+02 1.00000e+00 1.05000e-01 8.95000e-01 3.32000e-14 2.14000e-06 1.88000e-01 8.12000e-01 2.59000e-18 4.74000e-10 2.19000e-04 2.15000e-01 6.09000e-08 2.33000e-02
1.54733e-02 8.00000e+03 1.19120e+02 1.00000e+00 1.13000e-01 8.87000e-01 4.14000e-14 2.47000e-06 2.01000e-01 7.99000e-01 3.47000e-18 5.88000e-10 2.52000e-04 2.29000e-01 7.10000e-08 2.51000e-02
1.60922e-02 8.00000e+03 1.19040e+02 1.00000e+00 1.21000e-01 8.79000e-01 5.15000e-14 2.85000e-06 2.14000e-01 7.86000e-01 4.65000e-18 7.29000e-10 2.89000e-04 2.43000e-01 8.28000e-08 2.71000e-02
1.67359e-02 8.00000e+03 1.18960e+02 1.00000e+00 1.29000e-01 8.71000e-01 6.41000e-14 3.28000e-06 2.28000e-01 7.72000e-01 6.23000e-18 9.03000e-10 3.31000e-04 2.57000e-01 9.65000e-08 2.93000e-02
1.74054e-02 8.00000e+03 1.18880e+02 1.00000e+00 1.38000e-01 8.62000e-01 7.97000e-14 3.77000e-06 2.42000e-01 7.58000e-01 8.33000e-18 1.12000e-09 3.79000e-04 2.72000e-01 1.13000e-07 3.15000e-02
1.81016e-02 8.00000e+03 1.18790e+02 1.00000e+00 1.48000e-01 8.52000e-01 9.89000e-14 4.33000e-06 2.58000e-01 7.42000e-01 1.11000e-17 1.38000e-09 4.33000e-04 2.88000e-01 1.31000e-07 3.40000e-02
1.88257e-02 8.00000e+03 1.18700e+02 1.00000e+00 1.58000e-01 8.42000e-01 1.23000e-13 4.97000e-06 2.74000e-01 7.26000e-01 1.48000e-17 1.70000e-09 4.94000e-04 3.04000e-01 1.53000e-07 3.66000e-02
1.95786e-02 8.00000e+03 1.18600e+02 1.00000e+00 1.68000e-01 8.32000e-01 1.52000e-13 5.70000e-06 2.90000e-01 7.10000e-01 1.97000e-17 2.10000e-09 5.64000e-04 3.21000e-01 1.78000e-07 3.95000e-02
2.03618e-02 8.00000e+03 1.18490e+02 1.00000e+00 1.79000e-01 8.21000e-01 1.88000e-13 6.53000e-06 3.07000e-01 6.93000e-01 2.62000e-17 2.58000e-09 6.42000e-04 3.38000e-01 2.07000e-07 4.25000e-02
2.11763e-02 8.00000e+03 1.18380e+02 1.00000e+00 1.91000e-01 8.09000e-01 2.32000e-13 7.46000e-06 3.25000e-01 6.75000e-01 3.48000e-17 3.17000e-09 7.29000e-04 3.55000e-01 2.41000e-07 4.58000e-02
2.20233e-02 8.00000e+03 1.18260e+02 1.00000e+00 2.03000e-01 7.97000e-01 2.87000e-13 8.53000e-06 3.44000e-01 6.56000e-01 4.61000e-17 3.88000e-09 8.28000e-04 3.73000e-01 2.80000e-07 4.93000e-02
2.29043e-02 8.00000e+03 1.18140e+02 1.00000e+00 2.16000e-01 7.84000e-01 3.53000e-13 9.73000e-06 3.63000e-01 6.37000e-01 6.10000e-17 4.75000e-09 9.38000e-04 3.92000e-01 3.26000e-07 5.31000e-02
2.38204e-02 8.00000e+03 1.18010e+02 1.00000e+00 2.30000e-01 7.70000e-01 4.35000e-13 1.11000e-05 3.83000e-01 6.17000e-01 8.05000e-17 5.81000e-09 1.06000e-03 4.10000e-01 3.79000e-07 5.71000e-02
2.47733e-02 8.00000e+03 1.17870e+02 1.00000e+00 2.44000e-01 7.56000e-01 5.34000e-13 1.26000e-05 4.04000e-01 5.96000e-01 1.06000e-16 7.08000e-09 1.20000e-03 4.29000e-01 4.40000e-07 6.14000e-02
2.57642e-02 8.00000e+03 1.17730e+02 1.00000e+00 2.59000e-01 7.41000e-01 6.55000e-13 1.43000e-05 4.24000e-01 5.75000e-01 1.40000e-16 8.63000e-09 1.35000e-03 4.48000e-01 5.11000e-07 6.60000e-02
2.67948e-02 8.00000e+03 1.17580e+02 1.00000e+00 2.74000e-01 7.26000e-01 8.03000e-13 1.63000e-05 4.46000e-01 5.54000e-01 1.83000e-16 1.05000e-08 1.52000e-03 4.67000e-01 5.93000e-07 7.09000e-02
2.78666e-02 8.00000e+03 1.17430e+02 1.00000e+00 2.91000e-01 7.09000e-01 9.83000e-13 1.84000e-05 4.68000e-01 5.32000e-01 2.40000e-16 1.27000e-08 1.71000e-03 4.86000e-01 6.88000e-07 7.62000e-02
2.89812e-02 8.00000e+03 1.17260e+02 1.00000e+00 3.08000e-01 6.92000e-01 1.20000e-12 2.09000e-05 4.90000e-01 5.10000e-01 3.15000e-16 1.54000e-08 1.92000e-03 5.05000e-01 7.98000e-07 8.18000e-02
3.01404e-02 8.00000e+03 1.17090e+02 1.00000e+00 3.25000e-01 6.75000e-01 1.46000e-12 2.36000e-05 5.13000e-01 4.87000e-01 4.11000e-16 1.87000e-08 2.15000e-03 5.24000e-01 9.25000e-07 8.78000e-02
3.13461e-02 8.00000e+03 1.16910e+02 1.00000e+00 3.44000e-01 6.56000e-01 1.78000e-12 2.66000e-05 5.36000e-01 4.64000e-01 5.35000e-16 2.25000e-08 2.41000e-03 5.43000e-01 1.07000e-06 9.41000e-02
3.26000e-02 8.00000e+03 1.16730e+02 1.00000e+00 3.63000e-01 6.37000e-01 2.17000e-12 3.00000e-05 5.59000e-01 4.41000e-01 6.98000e-16 2.72000e-08 2.69000e-03 5.62000e-01 1.24000e-06 1.01000e-01
3.39041e-02 8.00000e+03 1.16530e+02 1.00000e+00 3.83000e-01 6.17000e-01 2.63000e-12 3.37000e-05 5.83000e-01 4.17000e-01 9.05000e-16 3.27000e-08 3.00000e-03 5.81000e-01 1.43000e-06 1.08000e-01
3.52600e-02 8.00000e+03 1.16330e+02 1.00000e+00 4.04000e-01 5.96000e-01 3.19000e-12 3.78000e-05 6.06000e-01 3.94000e-01 1.18000e-15 3.94000e-08 3.35000e-03 5.99000e-01 1.66000e-06 1.16000e-01
3.66704e-02 8.00000e+03 1.16130e+02 1.00000e+00 4.26000e-01 5.74000e-01 3.86000e-12 4.24000e-05 6.29000e-01 3.71000e-01 1.52000e-15 4.72000e-08 3.72000e-03 6.17000e-01 1.91000e-06 1.24000e-01
3.81372e-02 8.00000e+03 1.15910e+02 1.00000e+00 4.48000e-01 5.52000e-01 4.67000e-12 4.75000e-05 6.53000e-01 3.47000e-01 1.98000e-15 5.67000e-08 4.13000e-03 6.35000e-01 2.21000e-06 1.32000e-01
3.96629e-02 8.00000e+03 1.15680e+02 1.00000e+00 4.71000e-01 5.29000e-01 5.64000e-12 5.31000e-05 6.76000e-01 3.24000e-01 2.55000e-15 6.78000e-08 4.58000e-03 6.52000e-01 2.55000e-06 1.42000e-01
4.12493e-02 8.00000e+03 1.15450e+02 1.00000e+00 4.95000e-01 5.05000e-01 6.79000e-12 5.92000e-05 6.99000e-01 3.01000e-01 3.29000e-15 8.11000e-08 5.07000e-03 6.69000e-01 2.94000e-06 1.51000e-01
4.28992e-02 8.00000e+03 1.15210e+02 1.00000e+00 5.19000e-01 4.81000e-01 8.17000e-12 6.60000e-05 7.21000e-01 2.79000e-01 4.24000e-15 9.67000e-08 5.61000e-03 6.85000e-01 3.39000e-06 1.61000e-01
4.46152e-02 8.00000e+03 1.14960e+02 1.00000e+00 5.45000e-01 4.55000e-01 9.80000e-12 7.33000e-05 7.43000e-01 2.57000e-01 5.45000e-15 1.15000e-07 6.19000e-03 7.01000e-01 3.90000e-06 1.72000e-01
4.63999e-02 8.00000e+03 1.14710e+02 1.00000e+00 5.71000e-01 4.29000e-01 1.17000e-11 8.14000e-05 7.65000e-01 2.35000e-01 6.99000e-15 1.37000e-07 6.82000e-03 7.16000e-01 4.49000e-06 1.83000e-01
4.82559e-02 8.00000e+03 1.14450e+02 1.00000e+00 5.97000e-01 4.03000e-01 1.40000e-11 9.02000e-05 7.85000e-01 2.14000e-01 8.96000e-15 1.63000e-07 7.51000e-03 7.31000e-01 5.15000e-06 1.95000e-01
5.01861e-02 8.00000e+03 1.14180e+02 1.00000e+00 6.24000e-01 3.76000e-01 1.68000e-11 9.98000e-05 8.06000e-01 1.94000e-01 1.15000e-14 1.93000e-07 8.26000e-03 7.45000e-01 5.91000e-06 2.08000e-01
5.21934e-02 8.00000e+03 1.13910e+02 1.00000e+00 6.51000e-01 3.49000e-01 2.00000e-11 1.10000e-04 8.25000e-01 1.75000e-01 1.47000e-14 2.29000e-07 9.07000e-03 7.59000e-01 6.78000e-06 2.21000e-01
5.42811e-02 8.00000e+03 1.13640e+02 1.00000e+00 6.78000e-01 3.22000e-01 2.38000e-11 1.22000e-04 8.43000e-01 1.57000e-01 1.87000e-14 2.71000e-07 9.95000e-03 7.71000e-01 7.77000e-06 2.34000e-01
5.64524e-02 8.00000e+03 1.13360e+02 1.00000e+00 7.06000e-01 2.94000e-01 2.83000e-11 1.34000e-04 8.60000e-01 1.40000e-01 2.39000e-14 3.20000e-07 1.09000e-02 7.84000e-01 8.89000e-06 2.48000e-01
5.87106e-02 8.00000e+03 1.13080e+02 1.00000e+00 7.33000e-01 2.67000e-01 3.35000e-11 1.47000e-04 8.77000e-01 1.23000e-01 3.04000e-14 3.78000e-07 1.19000e-02 7.95000e-01 1.02000e-05 2.63000e-01
6.10589e-02 8.00000e+03 1.12810e+02 1.00000e+00 7.59000e-01 2.41000e-01 3.97000e-11 1.61000e-04 8.92000e-01 1.08000e-01 3.87000e-14 4.45000e-07 1.30000e-02 8.06000e-01 1.16000e-05 2.78000e-01
6.35014e-02 8.00000e+03 1.12540e+02 1.00000e+00 7.85000e-01 2.15000e-01 4.69000e-11 1.77000e-04 9.06000e-01 9.42000e-02 4.92000e-14 5.25000e-07 1.42000e-02 8.16000e-01 1.32000e-05 2.94000e-01
6.60416e-02 8.00000e+03 1.12270e+02 1.00000e+00 8.10000e-01 1.90000e-01 5.54000e-11 1.93000e-04 9.18000e-01 8.14000e-02 6.25000e-14 6.18000e-07 1.56000e-02 8.26000e-01 1.51000e-05 3.11000e-01
6.86831e-02 8.00000e+03 1.12020e+02 1.00000e+00 8.33000e-01 1.67000e-01 6.53000e-11 2.11000e-04 9.30000e-01 6.98000e-02 7.93000e-14 7.27000e-07 1.70000e-02 8.35000e-01 1.71000e-05 3.28000e-01
7.14303e-02 8.00000e+03 1.11780e+02 1.00000e+00 8.55000e-01 1.45000e-01 7.70000e-11 2.31000e-04 9.40000e-01 5.94000e-02 1.01000e-13 8.55000e-07 1.85000e-02 8.43000e-01 1.95000e-05 3.45000e-01
7.42877e-02 8.00000e+03 1.11550e+02 1.00000e+00 8.76000e-01 1.24000e-01 9.06000e-11 2.51000e-04 9.50000e-01 5.02000e-02 1.28000e-13 1.00000e-06 2.01000e-02 8.50000e-01 2.21000e-05 3.63000e-01
7.72592e-02 8.00000e+03 1.11340e+02 1.00000e+00 8.94000e-01 1.06000e-01 1.06000e-10 2.73000e-04 9.58000e-01 4.20000e-02 1.62000e-13 1.18000e-06 2.19000e-02 8.57000e-01 2.51000e-05 3.81000e-01
8.03496e-02 8.00000e+03 1.11150e+02 1.00000e+00 9.11000e-01 8.91000e-02 1.25000e-10 2.97000e-04 9.65000e-01 3.49000e-02 2.05000e-13 1.38000e-06 2.38000e-02 8.64000e-01 2.84000e-05 3.99000e-01
8.35635e-02 8.00000e+03 1.10980e+02 1.00000e+00 9.26000e-01 7.43000e-02 1.47000e-10 3.23000e-04 9.71000e-01 2.88000e-02 2.60000e-13 1.63000e-06 2.59000e-02 8.69000e-01 3.21000e-05 4.18000e-01
8.69060e-02 8.00000e+03 1.10830e+02 1.00000e+00 9.39000e-01 6.13000e-02 1.72000e-10 3.51000e-04 9.76000e-01 2.35000e-02 3.29000e-13 1.91000e-06 2.81000e-02 8.75000e-01 3.62000e-05 4.38000e-01
9.03824e-02 8.00000e+03 1.10700e+02 1.00000e+00 9.50000e-01 5.01000e-02 2.02000e-10 3.81000e-04 9.81000e-01 1.91000e-02 4.17000e-13 2.24000e-06 3.05000e-02 8.79000e-01 4.09000e-05 4.57000e-01
9.39975e-02 8.00000e+03 1.10590e+02 1.00000e+00 9.59000e-01 4.05000e-02 2.37000e-10 4.13000e-04 9.84000e-01 1.53000e-02 5.28000e-13 2.62000e-06 3.31000e-02 8.83000e-01 4.61000e-05 4.76000e-01
9.77575e-02 8.00000e+03 1.10490e+02 1.00000e+00 9.68000e-01 3.25000e-02 2.77000e-10 4.47000e-04 9.87000e-01 1.23000e-02 6.69000e-13 3.07000e-06 3.59000e-02 8.86000e-01 5.18000e-05 4.96000e-01
1.01668e-01 8.00000e+03 1.10420e+02 1.00000e+00 9.74000e-01 2.58000e-02 3.25000e-10 4.85000e-04 9.90000e-01 9.72000e-03 8.46000e-13 3.60000e-06 3.89000e-02 8.89000e-01 5.82000e-05 5.16000e-01
1.05735e-01 8.00000e+03 1.10350e+02 1.00000e+00 9.80000e-01 2.03000e-02 3.81000e-10 5.25000e-04 9.92000e-01 7.65000e-03 1.07000e-12 4.21000e-06 4.21000e-02 8.91000e-01 6.54000e-05 5.35000e-01
1.09964e-01 8.00000e+03 1.10300e+02 1.00000e+00 9.84000e-01 1.59000e-02 4.46000e-10 5.68000e-04 9.93000e-01 5.98000e-03 1.35000e-12 4.93000e-06 4.56000e-02 8.92000e-01 7.32000e-05 5.55000e-01
1.14363e-01 8.00000e+03 1.10260e+02 1.00000e+00 9.88000e-01 1.23000e-02 5.22000e-10 6.15000e-04 9.95000e-01 4.64000e-03 1.71000e-12 5.76000e-06 4.94000e-02 8.93000e-01 8.20000e-05 5.74000e-01
1.18937e-01 8.00000e+03 1.10230e+02 1.00000e+00 9.91000e-01 9.43000e-03 6.11000e-10 6.66000e-04 9.96000e-01 3.57000e-03 2.16000e-12 6.74000e-06 5.34000e-02 8.94000e-01 9.16000e-05 5.94000e-01
1.23694e-01 8.00000e+03 1.10200e+02 1.00000e+00 9.93000e-01 7.19000e-03 7.16000e-10 7.20000e-04 9.97000e-01 2.73000e-03 2.73000e-12 7.87000e-06 5.77000e-02 8.93000e-01 1.02000e-04 6.12000e-01
1.28642e-01 8.00000e+03 1.10180e+02 1.00000e+00 9.95000e-01 5.43000e-03 8.38000e-10 7.79000e-04 9.97000e-01 2.07000e-03 3.45000e-12 9.20000e-06 6.23000e-02 8.93000e-01 1.14000e-04 6.31000e-01
1.33788e-01 8.00000e+03 1.10170e+02 1.00000e+00 9.96000e-01 4.07000e-03 9.81000e-10 8.43000e-04 9.98000e-01 1.56000e-03 4.35000e-12 1.07000e-05 6.73000e-02 8.91000e-01 1.27000e-04 6.49000e-01
1.39139e-01 8.00000e+03 1.10150e+02 1.00000e+00 9.97000e-01 3.03000e-03 1.15000e-09 9.12000e-04 9.98000e-01 1.17000e-03 5.49000e-12 1.25000e-05 7.26000e-02 8.89000e-01 1.41000e-04 6.67000e-01
1.44705e-01 8.00000e+03 1.10150e+02 1.00000e+00 9.98000e-01 2.24000e-03 1.35000e-09 9.87000e-04 9.98000e-01 8.71000e-04 6.92000e-12 1.46000e-05 7.83000e-02 8.86000e-01 1.56000e-04 6.84000e-01
1.50493e-01 8.00000e+03 1.10140e+02 1.00000e+00 9.98000e-01 1.64000e-03 1.58000e-09 1.07000e-03 9.98000e-01 6.43000e-04 8.71000e-12 1.70000e-05 8.44000e-02 8.83000e-01 1.73000e-04 7.01000e-01
1.56513e-01 8.00000e+03 1.10130e+02 1.00000e+00 9.99000e-01 1.19000e-03 1.85000e-09 1.15000e-03 9.98000e-01 4.71000e-04 1.10000e-11 1.98000e-05 9.08000e-02 8.79000e-01 1.92000e-04 7.17000e-01
1.62773e-01 8.00000e+03 1.10130e+02 1.00000e+00 9.99000e-01 8.62000e-04 2.16000e-09 1.25000e-03 9.98000e-01 3.43000e-04 1.38000e-11 2.31000e-05 9.78000e-02 8.75000e-01 2.12000e-04 7.33000e-01
1.69284e-01 8.00000e+03 1.10130e+02 1.00000e+00 9.99000e-01 6.18000e-04 2.53000e-09 1.35000e-03 9.98000e-01 2.48000e-04 1.73000e-11 2.68000e-05 1.05000e-01 8.70000e-01 2.34000e-04 7.48000e-01
1.76056e-01 8.00000e+03 1.10120e+02 1.00000e+00 1.00000e+00 4.40000e-04 2.97000e-09 1.46000e-03 9.98000e-01 1.78000e-04 2.18000e-11 3.11000e-05 1.13000e-01 8.64000e-01 2.58000e-04 7.63000e-01
1.83098e-01 8.00000e+03 1.10120e+02 1.00000e+00 1.00000e+00 3.11000e-04 3.48000e-09 1.58000e-03 9.98000e-01 1.27000e-04 2.74000e-11 3.62000e-05 1.21000e-01 8.57000e-01 2.84000e-04 7.77000e-01
1.90422e-01 8.00000e+03 1.10120e+02 1.00000e+00 1.00000e+00 2.18000e-04 4.07000e-09 1.71000e-03 9.98000e-01 9.02000e-05 3.43000e-11 4.20000e-05 1.30000e-01 8.50000e-01 3.13000e-04 7.90000e-01
1.98039e-01 8.00000e+03 1.10120e+02 1.00000e+00 1.00000e+00 1.52000e-04 4.77000e-09 1.85000e-03 9.98000e-01 6.35000e-05 4.30000e-11 4.86000e-05 1.40000e-01 8.43000e-01 3.44000e-04 8.03000e-01
2.05960e-01 8.00000e+03 1.10120e+02 1.00000e+00 1.00000e+00 1.05000e-04 5.60000e-09 2.00000e-03 9.98000e-01 4.45000e-05 5.39000e-11 5.63000e-05 1.49000e-01 8.34000e-01 3.77000e-04 8.15000e-01
2.14199e-01 8.00000e+03 1.10120e+02 1.00000e+00 1.00000e+00 7.22000e-05 6.56000e-09 2.16000e-03 9.98000e-01 3.09000e-05 6.75000e-11 6.52000e-05 1.60000e-01 8.25000e-01 4.14000e-04 8.27000e-01
2.22767e-01 8.00000e+03 1.10120e+02 1.00000e+00 1.00000e+00 4.93000e-05 7.69000e-09 2.34000e-03 9.98000e-01 2.14000e-05 8.44000e-11 7.53000e-05 1.71000e-01 8.15000e-01 4.54000e-04 8.38000e-01
2.31677e-01 8.00000e+03 1.10120e+02 1.00000e+00 1.00000e+00 3.35000e-05 9.02000e-09 2.53000e-03 9.97000e-01 1.47000e-05 1.05000e-10 8.70000e-05 1.83000e-01 8.05000e-01 4.97000e-04 8.48000e-01
2.40944e-01 8.00000e+03 1.10120e+02 1.00000e+00 1.00000e+00 2.26000e-05 1.06000e-08 2.74000e-03 9.97000e-01 1.01000e-05 1.31000e-10 1.00000e-04 1.95000e-01 7.94000e-01 5.44000e-04 8.58000e-01
2.50582e-01 8.00000e+03 1.10120e+02 1.00000e+00 1.00000e+00 1.52000e-05 1.24000e-08 2.96000e-03 9.97000e-01 6.84000e-06 1.64000e-10 1.16000e-04 2.08000e-01 7.82000e-01 5.95000e-04 8.68000e-01
2.60605e-01 8.00000e+03 1.10120e+02 1.00000e+00 1.00000e+00 1.01000e-05 1.45000e-08 3.20000e-03 9.97000e-01 4.63000e-06 2.03000e-10 1.33000e-04 2.21000e-01 7.70000e-01 6.50000e-04 8.76000e-01
2.71030e-01 8.00000e+03 1.10120e+02 1.00000e+00 1.00000e+00 6.73000e-06 1.71000e-08 3.47000e-03 9.97000e-01 3.12000e-06 2.54000e-10 1.53000e-04 2.35000e-01 7.56000e-01 7.11000e-04 8.85000e-01
2.81871e-01 8.00000e+03 1.10120e+02 1.00000e+00 1.00000e+00 4.44000e-06 2.00000e-08 3.74000e-03 9.96000e-01 2.09000e-06 3.14000e-10 1.75000e-04 2.49000e-01 7.43000e-01 7.76000e-04 8.92000e-01
2.93146e-01 8.00000e+03 1.10120e+02 1.00000e+00 1.00000e+00 2.92000e-06 2.36000e-08 4.06000e-03 9.96000e-01 1.40000e-06 3.92000e-10 2.02000e-04 2.65000e-01 7.28000e-01 8.47000e-04 9.00000e-01
3.04871e-01 8.00000e+03 1.10110e+02 1.00000e+00 1.00000e+00 1.90000e-06 2.77000e-08 4.39000e-03 9.96000e-01 9.34000e-07 4.85000e-10 2.31000e-04 2.81000e-01 7.13000e-01 9.23000e-04 9.07000e-01
3.17067e-01 8.00000e+03 1.10110e+02 1.00000e+00 1.00000e+00 1.24000e-06 3.26000e-08 4.75000e-03 9.95000e-01 6.22000e-07 6.01000e-10 2.64000e-04 2.97000e-01 6.97000e-01 1.01000e-03 9.13000e-01
3.29749e-01 8.00000e+03 1.10110e+02 1.00000e+00 1.00000e+00 7.98000e-07 3.83000e-08 5.13000e-03 9.95000e-01 4.15000e-07 7.42000e-10 3.02000e-04 3.14000e-01 6.81000e-01 1.10000e-03 9.19000e-01
3.42939e-01 8.00000e+03 1.10110e+02 1.00000e+00 1.00000e+00 5.11000e-07 4.50000e-08 5.55000e-03 9.94000e-01 2.77000e-07 9.16000e-10 3.44000e-04 3.31000e-01 6.64000e-01 1.19000e-03 9.25000e-01
3.56657e-01 8.00000e+03 1.10110e+02 1.00000e+00 1.00000e+00 3.25000e-07 5.29000e-08 6.01000e-03 9.94000e-01 1.86000e-07 1.13000e-09 3.93000e-04 3.49000e-01 6.46000e-01 1.30000e-03 9.30000e-01
3.70923e-01 8.00000e+03 1.10110e+02 1.00000e+00 1.00000e+00 2.05000e-07 6.23000e-08 6.50000e-03 9.94000e-01 1.27000e-07 1.39000e-09 4.47000e-04 3.67000e-01 6.29000e-01 1.41000e-03 9.35000e-01
3.85760e-01 8.00000e+03 1.10110e+02 1.00000e+00 1.00000e+00 1.29000e-07 7.33000e-08 7.03000e-03 9.93000e-01 0.00000e+00 1.71000e-09 5.08000e-04 3.86000e-01 6.10000e-01 1.54000e-03 9.39000e-01
4.01189e-01 8.00000e+03 1.10110e+02 1.00000e+00 1.00000e+00 7.99000e-08 8.64000e-08 7.60000e-03 9.92000e-01 0.00000e+00 2.09000e-09 5.76000e-04 4.05000e-01 5.92000e-01 1.67000e-03 9.43000e-01
4.17237e-01 8.00000e+03 1.10110e+02 1.00000e+00 1.00000e+00 4.91000e-08 1.02000e-07 8.22000e-03 9.92000e-01 0.00000e+00 2.57000e-09 6.52000e-04 4.24000e-01 5.73000e-01 1.82000e-03 9.47000e-01
4.33927e-01 8.00000e+03 1.10110e+02 1.00000e+00 1.00000e+00 2.99000e-08 1.20000e-07 8.90000e-03 9.91000e-01 0.00000e+00 3.14000e-09 7.38000e-04 4.44000e-01 5.53000e-01 1.98000e-03 9.51000e-01
4.51285e-01 8.00000e+03 1.10110e+02 1.00000e+00 1.00000e+00 1.80000e-08 1.41000e-07 9.63000e-03 9.90000e-01 0.00000e+00 3.83000e-09 8.33000e-04 4.63000e-01 5.34000e-01 2.15000e-03 9.54000e-01
4.69336e-01 8.00000e+03 1.10110e+02 1.00000e+00 1.00000e+00 1.07000e-08 1.67000e-07 1.04000e-02 9.90000e-01 0.00000e+00 4.67000e-09 9.41000e-04 4.83000e-01 5.14000e-01 2.33000e-03 9.57000e-01
4.88110e-01 8.00000e+03 1.10110e+02 1.00000e+00 1.00000e+00 6.32000e-09 1.97000e-07 1.13000e-02 9.89000e-01 0.00000e+00 5.69000e-09 1.06000e-03 5.03000e-01 4.94000e-01 2.54000e-03 9.60000e-01
5.07632e-01 8.00000e+03 1.10110e+02 1.00000e+00 1.00000e+00 3.67000e-09 2.33000e-07 1.22000e-02 9.88000e-01 0.00000e+00 6.91000e-09 1.19000e-03 5.23000e-01 4.74000e-01 2.76000e-03 9.63000e-01
5.27939e-01 8.00000e+03 1.10110e+02 1.00000e+00 1.00000e+00 2.11000e-09 2.76000e-07 1.32000e-02 9.87000e-01 0.00000e+00 8.39000e-09 1.34000e-03 5.43000e-01 4.55000e-01 2.99000e-03 9.65000e-01
5.49056e-01 8.00000e+03 1.10110e+02 1.00000e+00 1.00000e+00 1.19000e-09 3.26000e-07 1.43000e-02 9.86000e-01 0.00000e+00 1.02000e-08 1.50000e-03 5.62000e-01 4.35000e-01 3.25000e-03 9.67000e-01
5.71019e-01 8.00000e+03 1.10110e+02 1.00000e+00 1.00000e+00 6.65000e-10 3.86000e-07 1.55000e-02 9.85000e-01 0.00000e+00 1.23000e-08 1.67000e-03 5.82000e-01 4.15000e-01 3.53000e-03 9.69000e-01
5.93860e-01 8.00000e+03 1.10110e+02 1.00000e+00 1.00000e+00 3.65000e-10 4.57000e-07 1.67000e-02 9.83000e-01 0.00000e+00 1.48000e-08 1.87000e-03 6.01000e-01 3.96000e-01 3.84000e-03 9.71000e-01
6.17615e-01 8.00000e+03 1.10100e+02 1.00000e+00 1.00000e+00 1.98000e-10 5.42000e-07 1.81000e-02 9.82000e-01 0.00000e+00 1.79000e-08 2.09000e-03 6.20000e-01 3.77000e-01 4.17000e-03 9.73000e-01
6.42319e-01 8.00000e+03 1.10100e+02 1.00000e+00 1.00000e+00 1.06000e-10 6.43000e-07 1.96000e-02 9.80000e-01 0.00000e+00 2.15000e-08 2.32000e-03 6.39000e-01 3.58000e-01 4.53000e-03 9.74000e-01
6.68012e-01 8.00000e+03 1.10100e+02 1.00000e+00 1.00000e+00 5.55000e-11 7.63000e-07 2.12000e-02 9.79000e-01 0.00000e+00 2.59000e-08 2.58000e-03 6.57000e-01 3.40000e-01 4.92000e-03 9.75000e-01
6.94732e-01 8.00000e+03 1.10100e+02 1.00000e+00 1.00000e+00 2.88000e-11 9.07000e-07 2.30000e-02 9.77000e-01 0.00000e+00 3.11000e-08 2.87000e-03 6.75000e-01 3.22000e-01 5.35000e-03 9.77000e-01
7.22522e-01 8.00000e+03 1.10100e+02 1.00000e+00 1.00000e+00 1.47000e-11 1.08000e-06 2.49000e-02 9.75000e-01 0.00000e+00 3.73000e-08 3.19000e-03 6.92000e-01 3.04000e-01 5.82000e-03 9.77000e-01
7.51420e-01 8.00000e+03 1.10100e+02 1.00000e+00 1.00000e+00 7.42000e-12 1.28000e-06 2.70000e-02 9.73000e-01 0.00000e+00 4.46000e-08 3.53000e-03 7.09000e-01 2.87000e-01 6.32000e-03 9.78000e-01
7.81478e-01 8.00000e+03 1.10100e+02 1.00000e+00 1.00000e+00 3.71000e-12 1.53000e-06 2.92000e-02 9.71000e-01 0.00000e+00 5.33000e-08 3.90000e-03 7.25000e-01 2.71000e-01 6.88000e-03 9.79000e-01
8.12739e-01 8.00000e+03 1.10100e+02 1.00000e+00 9.99000e-01 1.85000e-12 1.82000e-06 3.17000e-02 9.68000e-01 0.00000e+00 6.37000e-08 4.31000e-03 7.41000e-01 2.55000e-01 7.48000e-03 9.80000e-01
8.45247e-01 8.00000e+03 1.10100e+02 1.00000e+00 9.99000e-01 9.33000e-13 2.18000e-06 3.43000e-02 9.66000e-01 0.00000e+00 7.59000e-08 4.76000e-03 7.56000e-01 2.39000e-01 8.15000e-03 9.80000e-01
8.79058e-01 8.00000e+03 1.10090e+02 1.00000e+00 9.99000e-01 4.80000e-13 2.60000e-06 3.72000e-02 9.63000e-01 0.00000e+00 9.05000e-08 5.24000e-03 7.70000e-01 2.24000e-01 8.87000e-03 9.80000e-01
9.14221e-01 8.00000e+03 1.10090e+02 1.00000e+00 9.99000e-01 2.58000e-13 3.11000e-06 4.03000e-02 9.60000e-01 0.00000e+00 1.08000e-07 5.77000e-03 7.84000e-01 2.10000e-01 9.66000e-03 9.80000e-01
9.50786e-01 8.00000e+03 1.10090e+02 1.00000e+00 9.99000e-01 1.48000e-13 3.72000e-06 4.37000e-02 9.56000e-01 0.00000e+00 1.28000e-07 6.35000e-03 7.97000e-01 1.96000e-01 1.05000e-02 9.80000e-01
9.88820e-01 8.00000e+03 1.10090e+02 1.00000e+00 9.99000e-01 9.21000e-14 4.46000e-06 4.74000e-02 9.53000e-01 0.00000e+00 1.52000e-07 6.98000e-03 8.10000e-01 1.83000e-01 1.15000e-02 9.80000e-01
1.02837e+00 8.00000e+03 1.10090e+02 1.00000e+00 9.99000e-01 6.25000e-14 5.35000e-06 5.15000e-02 9.49000e-01 0.00000e+00 1.80000e-07 7.66000e-03 8.21000e-01 1.71000e-01 1.25000e-02 9.80000e-01
1.06951e+00 8.00000e+03 1.10080e+02 1.00000e+00 9.99000e-01 4.56000e-14 6.43000e-06 5.59000e-02 9.44000e-01 0.00000e+00 2.14000e-07 8.40000e-03 8.33000e-01 1.59000e-01 1.37000e-02 9.79000e-01
1.11229e+00 8.00000e+03 1.10080e+02 1.00000e+00 9.99000e-01 3.53000e-14 7.74000e-06 6.07000e-02 9.39000e-01 0.00000e+00 2.54000e-07 9.21000e-03 8.43000e-01 1.47000e-01 1.50000e-02 9.79000e-01
1.15678e+00 8.00000e+03 1.10080e+02 1.00000e+00 9.99000e-01 2.84000e-14 9.32000e-06 6.60000e-02 9.34000e-01 0.00000e+00 3.01000e-07 1.01000e-02 8.53000e-01 1.37000e-01 1.64000e-02 9.78000e-01
1.20305e+00 8.00000e+03 1.10080e+02 1.00000e+00 9.99000e-01 2.34000e-14 1.12000e-05 7.17000e-02 9.28000e-01 0.00000e+00 3.57000e-07 1.11000e-02 8.63000e-01 1.26000e-01 1.80000e-02 9.77000e-01
1.25117e+00 8.00000e+03 1.10070e+02 1.00000e+00 9.99000e-01 1.95000e-14 1.36000e-05 7.80000e-02 9.22000e-01 0.00000e+00 4.23000e-07 1.21000e-02 8.71000e-01 1.17000e-01 1.98000e-02 9.75000e-01
1.30122e+00 8.00000e+03 1.10070e+02 1.00000e+00 9.99000e-01 1.65000e-14 1.65000e-05 8.50000e-02 9.15000e-01 0.00000e+00 5.01000e-07 1.33000e-02 8.79000e-01 1.07000e-01 2.17000e-02 9.74000e-01
1.35327e+00 8.00000e+03 1.10070e+02 1.00000e+00 9.99000e-01 1.40000e-14 2.00000e-05 9.26000e-02 9.07000e-01 0.00000e+00 5.95000e-07 1.45000e-02 8.87000e-01 9.87000e-02 2.40000e-02 9.72000e-01
1.40740e+00 8.00000e+03 1.10060e+02 1.00000e+00 9.98000e-01 1.19000e-14 2.43000e-05 1.01000e-01 8.99000e-01 0.00000e+00 7.07000e-07 1.59000e-02 8.94000e-01 9.04000e-02 2.65000e-02 9.70000e-01
1.46369e+00 8.00000e+03 1.10060e+02 1.00000e+00 9.98000e-01 1.02000e-14 2.97000e-05 1.10000e-01 8.90000e-01 0.00000e+00 8.42000e-07 1.75000e-02 9.00000e-01 8.26000e-02 2.93000e-02 9.67000e-01
1.52224e+00 8.00000e+03 1.10050e+02 1.00000e+00 9.98000e-01 8.72000e-15 3.64000e-05 1.21000e-01 8.79000e-01 0.00000e+00 1.00000e-06 1.92000e-02 9.06000e-01 7.53000e-02 3.25000e-02 9.64000e-01
1.58313e+00 8.00000e+03 1.10050e+02 1.00000e+00 9.98000e-01 7.45000e-15 4.49000e-05 1.32000e-01 8.68000e-01 0.00000e+00 1.20000e-06 2.11000e-02 9.11000e-01 6.83000e-02 3.62000e-02 9.61000e-01
1.64646e+00 8.00000e+03 1.10040e+02 9.99000e-01 9.98000e-01 6.37000e-15 5.56000e-05 1.45000e-01 8.55000e-01 0.00000e+00 1.44000e-06 2.32000e-02 9.15000e-01 6.18000e-02 4.05000e-02 9.57000e-01
1.71231e+00 8.00000e+03 1.10040e+02 9.99000e-01 9.97000e-01 5.43000e-15 6.93000e-05 1.60000e-01 8.40000e-01 0.00000e+00 1.73000e-06 2.57000e-02 9.19000e-01 5.55000e-02 4.55000e-02 9.52000e-01
1.78081e+00 8.00000e+03 1.10030e+02 9.99000e-01 9.97000e-01 4.62000e-15 8.71000e-05 1.76000e-01 8.24000e-01 0.00000e+00 2.10000e-06 2.84000e-02 9.22000e-01 4.97000e-02 5.14000e-02 9.47000e-01
1.85204e+00 8.00000e+03 1.10020e+02 9.99000e-01 9.97000e-01 3.92000e-15 1.11000e-04 1.95000e-01 8.05000e-01 0.00000e+00 2.56000e-06 3.17000e-02 9.24000e-01 4.41000e-02 5.85000e-02 9.40000e-01
1.92612e+00 8.00000e+03 1.10010e+02 9.99000e-01 9.96000e-01 3.32000e-15 1.42000e-04 2.17000e-01 7.83000e-01 0.00000e+00 3.15000e-06 3.54000e-02 9.26000e-01 3.88000e-02 6.71000e-02 9.31000e-01
2.00317e+00 8.00000e+03 1.09990e+02 9.99000e-01 9.96000e-01 2.80000e-15 1.86000e-04 2.42000e-01 7.58000e-01 0.00000e+00 3.90000e-06 3.99000e-02 9.26000e-01 3.38000e-02 7.78000e-02 9.21000e-01
2.08329e+00 8.00000e+03 1.09980e+02 9.99000e-01 9.95000e-01 2.35000e-15 2.47000e-04 2.72000e-01 7.27000e-01 0.00000e+00 4.91000e-06 4.54000e-02 9.26000e-01 2.91000e-02 9.13000e-02 9.08000e-01
2.16262e+00 8.00000e+03 1.09960e+02 9.99000e-01 9.94000e-01 1.96000e-15 3.33000e-04 3.07000e-01 6.93000e-01 0.00000e+00 6.19000e-06 5.18000e-02 9.23000e-01 2.47000e-02 1.08000e-01 8.91000e-01
2.23500e+00 8.00000e+03 1.09940e+02 9.99000e-01 9.93000e-01 1.66000e-15 4.44000e-04 3.43000e-01 6.56000e-01 0.00000e+00 7.71000e-06 5.89000e-02 9.20000e-01 2.10000e-02 1.28000e-01 8.72000e-01
2.29876e+00 8.00000e+03 1.09910e+02 9.98000e-01 9.92000e-01 1.44000e-15 5.82000e-04 3.81000e-01 6.18000e-01 0.00000e+00 9.44000e-06 6.64000e-02 9.16000e-01 1.80000e-02 1.49000e-01 8.50000e-01
2.35569e+00 8.00000e+03 1.09870e+02 9.98000e-01 9.91000e-01 1.26000e-15 7.54000e-04 4.20000e-01 5.79000e-01 0.00000e+00 1.14000e-05 7.45000e-02 9.10000e-01 1.54000e-02 1.74000e-01 8.25000e-01
2.40105e+00 8.00000e+03 1.09830e+02 9.98000e-01 9.90000e-01 1.12000e-15 9.41000e-04 4.55000e-01 5.44000e-01 0.00000e+00 1.34000e-05 8.21000e-02 9.04000e-01 1.34000e-02 1.99000e-01 8.01000e-01
2.43417e+00 8.00000e+03 1.09790e+02 9.98000e-01 9.88000e-01 1.04000e-15 1.11000e-03 4.84000e-01 5.15000e-01 0.00000e+00 1.47000e-05 8.73000e-02 9.01000e-01 1.20000e-02 2.20000e-01 7.79000e-01
2.46823e+00 8.00000e+03 1.09750e+02 9.97000e-01 9.87000e-01 9.69000e-16 1.34000e-03 5.16000e-01 4.83000e-01 0.00000e+00 1.67000e-05 9.46000e-02 8.95000e-01 1.06000e-02 2.47000e-01 7.53000e-01
2.50654e+00 8.00000e+03 1.09710e+02 9.97000e-01 9.85000e-01 8.66000e-16 1.66000e-03 5.56000e-01 4.43000e-01 0.00000e+00 1.93000e-05 1.04000e-01 8.87000e-01 9.03000e-03 2.82000e-01 7.17000e-01
2.54125e+00 8.00000e+03 1.09660e+02 9.97000e-01 9.82000e-01 7.80000e-16 2.06000e-03 5.96000e-01 4.02000e-01 0.00000e+00 2.23000e-05 1.15000e-01 8.78000e-01 7.68000e-03 3.22000e-01 6.77000e-01
2.56839e+00 8.00000e+03 1.09600e+02 9.96000e-01 9.80000e-01 7.16000e-16 2.47000e-03 6.30000e-01 3.67000e-01 0.00000e+00 2.53000e-05 1.25000e-01 8.69000e-01 6.64000e-03 3.60000e-01 6.39000e-01
2.59001e+00 8.00000e+03 1.09540e+02 9.96000e-01 9.77000e-01 6.73000e-16 2.87000e-03 6.60000e-01 3.37000e-01 0.00000e+00 2.80000e-05 1.34000e-01 8.60000e-01 5.84000e-03 3.95000e-01 6.04000e-01
2.61333e+00 8.00000e+03 1.09470e+02 9.96000e-01 9.74000e-01 6.28000e-16 3.40000e-03 6.93000e-01 3.04000e-01 0.00000e+00 3.12000e-05 1.44000e-01 8.50000e-01 5.01000e-03 4.39000e-01 5.60000e-01
2.63856e+00 8.00000e+03 1.09390e+02 9.95000e-01 9.69000e-01 5.65000e-16 4.12000e-03 7.31000e-01 2.65000e-01 0.00000e+00 3.53000e-05 1.58000e-01 8.38000e-01 4.15000e-03 4.93000e-01 5.06000e-01
2.66023e+00 8.00000e+03 1.09290e+02 9.94000e-01 9.63000e-01 5.15000e-16 4.93000e-03 7.65000e-01 2.30000e-01 0.00000e+00 3.96000e-05 1.72000e-01 8.25000e-01 3.43000e-03 5.47000e-01 4.51000e-01
2.67818e+00 8.00000e+03 1.09170e+02 9.94000e-01 9.57000e-01 4.75000e-16 5.78000e-03 7.94000e-01 2.00000e-01 0.00000e+00 4.39000e-05 1.85000e-01 8.12000e-01 2.86000e-03 5.97000e-01 4.00000e-01
2.69484e+00 8.00000e+03 1.09040e+02 9.93000e-01 9.49000e-01 4.38000e-16 6.74000e-03 8.22000e-01 1.71000e-01 0.00000e+00 4.84000e-05 1.99000e-01 7.98000e-01 2.36000e-03 6.48000e-01 3.49000e-01
2.71003e+00 8.00000e+03 1.08880e+02 9.92000e-01 9.40000e-01 3.98000e-16 7.82000e-03 8.47000e-01 1.45000e-01 0.00000e+00 5.30000e-05 2.14000e-01 7.84000e-01 1.93000e-03 6.97000e-01 2.99000e-01
2.72238e+00 8.00000e+03 1.08710e+02 9.91000e-01 9.29000e-01 3.66000e-16 8.89000e-03 8.67000e-01 1.24000e-01 0.00000e+00 5.74000e-05 2.28000e-01 7.71000e-01 1.60000e-03 7.40000e-01 2.57000e-01
2.73257e+00 8.00000e+03 1.08510e+02 9.90000e-01 9.18000e-01 3.39000e-16 9.93000e-03 8.83000e-01 1.07000e-01 0.00000e+00 6.15000e-05 2.40000e-01 7.58000e-01 1.34000e-03 7.75000e-01 2.21000e-01
2.74171e+00 8.00000e+03 1.08310e+02 9.90000e-01 9.05000e-01 3.13000e-16 1.10000e-02 8.98000e-01 9.14000e-02 0.00000e+00 6.54000e-05 2.53000e-01 7.46000e-01 1.12000e-03 8.07000e-01 1.88000e-01
2.75031e+00 8.00000e+03 1.08100e+02 9.89000e-01 8.89000e-01 2.87000e-16 1.22000e-02 9.10000e-01 7.75000e-02 0.00000e+00 6.93000e-05 2.65000e-01 7.34000e-01 9.23000e-04 8.37000e-01 1.58000e-01
2.75821e+00 8.00000e+03 1.07860e+02 9.88000e-01 8.70000e-01 2.60000e-16 1.34000e-02 9.21000e-01 6.51000e-02 0.00000e+00 7.33000e-05 2.78000e-01 7.22000e-01 7.57000e-04 8.63000e-01 1.31000e-01
2.76519e+00 8.00000e+03 1.07590e+02 9.87000e-01 8.48000e-01 2.35000e-16 1.46000e-02 9.31000e-01 5.46000e-02 0.00000e+00 7.71000e-05 2.89000e-01 7.10000e-01 6.20000e-04 8.85000e-01 1.08000e-01
2.77130e+00 8.00000e+03 1.07280e+02 9.86000e-01 8.23000e-01 2.12000e-16 1.58000e-02 9.38000e-01 4.58000e-02 0.00000e+00 8.05000e-05 3.01000e-01 6.99000e-01 5.09000e-04 9.04000e-01 8.92000e-02
2.77679e+00 8.00000e+03 1.06940e+02 9.85000e-01 7.94000e-01 1.89000e-16 1.70000e-02 9.45000e-01 3.83000e-02 0.00000e+00 8.38000e-05 3.11000e-01 6.88000e-01 4.17000e-04 9.19000e-01 7.30000e-02
2.78185e+00 8.00000e+03 1.06570e+02 9.84000e-01 7.61000e-01 1.67000e-16 1.83000e-02 9.50000e-01 3.18000e-02 0.00000e+00 8.68000e-05 3.21000e-01 6.78000e-01 3.39000e-04 9.33000e-01 5.92000e-02
2.78653e+00 8.00000e+03 1.06150e+02 9.83000e-01 7.22000e-01 1.46000e-16 1.95000e-02 9.54000e-01 2.61000e-02 0.00000e+00 8.97000e-05 3.31000e-01 6.69000e-01 2.73000e-04 9.44000e-01 4.75000e-02
2.79086e+00 8.00000e+03 1.05680e+02 9.82000e-01 6.78000e-01 1.23000e-16 2.09000e-02 9.58000e-01 2.12000e-02 0.00000e+00 9.29000e-05 3.41000e-01 6.58000e-01 2.18000e-04 9.53000e-01 3.76000e-02
2.79490e+00 8.00000e+03 1.05150e+02 9.81000e-01 6.28000e-01 1.02000e-16 2.21000e-02 9.61000e-01 1.71000e-02 0.00000e+00 9.54000e-05 3.50000e-01 6.50000e-01 1.72000e-04 9.61000e-01 2.94000e-02
2.79877e+00 8.00000e+03 1.04560e+02 9.80000e-01 5.70000e-01 8.29000e-17 2.35000e-02 9.63000e-01 1.36000e-02 0.00000e+00 9.77000e-05 3.59000e-01 6.41000e-01 1.34000e-04 9.67000e-01 2.25000e-02
2.80248e+00 8.00000e+03 1.03890e+02 9.79000e-01 5.05000e-01 6.47000e-17 2.49000e-02 9.65000e-01 1.06000e-02 0.00000e+00 9.98000e-05 3.67000e-01 6.33000e-01 1.03000e-04 9.72000e-01 1.69000e-02
2.80611e+00 8.00000e+03 1.03150e+02 9.78000e-01 4.33000e-01 4.84000e-17 2.63000e-02 9.66000e-01 8.09000e-03 0.00000e+00 1.02000e-04 3.75000e-01 6.25000e-01 7.76000e-05 9.76000e-01 1.24000e-02
2.81027e+00 8.00000e+03 1.01730e+02 9.76000e-01 3.48000e-01 3.29000e-17 2.80000e-02 9.66000e-01 5.78000e-03 0.00000e+00 1.03000e-04 3.83000e-01 6.16000e-01 5.48000e-05 9.80000e-01 8.35000e-03
2.81495e+00 8.00000e+03 1.00980e+02 9.75000e-01 2.51000e-01 1.87000e-17 3.04000e-02 9.66000e-01 3.79000e-03 0.00000e+00 1.06000e-04 3.95000e-01 6.05000e-01 3.56000e-05 9.82000e-01 5.08000e-03
2.82031e+00 8.00000e+03 9.94320e+01 9.72000e-01 1.59000e-01 9.19000e-18 3.33000e-02 9.64000e-01 2.26000e-03 0.00000e+00 1.09000e-04 4.08000e-01 5.92000e-01 2.12000e-05 9.83000e-01 2.74000e-03
2.82728e+00 8.00000e+03 9.85330e+01 9.68000e-01 7.97000e-02 3.16000e-18 3.82000e-02 9.61000e-01 1.10000e-03 0.00000e+00 1.15000e-04 4.29000e-01 5.71000e-01 1.04000e-05 9.83000e-01 1.17000e-03
2.83633e+00 8.00000e+03 9.70310e+01 9.62000e-01 3.05000e-02 7.18000e-19 4.65000e-02 9.53000e-01 4.19000e-04 0.00000e+00 1.23000e-04 4.60000e-01 5.40000e-01 4.01000e-06 9.81000e-01 3.77000e-04
2.84619e+00 8.00000e+03 9.61130e+01 9.50000e-01 1.06000e-02 1.27000e-19 6.07000e-02 9.39000e-01 1.38000e-04 0.00000e+00 1.35000e-04 5.03000e-01 4.97000e-01 1.36000e-06 9.75000e-01 1.06000e-04
2.85403e+00 8.00000e+03 9.42940e+01 9.35000e-01 4.79000e-03 3.34000e-20 7.92000e-02 9.21000e-01 5.51000e-05 0.00000e+00 1.45000e-04 5.45000e-01 4.55000e-01 5.48000e-07 9.68000e-01 3.84000e-05
2.85916e+00 8.00000e+03 9.25770e+01 9.19000e-01 2.94000e-03 1.58000e-20 9.81000e-02 9.02000e-01 2.92000e-05 0.00000e+00 1.52000e-04 5.79000e-01 4.20000e-01 2.90000e-07 9.61000e-01 1.94000e-05
2.86247e+00 8.00000e+03 9.10360e+01 9.05000e-01 2.17000e-03 9.92000e-21 1.15000e-01 8.85000e-01 1.90000e-05 0.00000e+00 1.57000e-04 6.05000e-01 3.95000e-01 1.88000e-07 9.55000e-01 1.23000e-05
2.86485e+00 8.00000e+03 8.99620e+01 8.92000e-01 1.74000e-03 7.21000e-21 1.30000e-01 8.70000e-01 1.36000e-05 0.00000e+00 1.61000e-04 6.27000e-01 3.73000e-01 1.33000e-07 9.48000e-01 8.74000e-06
2.86741e+00 8.00000e+03 8.82570e+01 8.76000e-01 1.36000e-03 5.00000e-21 1.49000e-01 8.51000e-01 9.36000e-06 0.00000e+00 1.65000e-04 6.52000e-01 3.48000e-01 0.00000e+00 9.41000e-01 5.94000e-06
2.87073e+00 8.00000e+03 8.50590e+01 8.50000e-01 9.96000e-04 3.00000e-21 1.80000e-01 8.20000e-01 5.61000e-06 0.00000e+00 1.68000e-04 6.86000e-01 3.14000e-01 0.00000e+00 9.28000e-01 3.54000e-06
2.87433e+00 8.00000e+03 8.08590e+01 8.08000e-01 7.23000e-04 1.67000e-21 2.28000e-01 7.72000e-01 3.05000e-06 0.00000e+00 1.70000e-04 7.27000e-01 2.73000e-01 0.00000e+00 9.06000e-01 1.95000e-06
2.87722e+00 8.00000e+03 7.57990e+01 7.57000e-01 5.71000e-04 1.08000e-21 2.85000e-01 7.15000e-01 1.76000e-06 0.00000e+00 1.68000e-04 7.63000e-01 2.36000e-01 0.00000e+00 8.80000e-01 1.15000e-06
2.87909e+00 8.00000e+03 7.13530e+01 7.13000e-01 4.97000e-04 8.41000e-22 3.34000e-01 6.66000e-01 1.18000e-06 0.00000e+00 1.64000e-04 7.89000e-01 2.11000e-01 0.00000e+00 8.54000e-01 7.98000e-07
2.88023e+00 8.00000e+03 6.86020e+01 6.79000e-01 4.57000e-04 7.31000e-22 3.71000e-01 6.29000e-01 9.02000e-07 0.00000e+00 1.62000e-04 8.06000e-01 1.94000e-01 0.00000e+00 8.34000e-01 6.26000e-07
2.88113e+00 8.00000e+03 6.57430e+01 6.52000e-01 4.29000e-04 6.59000e-22 4.00000e-01 6.00000e-01 7.26000e-07 0.00000e+00 1.58000e-04 8.19000e-01 1.81000e-01 0.00000e+00 8.17000e-01 5.16000e-07
2.88199e+00 8.00000e+03 6.29030e+01 6.23000e-01 4.04000e-04 5.84000e-22 4.30000e-01 5.70000e-01 5.86000e-07 0.00000e+00 1.53000e-04 8.31000e-01 1.69000e-01 0.00000e+00 7.98000e-01 4.27000e-07
2.88277e+00 8.00000e+03 5.96960e+01 5.97000e-01 3.87000e-04 5.30000e-22 4.58000e-01 5.42000e-01 4.83000e-07 0.00000e+00 1.47000e-04 8.41000e-01 1.59000e-01 0.00000e+00 7.80000e-01 3.60000e-07
2.88341e+00 8.00000e+03 5.75420e+01 5.71000e-01 3.73000e-04 4.86000e-22 4.83000e-01 5.17000e-01 4.06000e-07 0.00000e+00 1.44000e-04 8.50000e-01 1.50000e-01 0.00000e+00 7.62000e-01 3.11000e-07
2.88397e+00 8.00000e+03 5.52950e+01 5.49000e-01 3.61000e-04 4.57000e-22 5.06000e-01 4.94000e-01 3.48000e-07 0.00000e+00 1.40000e-04 8.58000e-01 1.42000e-01 0.00000e+00 7.45000e-01 2.72000e-07
2.88454e+00 8.00000e+03 5.29690e+01 5.25000e-01 3.51000e-04 4.24000e-22 5.30000e-01 4.70000e-01 2.96000e-07 0.00000e+00 1.35000e-04 8.66000e-01 1.33000e-01 0.00000e+00 7.27000e-01 2.37000e-07
2.88509e+00 8.00000e+03 5.06610e+01 5.02000e-01 3.42000e-04 3.97000e-22 5.54000e-01 4.46000e-01 2.53000e-07 0.00000e+00 1.30000e-04 8.74000e-01 1.26000e-01 0.00000e+00 7.09000e-01 2.08000e-07
2.88558e+00 8.00000e+03 4.84720e+01 4.81000e-01 3.36000e-04 3.76000e-22 5.74000e-01 4.26000e-01 2.20000e-07 0.00000e+00 1.26000e-04 8.80000e-01 1.20000e-01 0.00000e+00 6.92000e-01 1.85000e-07
2.88601e+00 8.00000e+03 4.65090e+01 4.62000e-01 3.31000e-04 3.59000e-22 5.93000e-01 4.07000e-01 1.94000e-07 0.00000e+00 1.22000e-04 8.85000e-01 1.14000e-01 0.00000e+00 6.76000e-01 1.67000e-07
2.88635e+00 8.00000e+03 4.49220e+01 4.47000e-01 3.29000e-04 3.46000e-22 6.07000e-01 3.93000e-01 1.76000e-07 0.00000e+00 1.18000e-04 8.89000e-01 1.10000e-01 0.00000e+00 6.62000e-01 1.53000e-07
2.88661e+00 8.00000e+03 4.38780e+01 4.35000e-01 3.26000e-04 3.38000e-22 6.19000e-01 3.81000e-01 1.62000e-07 0.00000e+00 1.16000e-04 8.93000e-01 1.07000e-01 0.00000e+00 6.51000e-01 1.43000e-07
2.88686e+00 8.00000e+03 4.26200e+01 4.25000e-01 3.24000e-04 3.31000e-22 6.29000e-01 3.71000e-01 1.50000e-07 0.00000e+00 1.13000e-04 8.96000e-01 1.04000e-01 0.00000e+00 6.41000e-01 1.35000e-07
2.88714e+00 8.00000e+03 4.14090e+01 4.12000e-01 3.21000e-04 3.21000e-22 6.41000e-01 3.59000e-01 1.38000e-07 0.00000e+00 1.10000e-04 8.99000e-01 1.01000e-01 0.00000e+00 6.29000e-01 1.26000e-07
2.88744e+00 8.00000e+03 4.00940e+01 3.98000e-01 3.19000e-04 3.10000e-22 6.54000e-01 3.46000e-01 1.25000e-07 0.00000e+00 1.07000e-04 9.03000e-01 9.68000e-02 0.00000e+00 6.17000e-01 1.16000e-07
2.88772e+00 8.00000e+03 3.88070e+01 3.86000e-01 3.17000e-04 3.02000e-22 6.65000e-01 3.35000e-01 1.15000e-07 0.00000e+00 1.04000e-04 9.06000e-01 9.36000e-02 0.00000e+00 6.05000e-01 1.08000e-07
2.88798e+00 8.00000e+03 3.75960e+01 3.74000e-01 3.16000e-04 2.94000e-22 6.76000e-01 3.24000e-01 1.06000e-07 0.00000e+00 1.01000e-04 9.09000e-01 9.05000e-02 0.00000e+00 5.93000e-01 1.01000e-07
2.88825e+00 8.00000e+03 3.64000e+01 3.62000e-01 3.14000e-04 2.87000e-22 6.88000e-01 3.12000e-01 9.72000e-08 0.00000e+00 9.86000e-05 9.12000e-01 8.75000e-02 0.00000e+00 5.81000e-01 9.45000e-08
2.88852e+00 8.00000e+03 3.52040e+01 3.50000e-01 3.13000e-04 2.80000e-22 6.99000e-01 3.01000e-01 8.91000e-08 0.00000e+00 9.58000e-05 9.16000e-01 8.44000e-02 0.00000e+00 5.68000e-01 8.80000e-08
2.88879e+00 8.00000e+03 3.40240e+01 3.38000e-01 3.12000e-04 2.73000e-22 7.10000e-01 2.90000e-01 8.17000e-08 0.00000e+00 9.29000e-05 9.18000e-01 8.15000e-02 0.00000e+00 5.56000e-01 8.21000e-08
2.88905e+00 8.00000e+03 3.28710e+01 3.27000e-01 3.11000e-04 2.67000e-22 7.20000e-01 2.80000e-01 7.50000e-08 0.00000e+00 9.01000e-05 9.21000e-01 7.86000e-02 0.00000e+00 5.43000e-01 7.66000e-08
2.88932e+00 8.00000e+03 3.17400e+01 3.16000e-01 3.11000e-04 2.61000e-22 7.30000e-01 2.70000e-01 6.89000e-08 0.00000e+00 8.73000e-05 9.24000e-01 7.59000e-02 0.00000e+00 5.31000e-01 7.15000e-08
2.88958e+00 8.00000e+03 3.06290e+01 3.05000e-01 3.10000e-04 2.55000e-22 7.40000e-01 2.60000e-01 6.32000e-08 0.00000e+00 8.46000e-05 9.27000e-01 7.32000e-02 0.00000e+00 5.19000e-01 6.67000e-08
2.88984e+00 8.00000e+03 2.95400e+01 2.94000e-01 3.10000e-04 2.49000e-22 7.50000e-01 2.50000e-01 5.80000e-08 0.00000e+00 8.19000e-05 9.29000e-01 7.05000e-02 0.00000e+00 5.06000e-01 6.23000e-08
2.89010e+00 8.00000e+03 2.84740e+01 2.83000e-01 3.10000e-04 2.44000e-22 7.60000e-01 2.40000e-01 5.33000e-08 0.00000e+00 7.92000e-05 9.32000e-01 6.80000e-02 0.00000e+00 4.94000e-01 5.81000e-08
2.89035e+00 8.00000e+03 2.74320e+01 2.73000e-01 3.10000e-04 2.39000e-22 7.69000e-01 2.31000e-01 4.89000e-08 0.00000e+00 7.65000e-05 9.34000e-01 6.55000e-02 0.00000e+00 4.81000e-01 5.43000e-08
2.89061e+00 8.00000e+03 2.64150e+01 2.63000e-01 3.11000e-04 2.34000e-22 7.78000e-01 2.22000e-01 4.49000e-08 0.00000e+00 7.40000e-05 9.37000e-01 6.31000e-02 0.00000e+00 4.69000e-01 5.07000e-08
2.89087e+00 8.00000e+03 2.54230e+01 2.53000e-01 3.11000e-04 2.29000e-22 7.87000e-01 2.13000e-01 4.13000e-08 0.00000e+00 7.14000e-05 9.39000e-01 6.08000e-02 0.00000e+00 4.56000e-01 4.73000e-08
2.89112e+00 8.00000e+03 2.44560e+01 2.43000e-01 3.12000e-04 2.25000e-22 7.95000e-01 2.05000e-01 3.79000e-08 0.00000e+00 6.89000e-05 9.41000e-01 5.85000e-02 0.00000e+00 4.44000e-01 4.42000e-08
2.89137e+00 8.00000e+03 2.35150e+01 2.34000e-01 3.12000e-04 2.21000e-22 8.04000e-01 1.96000e-01 3.48000e-08 0.00000e+00 6.65000e-05 9.44000e-01 5.63000e-02 0.00000e+00 4.32000e-01 4.13000e-08
2.89162e+00 8.00000e+03 2.25990e+01 2.25000e-01 3.13000e-04 2.16000e-22 8.12000e-01 1.88000e-01 3.20000e-08 0.00000e+00 6.41000e-05 9.46000e-01 5.42000e-02 0.00000e+00 4.20000e-01 3.86000e-08
2.89187e+00 8.00000e+03 2.17140e+01 2.16000e-01 3.14000e-04 2.12000e-22 8.19000e-01 1.81000e-01 2.94000e-08 0.00000e+00 6.17000e-05 9.48000e-01 5.21000e-02 0.00000e+00 4.08000e-01 3.61000e-08
2.89212e+00 8.00000e+03 2.08660e+01 2.08000e-01 3.15000e-04 2.09000e-22 8.27000e-01 1.73000e-01 2.70000e-08 0.00000e+00 5.95000e-05 9.50000e-01 5.02000e-02 0.00000e+00 3.97000e-01 3.37000e-08
2.89236e+00 8.00000e+03 2.00540e+01 2.00000e-01 3.16000e-04 2.05000e-22 8.34000e-01 1.66000e-01 2.49000e-08 0.00000e+00 5.73000e-05 9.52000e-01 4.83000e-02 0.00000e+00 3.85000e-01 3.16000e-08
2.89260e+00 8.00000e+03 1.92760e+01 1.92000e-01 3.17000e-04 2.02000e-22 8.40000e-01 1.60000e-01 2.29000e-08 0.00000e+00 5.52000e-05 9.53000e-01 4.65000e-02 0.00000e+00 3.74000e-01 2.96000e-08
2.89284e+00 8.00000e+03 1.85280e+01 1.84000e-01 3.18000e-04 1.98000e-22 8.47000e-01 1.53000e-01 2.12000e-08 0.00000e+00 5.32000e-05 9.55000e-01 4.48000e-02 0.00000e+00 3.63000e-01 2.78000e-08
2.89307e+00 8.00000e+03 1.78080e+01 1.77000e-01 3.20000e-04 1.95000e-22 8.53000e-01 1.47000e-01 1.95000e-08 0.00000e+00 5.13000e-05 9.57000e-01 4.31000e-02 0.00000e+00 3.53000e-01 2.61000e-08
2.89330e+00 8.00000e+03 1.71160e+01 1.70000e-01 3.21000e-04 1.92000e-22 8.59000e-01 1.41000e-01 1.81000e-08 0.00000e+00 4.94000e-05 9.58000e-01 4.15000e-02 0.00000e+00 3.43000e-01 2.45000e-08
2.89353e+00 8.00000e+03 1.64510e+01 1.64000e-01 3.22000e-04 1.89000e-22 8.64000e-01 1.36000e-01 1.67000e-08 0.00000e+00 4.76000e-05 9.60000e-01 4.00000e-02 0.00000e+00 3.33000e-01 2.30000e-08
2.89376e+00 8.00000e+03 1.58140e+01 1.57000e-01 3.24000e-04 1.86000e-22 8.70000e-01 1.30000e-01 1.54000e-08 0.00000e+00 4.59000e-05 9.61000e-01 3.85000e-02 0.00000e+00 3.23000e-01 2.16000e-08
2.89398e+00 8.00000e+03 1.52010e+01 1.51000e-01 3.25000e-04 1.83000e-22 8.75000e-01 1.25000e-01 1.43000e-08 0.00000e+00 4.42000e-05 9.63000e-01 3.71000e-02 0.00000e+00 3.13000e-01 2.03000e-08
2.89421e+00 8.00000e+03 1.46120e+01 1.46000e-01 3.26000e-04 1.81000e-22 8.80000e-01 1.20000e-01 1.32000e-08 0.00000e+00 4.26000e-05 9.64000e-01 3.57000e-02 0.00000e+00 3.04000e-01 1.91000e-08
2.89443e+00 8.00000e+03 1.40460e+01 1.40000e-01 3.28000e-04 1.78000e-22 8.85000e-01 1.15000e-01 1.23000e-08 0.00000e+00 4.10000e-05 9.66000e-01 3.44000e-02 0.00000e+00 2.95000e-01 1.80000e-08
2.89465e+00 8.00000e+03 1.35020e+01 1.34000e-01 3.29000e-04 1.75000e-22 8.89000e-01 1.11000e-01 1.14000e-08 0.00000e+00 3.95000e-05 9.67000e-01 3.31000e-02 0.00000e+00 2.86000e-01 1.70000e-08
2.89486e+00 8.00000e+03 1.29790e+01 1.29000e-01 3.31000e-04 1.73000e-22 8.94000e-01 1.06000e-01 1.06000e-08 0.00000e+00 3.80000e-05 9.68000e-01 3.19000e-02 0.00000e+00 2.78000e-01 1.60000e-08
2.89508e+00 8.00000e+03 1.24770e+01 1.24000e-01 3.32000e-04 1.70000e-22 8.98000e-01 1.02000e-01 9.79000e-09 0.00000e+00 3.66000e-05 9.69000e-01 3.07000e-02 0.00000e+00 2.70000e-01 1.51000e-08
2.89530e+00 8.00000e+03 1.19950e+01 1.19000e-01 3.34000e-04 1.68000e-22 9.02000e-01 9.79000e-02 9.09000e-09 0.00000e+00 3.53000e-05 9.70000e-01 2.96000e-02 0.00000e+00 2.62000e-01 1.43000e-08
2.89551e+00 8.00000e+03 1.15310e+01 1.15000e-01 3.35000e-04 1.65000e-22 9.06000e-01 9.41000e-02 8.44000e-09 0.00000e+00 3.40000e-05 9.71000e-01 2.85000e-02 0.00000e+00 2.54000e-01 1.35000e-08
2.89572e+00 8.00000e+03 1.10850e+01 1.10000e-01 3.37000e-04 1.63000e-22 9.10000e-01 9.03000e-02 7.84000e-09 0.00000e+00 3.27000e-05 9.73000e-01 2.75000e-02 0.00000e+00 2.46000e-01 1.27000e-08
2.89594e+00 8.00000e+03 1.06570e+01 1.06000e-01 3.38000e-04 1.60000e-22 9.13000e-01 8.68000e-02 7.29000e-09 0.00000e+00 3.15000e-05 9.74000e-01 2.64000e-02 0.00000e+00 2.39000e-01 1.20000e-08
2.89615e+00 8.00000e+03 1.02450e+01 1.02000e-01 3.39000e-04 1.58000e-22 9.17000e-01 8.33000e-02 6.78000e-09 0.00000e+00 3.03000e-05 9.75000e-01 2.55000e-02 0.00000e+00 2.32000e-01 1.14000e-08
2.89636e+00 8.00000e+03 9.84950e+00 9.81000e-02 3.41000e-04 1.56000e-22 9.20000e-01 8.01000e-02 6.31000e-09 0.00000e+00 2.92000e-05 9.75000e-01 2.45000e-02 0.00000e+00 2.25000e-01 1.08000e-08
2.89657e+00 8.00000e+03 9.46910e+00 9.43000e-02 3.42000e-04 1.54000e-22 9.23000e-01 7.69000e-02 5.87000e-09 0.00000e+00 2.81000e-05 9.76000e-01 2.36000e-02 0.00000e+00 2.18000e-01 1.02000e-08
2.89677e+00 8.00000e+03 9.10340e+00 9.07000e-02 3.43000e-04 1.51000e-22 9.26000e-01 7.39000e-02 5.46000e-09 0.00000e+00 2.71000e-05 9.77000e-01 2.27000e-02 0.00000e+00 2.12000e-01 9.63000e-09
2.89698e+00 8.00000e+03 8.75220e+00 8.72000e-02 3.45000e-04 1.49000e-22 9.29000e-01 7.10000e-02 5.08000e-09 0.00000e+00 2.61000e-05 9.78000e-01 2.19000e-02 0.00000e+00 2.05000e-01 9.12000e-09
2.89719e+00 8.00000e+03 8.41450e+00 8.38000e-02 3.46000e-04 1.47000e-22 9.32000e-01 6.82000e-02 4.73000e-09 0.00000e+00 2.51000e-05 9.79000e-01 2.11000e-02 0.00000e+00 1.99000e-01 8.65000e-09
2.89739e+00 8.00000e+03 8.08990e+00 8.06000e-02 3.47000e-04 1.45000e-22 9.34000e-01 6.55000e-02 4.41000e-09 0.00000e+00 2.42000e-05 9.80000e-01 2.03000e-02 0.00000e+00 1.93000e-01 8.19000e-09
2.89760e+00 8.00000e+03 7.77780e+00 7.74000e-02 3.48000e-04 1.43000e-22 9.37000e-01 6.29000e-02 4.11000e-09 0.00000e+00 2.33000e-05 9.80000e-01 1.95000e-02 0.00000e+00 1.87000e-01 7.77000e-09
2.89780e+00 8.00000e+03 7.47780e+00 7.44000e-02 3.49000e-04 1.41000e-22 9.40000e-01 6.05000e-02 3.83000e-09 0.00000e+00 2.24000e-05 9.81000e-01 1.88000e-02 0.00000e+00 1.82000e-01 7.37000e-09
2.89800e+00 8.00000e+03 7.18960e+00 7.16000e-02 3.50000e-04 1.39000e-22 9.42000e-01 5.81000e-02 3.57000e-09 0.00000e+00 2.16000e-05 9.82000e-01 1.81000e-02 0.00000e+00 1.76000e-01 6.99000e-09
2.89821e+00 8.00000e+03 6.91240e+00 6.88000e-02 3.51000e-04 1.37000e-22 9.44000e-01 5.58000e-02 3.33000e-09 0.00000e+00 2.08000e-05 9.83000e-01 1.74000e-02 0.00000e+00 1.71000e-01 6.64000e-09
2.89841e+00 8.00000e+03 6.64610e+00 6.61000e-02 3.52000e-04 1.35000e-22 9.46000e-01 5.36000e-02 3.10000e-09 0.00000e+00 2.00000e-05 9.83000e-01 1.67000e-02 0.00000e+00 1.66000e-01 6.30000e-09
2.89861e+00 8.00000e+03 6.38980e+00 6.36000e-02 3.53000e-04 1.32000e-22 9.48000e-01 5.15000e-02 2.89000e-09 0.00000e+00 1.93000e-05 9.84000e-01 1.61000e-02 0.00000e+00 1.61000e-01 5.99000e-09
2.89881e+00 8.00000e+03 6.14350e+00 6.11000e-02 3.54000e-04 1.30000e-22 9.50000e-01 4.95000e-02 2.70000e-09 0.00000e+00 1.85000e-05 9.84000e-01 1.55000e-02 0.00000e+00 1.57000e-01 5.69000e-09
2.89901e+00 8.00000e+03 5.90680e+00 5.88000e-02 3.55000e-04 1.28000e-22 9.52000e-01 4.76000e-02 2.52000e-09 0.00000e+00 1.78000e-05 9.85000e-01 1.49000e-02 0.00000e+00 1.52000e-01 5.41000e-09
2.89921e+00 8.00000e+03 5.67930e+00 5.65000e-02 3.55000e-04 1.26000e-22 9.54000e-01 4.57000e-02 2.35000e-09 0.00000e+00 1.72000e-05 9.86000e-01 1.43000e-02 0.00000e+00 1.48000e-01 5.14000e-09
2.89942e+00 8.00000e+03 5.46060e+00 5.43000e-02 3.56000e-04 1.24000e-22 9.56000e-01 4.39000e-02 2.19000e-09 0.00000e+00 1.65000e-05 9.86000e-01 1.38000e-02 0.00000e+00 1.43000e-01 4.89000e-09
2.89962e+00 8.00000e+03 5.25030e+00 5.22000e-02 3.56000e-04 1.23000e-22 9.58000e-01 4.22000e-02 2.04000e-09 0.00000e+00 1.59000e-05 9.87000e-01 1.33000e-02 0.00000e+00 1.39000e-01 4.66000e-09
2.89981e+00 8.00000e+03 5.04810e+00 5.02000e-02 3.56000e-04 1.21000e-22 9.59000e-01 4.06000e-02 1.91000e-09 0.00000e+00 1.53000e-05 9.87000e-01 1.28000e-02 0.00000e+00 1.35000e-01 4.43000e-09
2.90001e+00 8.00000e+03 4.85370e+00 4.83000e-02 3.57000e-04 1.19000e-22 9.61000e-01 3.90000e-02 1.78000e-09 0.00000e+00 1.48000e-05 9.88000e-01 1.23000e-02 0.00000e+00 1.31000e-01 4.22000e-09
2.90021e+00 8.00000e+03 4.66680e+00 4.64000e-02 3.57000e-04 1.17000e-22 9.63000e-01 3.75000e-02 1.66000e-09 0.00000e+00 1.42000e-05 9.88000e-01 1.18000e-02 0.00000e+00 1.27000e-01 4.02000e-09
2.90041e+00 8.00000e+03 4.48720e+00 4.46000e-02 3.57000e-04 1.15000e-22 9.64000e-01 3.60000e-02 1.55000e-09 0.00000e+00 1.37000e-05 9.89000e-01 1.13000e-02 0.00000e+00 1.24000e-01 3.83000e-09
2.90061e+00 8.00000e+03 4.31450e+00 4.29000e-02 3.57000e-04 1.13000e-22 9.65000e-01 3.46000e-02 1.45000e-09 0.00000e+00 1.32000e-05 9.89000e-01 1.09000e-02 0.00000e+00 1.20000e-01 3.65000e-09
2.90081e+00 8.00000e+03 4.14850e+00 4.12000e-02 3.57000e-04 1.11000e-22 9.67000e-01 3.32000e-02 1.35000e-09 0.00000e+00 1.27000e-05 9.90000e-01 1.05000e-02 0.00000e+00 1.17000e-01 3.48000e-09
2.90101e+00 8.00000e+03 3.98880e+00 3.96000e-02 3.56000e-04 1.09000e-22 9.68000e-01 3.20000e-02 1.27000e-09 0.00000e+00 1.22000e-05 9.90000e-01 1.01000e-02 0.00000e+00 1.14000e-01 3.32000e-09
2.90121e+00 8.00000e+03 3.83540e+00 3.81000e-02 3.56000e-04 1.07000e-22 9.69000e-01 3.07000e-02 1.18000e-09 0.00000e+00 1.18000e-05 9.90000e-01 9.66000e-03 0.00000e+00 1.11000e-01 3.16000e-09
2.90140e+00 8.00000e+03 3.68780e+00 3.66000e-02 3.55000e-04 1.05000e-22 9.70000e-01 2.95000e-02 1.10000e-09 0.00000e+00 1.13000e-05 9.91000e-01 9.28000e-03 0.00000e+00 1.07000e-01 3.02000e-09
2.90160e+00 8.00000e+03 3.54600e+00 3.52000e-02 3.55000e-04 1.04000e-22 9.72000e-01 2.84000e-02 1.03000e-09 0.00000e+00 1.09000e-05 9.91000e-01 8.91000e-03 0.00000e+00 1.05000e-01 2.88000e-09
2.90180e+00 8.00000e+03 3.40960e+00 3.38000e-02 3.54000e-04 1.02000e-22 9.73000e-01 2.73000e-02 9.64000e-10 0.00000e+00 1.05000e-05 9.91000e-01 8.56000e-03 0.00000e+00 1.02000e-01 2.75000e-09
2.90200e+00 8.00000e+03 3.27850e+00 3.25000e-02 3.53000e-04 1.00000e-22 9.74000e-01 2.62000e-02 9.00000e-10 0.00000e+00 1.01000e-05 9.92000e-01 8.22000e-03 0.00000e+00 9.89000e-02 2.63000e-09
2.90220e+00 8.00000e+03 3.15240e+00 3.13000e-02 3.52000e-04 9.82000e-23 9.75000e-01 2.52000e-02 8.41000e-10 0.00000e+00 9.72000e-06 9.92000e-01 7.89000e-03 0.00000e+00 9.62000e-02 2.51000e-09
2.90240e+00 8.00000e+03 3.03120e+00 3.01000e-02 3.51000e-04 9.65000e-23 9.76000e-01 2.42000e-02 7.86000e-10 0.00000e+00 9.36000e-06 9.92000e-01 7.57000e-03 0.00000e+00 9.37000e-02 2.40000e-09
2.90259e+00 8.00000e+03 2.91470e+00 2.89000e-02 3.50000e-04 9.47000e-23 9.77000e-01 2.32000e-02 7.34000e-10 0.00000e+00 9.01000e-06 9.93000e-01 7.26000e-03 0.00000e+00 9.12000e-02 2.29000e-09
2.90280e+00 8.00000e+03 2.80270e+00 2.78000e-02 3.48000e-04 9.30000e-23 9.78000e-01 2.23000e-02 6.86000e-10 0.00000e+00 8.68000e-06 9.93000e-01 6.97000e-03 0.00000e+00 8.88000e-02 2.19000e-09
2.90299e+00 8.00000e+03 2.69500e+00 2.67000e-02 3.47000e-04 9.13000e-23 9.79000e-01 2.15000e-02 6.41000e-10 0.00000e+00 8.36000e-06 9.93000e-01 6.68000e-03 0.00000e+00 8.65000e-02 2.09000e-09
2.90319e+00 8.00000e+03 2.59140e+00 2.57000e-02 3.45000e-04 8.96000e-23 9.79000e-01 2.06000e-02 5.99000e-10 0.00000e+00 8.05000e-06 9.94000e-01 6.41000e-03 0.00000e+00 8.42000e-02 2.00000e-09
2.90339e+00 8.00000e+03 2.49190e+00 2.47000e-02 3.43000e-04 8.79000e-23 9.80000e-01 1.98000e-02 5.60000e-10 0.00000e+00 7.75000e-06 9.94000e-01 6.14000e-03 0.00000e+00 8.20000e-02 1.91000e-09
2.90359e+00 8.00000e+03 2.39620e+00 2.37000e-02 3.41000e-04 8.63000e-23 9.81000e-01 1.91000e-02 5.23000e-10 0.00000e+00 7.46000e-06 9.94000e-01 5.88000e-03 0.00000e+00 8.00000e-02 1.83000e-09
2.90379e+00 8.00000e+03 2.30410e+00 2.28000e-02 3.39000e-04 8.46000e-23 9.82000e-01 1.83000e-02 4.89000e-10 0.00000e+00 7.19000e-06 9.94000e-01 5.64000e-03 0.00000e+00 7.79000e-02 1.75000e-09
2.90399e+00 8.00000e+03 2.21530e+00 2.19000e-02 3.37000e-04 8.30000e-23 9.82000e-01 1.76000e-02 4.57000e-10 0.00000e+00 6.92000e-06 9.95000e-01 5.40000e-03 0.00000e+00 7.60000e-02 1.67000e-09
2.90419e+00 8.00000e+03 2.13040e+00 2.11000e-02 3.35000e-04 8.14000e-23 9.83000e-01 1.69000e-02 4.27000e-10 0.00000e+00 6.67000e-06 9.95000e-01 5.17000e-03 0.00000e+00 7.41000e-02 1.60000e-09
2.90439e+00 8.00000e+03 2.04880e+00 2.02000e-02 3.32000e-04 7.98000e-23 9.84000e-01 1.63000e-02 3.99000e-10 0.00000e+00 6.42000e-06 9.95000e-01 4.95000e-03 0.00000e+00 7.23000e-02 1.53000e-09
2.90459e+00 8.00000e+03 1.97020e+00 1.95000e-02 3.30000e-04 7.83000e-23 9.84000e-01 1.56000e-02 3.73000e-10 0.00000e+00 6.19000e-06 9.95000e-01 4.74000e-03 0.00000e+00 7.05000e-02 1.47000e-09
2.90479e+00 8.00000e+03 1.89460e+00 1.87000e-02 3.27000e-04 7.68000e-23 9.85000e-01 1.50000e-02 3.49000e-10 0.00000e+00 5.96000e-06 9.95000e-01 4.53000e-03 0.00000e+00 6.88000e-02 1.41000e-09
2.90499e+00 8.00000e+03 1.82190e+00 1.80000e-02 3.24000e-04 7.53000e-23 9.86000e-01 1.44000e-02 3.26000e-10 0.00000e+00 5.74000e-06 9.96000e-01 4.33000e-03 0.00000e+00 6.72000e-02 1.35000e-09
2.90520e+00 8.00000e+03 1.75200e+00 1.73000e-02 3.21000e-04 7.38000e-23 9.86000e-01 1.39000e-02 3.04000e-10 0.00000e+00 5.53000e-06 9.96000e-01 4.14000e-03 0.00000e+00 6.56000e-02 1.29000e-09
2.90540e+00 8.00000e+03 1.68480e+00 1.66000e-02 3.18000e-04 7.23000e-23 9.87000e-01 1.33000e-02 2.85000e-10 0.00000e+00 5.33000e-06 9.96000e-01 3.96000e-03 0.00000e+00 6.41000e-02 1.23000e-09
2.90560e+00 8.00000e+03 1.62030e+00 1.60000e-02 3.15000e-04 7.09000e-23 9.87000e-01 1.28000e-02 2.66000e-10 0.00000e+00 5.14000e-06 9.96000e-01 3.78000e-03 0.00000e+00 6.26000e-02 1.18000e-09
2.90581e+00 8.00000e+03 1.55820e+00 1.53000e-02 3.12000e-04 6.94000e-23 9.88000e-01 1.23000e-02 2.48000e-10 0.00000e+00 4.95000e-06 9.96000e-01 3.61000e-03 0.00000e+00 6.11000e-02 1.13000e-09
2.90601e+00 8.00000e+03 1.49840e+00 1.47000e-02 3.09000e-04 6.80000e-23 9.88000e-01 1.18000e-02 2.32000e-10 0.00000e+00 4.77000e-06 9.97000e-01 3.44000e-03 0.00000e+00 5.97000e-02 1.08000e-09
2.90622e+00 8.00000e+03 1.44100e+00 1.42000e-02 3.05000e-04 6.67000e-23 9.89000e-01 1.13000e-02 2.16000e-10 0.00000e+00 4.60000e-06 9.97000e-01 3.28000e-03 0.00000e+00 5.84000e-02 1.04000e-09
2.90642e+00 8.00000e+03 1.38590e+00 1.36000e-02 3.02000e-04 6.53000e-23 9.89000e-01 1.09000e-02 2.02000e-10 0.00000e+00 4.43000e-06 9.97000e-01 3.13000e-03 0.00000e+00 5.71000e-02 9.95000e-10
2.90663e+00 8.00000e+03 1.33290e+00 1.31000e-02 2.98000e-04 6.40000e-23 9.90000e-01 1.05000e-02 1.89000e-10 0.00000e+00 4.27000e-06 9.97000e-01 2.98000e-03 0.00000e+00 5.59000e-02 9.54000e-10
2.90684e+00 8.00000e+03 1.28190e+00 1.26000e-02 2.94000e-04 6.27000e-23 9.90000e-01 1.01000e-02 1.76000e-10 0.00000e+00 4.12000e-06 9.97000e-01 2.84000e-03 0.00000e+00 5.46000e-02 9.14000e-10
2.90705e+00 8.00000e+03 1.23270e+00 1.21000e-02 2.90000e-04 6.14000e-23 9.90000e-01 9.67000e-03 1.65000e-10 0.00000e+00 3.97000e-06 9.97000e-01 2.70000e-03 0.00000e+00 5.35000e-02 8.76000e-10
2.90726e+00 8.00000e+03 1.18570e+00 1.16000e-02 2.86000e-04 6.01000e-23 9.91000e-01 9.29000e-03 1.54000e-10 0.00000e+00 3.83000e-06 9.97000e-01 2.57000e-03 0.00000e+00 5.24000e-02 8.39000e-10
2.90747e+00 8.00000e+03 1.14040e+00 1.11000e-02 2.82000e-04 5.89000e-23 9.91000e-01 8.93000e-03 1.43000e-10 0.00000e+00 3.69000e-06 9.98000e-01 2.44000e-03 0.00000e+00 5.13000e-02 8.04000e-10
2.90769e+00 8.00000e+03 1.09690e+00 1.07000e-02 2.78000e-04 5.76000e-23 9.91000e-01 8.58000e-03 1.34000e-10 0.00000e+00 3.56000e-06 9.98000e-01 2.31000e-03 0.00000e+00 5.02000e-02 7.71000e-10
2.90790e+00 8.00000e+03 1.05500e+00 1.03000e-02 2.74000e-04 5.64000e-23 9.92000e-01 8.25000e-03 1.25000e-10 0.00000e+00 3.44000e-06 9.98000e-01 2.20000e-03 0.00000e+00 4.92000e-02 7.39000e-10
2.90812e+00 8.00000e+03 1.01480e+00 9.89000e-03 2.69000e-04 5.52000e-23 9.92000e-01 7.92000e-03 1.17000e-10 0.00000e+00 3.31000e-06 9.98000e-01 2.08000e-03 0.00000e+00 4.82000e-02 7.08000e-10
2.90833e+00 8.00000e+03 9.76110e-01 9.50000e-03 2.65000e-04 5.41000e-23 9.92000e-01 7.61000e-03 1.09000e-10 0.00000e+00 3.20000e-06 9.98000e-01 1.97000e-03 0.00000e+00 4.73000e-02 6.78000e-10
2.90856e+00 8.00000e+03 9.38940e-01 9.13000e-03 2.61000e-04 5.29000e-23 9.93000e-01 7.32000e-03 1.01000e-10 0.00000e+00 3.09000e-06 9.98000e-01 1.86000e-03 0.00000e+00 4.63000e-02 6.49000e-10
2.90878e+00 8.00000e+03 9.03220e-01 8.78000e-03 2.56000e-04 5.17000e-23 9.93000e-01 7.03000e-03 9.45000e-11 0.00000e+00 2.98000e-06 9.98000e-01 1.76000e-03 0.00000e+00 4.54000e-02 6.22000e-10
2.90900e+00 8.00000e+03 8.68860e-01 8.43000e-03 2.51000e-04 5.06000e-23 9.93000e-01 6.75000e-03 8.80000e-11 0.00000e+00 2.87000e-06 9.98000e-01 1.66000e-03 0.00000e+00 4.46000e-02 5.95000e-10
2.90923e+00 8.00000e+03 8.35840e-01 8.10000e-03 2.47000e-04 4.95000e-23 9.94000e-01 6.49000e-03 8.20000e-11 0.00000e+00 2.77000e-06 9.98000e-01 1.57000e-03 0.00000e+00 4.37000e-02 5.70000e-10
2.90946e+00 8.00000e+03 8.04130e-01 7.78000e-03 2.42000e-04 4.83000e-23 9.94000e-01 6.23000e-03 7.63000e-11 0.00000e+00 2.68000e-06 9.99000e-01 1.47000e-03 0.00000e+00 4.29000e-02 5.45000e-10
2.90970e+00 8.00000e+03 7.73660e-01 7.48000e-03 2.37000e-04 4.72000e-23 9.94000e-01 5.99000e-03 7.11000e-11 0.00000e+00 2.59000e-06 9.99000e-01 1.38000e-03 0.00000e+00 4.21000e-02 5.22000e-10
2.90993e+00 8.00000e+03 7.44380e-01 7.18000e-03 2.32000e-04 4.61000e-23 9.94000e-01 5.75000e-03 6.61000e-11 0.00000e+00 2.50000e-06 9.99000e-01 1.30000e-03 0.00000e+00 4.14000e-02 4.99000e-10
2.91017e+00 8.00000e+03 7.16240e-01 6.90000e-03 2.27000e-04 4.50000e-23 9.94000e-01 5.53000e-03 6.15000e-11 0.00000e+00 2.41000e-06 9.99000e-01 1.22000e-03 0.00000e+00 4.06000e-02 4.77000e-10
2.91042e+00 8.00000e+03 6.89200e-01 6.63000e-03 2.22000e-04 4.39000e-23 9.95000e-01 5.31000e-03 5.71000e-11 0.00000e+00 2.33000e-06 9.99000e-01 1.14000e-03 0.00000e+00 3.99000e-02 4.56000e-10
2.91067e+00 8.00000e+03 6.63160e-01 6.37000e-03 2.16000e-04 4.28000e-23 9.95000e-01 5.10000e-03 5.31000e-11 0.00000e+00 2.25000e-06 9.99000e-01 1.06000e-03 0.00000e+00 3.92000e-02 4.35000e-10
2.91093e+00 8.00000e+03 6.38260e-01 6.12000e-03 2.11000e-04 4.17000e-23 9.95000e-01 4.90000e-03 4.93000e-11 0.00000e+00 2.18000e-06 9.99000e-01 9.87000e-04 0.00000e+00 3.85000e-02 4.15000e-10
2.91119e+00 8.00000e+03 6.14340e-01 5.88000e-03 2.06000e-04 4.06000e-23 9.95000e-01 4.71000e-03 4.58000e-11 0.00000e+00 2.11000e-06 9.99000e-01 9.16000e-04 0.00000e+00 3.79000e-02 3.97000e-10
2.91145e+00 8.00000e+03 5.91360e-01 5.66000e-03 2.00000e-04 3.95000e-23 9.95000e-01 4.53000e-03 4.24000e-11 0.00000e+00 2.04000e-06 9.99000e-01 8.48000e-04 0.00000e+00 3.72000e-02 3.77000e-10
2.91173e+00 8.00000e+03 5.69230e-01 5.44000e-03 1.95000e-04 3.84000e-23 9.96000e-01 4.35000e-03 3.93000e-11 0.00000e+00 1.97000e-06 9.99000e-01 7.82000e-04 0.00000e+00 3.66000e-02 3.59000e-10
2.91201e+00 8.00000e+03 5.47990e-01 5.23000e-03 1.89000e-04 3.73000e-23 9.96000e-01 4.19000e-03 3.64000e-11 0.00000e+00 1.91000e-06 9.99000e-01 7.19000e-04 0.00000e+00 3.60000e-02 3.42000e-10
2.91230e+00 8.00000e+03 5.27670e-01 5.03000e-03 1.83000e-04 3.61000e-23 9.96000e-01 4.02000e-03 3.36000e-11 0.00000e+00 1.84000e-06 9.99000e-01 6.59000e-04 0.00000e+00 3.54000e-02 3.25000e-10
2.91260e+00 8.00000e+03 5.03730e-01 4.86000e-03 1.77000e-04 3.51000e-23 9.96000e-01 3.89000e-03 3.12000e-11 0.00000e+00 1.77000e-06 9.99000e-01 6.05000e-04 0.00000e+00 3.48000e-02 3.08000e-10
2.91289e+00 8.00000e+03 4.93870e-01 4.69000e-03 1.72000e-04 3.39000e-23 9.96000e-01 3.77000e-03 2.92000e-11 0.00000e+00 1.74000e-06 9.99000e-01 5.50000e-04 0.00000e+00 3.43000e-02 2.95000e-10
2.91319e+00 8.00000e+03 4.70050e-01 4.53000e-03 1.66000e-04 3.29000e-23 9.96000e-01 3.62000e-03 2.68000e-11 0.00000e+00 1.67000e-06 9.99000e-01 5.05000e-04 0.00000e+00 3.38000e-02 2.79000e-10
2.91349e+00 8.00000e+03 4.61540e-01 4.38000e-03 1.61000e-04 3.17000e-23 9.96000e-01 3.51000e-03 2.51000e-11 0.00000e+00 1.64000e-06 1.00000e+00 4.56000e-04 0.00000e+00 3.33000e-02 2.66000e-10
2.91379e+00 8.00000e+03 4.40180e-01 4.23000e-03 1.55000e-04 3.07000e-23 9.97000e-01 3.38000e-03 2.31000e-11 0.00000e+00 1.58000e-06 1.00000e+00 4.16000e-04 0.00000e+00 3.28000e-02 2.51000e-10
2.91411e+00 8.00000e+03 4.32330e-01 4.11000e-03 1.50000e-04 2.96000e-23 9.97000e-01 3.30000e-03 2.18000e-11 0.00000e+00 1.56000e-06 1.00000e+00 3.74000e-04 0.00000e+00 3.24000e-02 2.40000e-10
2.91443e+00 8.00000e+03 4.13520e-01 3.97000e-03 1.44000e-04 2.85000e-23 9.97000e-01 3.17000e-03 1.99000e-11 0.00000e+00 1.50000e-06 1.00000e+00 3.38000e-04 0.00000e+00 3.19000e-02 2.25000e-10
2.91478e+00 8.00000e+03 4.06650e-01 3.86000e-03 1.39000e-04 2.73000e-23 9.97000e-01 3.10000e-03 1.86000e-11 0.00000e+00 1.48000e-06 1.00000e+00 2.99000e-04 0.00000e+00 3.15000e-02 2.15000e-10
2.91516e+00 8.00000e+03 3.88870e-01 3.72000e-03 1.32000e-04 2.61000e-23 9.97000e-01 2.97000e-03 1.69000e-11 0.00000e+00 1.43000e-06 1.00000e+00 2.65000e-04 0.00000e+00 3.10000e-02 2.00000e-10
2.91555e+00 8.00000e+03 3.82530e-01 3.62000e-03 1.26000e-04 2.48000e-23 9.97000e-01 2.91000e-03 1.58000e-11 0.00000e+00 1.41000e-06 1.00000e+00 2.31000e-04 0.00000e+00 3.06000e-02 1.89000e-10
2.91598e+00 8.00000e+03 3.66110e-01 3.49000e-03 1.19000e-04 2.35000e-23 9.97000e-01 2.80000e-03 1.43000e-11 0.00000e+00 1.36000e-06 1.00000e+00 2.00000e-04 0.00000e+00 3.01000e-02 1.75000e-10
2.91643e+00 8.00000e+03 3.60490e-01 3.41000e-03 1.13000e-04 2.21000e-23 9.97000e-01 2.74000e-03 1.32000e-11 0.00000e+00 1.34000e-06 1.00000e+00 1.71000e-04 0.00000e+00 2.97000e-02 1.64000e-10
2.91692e+00 8.00000e+03 3.45790e-01 3.29000e-03 1.06000e-04 2.08000e-23 9.97000e-01 2.63000e-03 1.18000e-11 0.00000e+00 1.30000e-06 1.00000e+00 1.44000e-04 0.00000e+00 2.92000e-02 1.50000e-10
2.91747e+00 8.00000e+03 3.40630e-01 3.23000e-03 9.94000e-05 1.93000e-23 9.97000e-01 2.59000e-03 1.09000e-11 0.00000e+00 1.28000e-06 1.00000e+00 1.19000e-04 0.00000e+00 2.89000e-02 1.39000e-10
2.91807e+00 8.00000e+03 3.27440e-01 3.11000e-03 9.18000e-05 1.78000e-23 9.98000e-01 2.49000e-03 9.60000e-12 0.00000e+00 1.24000e-06 1.00000e+00 9.66000e-05 0.00000e+00 2.83000e-02 1.26000e-10
2.91875e+00 8.00000e+03 3.23260e-01 3.06000e-03 8.43000e-05 1.62000e-23 9.98000e-01 2.46000e-03 8.69000e-12 0.00000e+00 1.23000e-06 1.00000e+00 7.58000e-05 0.00000e+00 2.80000e-02 1.14000e-10
2.91952e+00 8.00000e+03 3.11210e-01 2.96000e-03 7.60000e-05 1.45000e-23 9.98000e-01 2.36000e-03 7.50000e-12 0.00000e+00 1.19000e-06 1.00000e+00 5.80000e-05 0.00000e+00 2.74000e-02 1.00000e-10
2.92042e+00 8.00000e+03 3.07740e-01 2.91000e-03 6.78000e-05 1.28000e-23 9.98000e-01 2.34000e-03 6.60000e-12 0.00000e+00 1.18000e-06 1.00000e+00 4.25000e-05 0.00000e+00 2.70000e-02 8.82000e-11
2.92147e+00 8.00000e+03 2.98270e-01 2.82000e-03 5.89000e-05 1.10000e-23 9.98000e-01 2.25000e-03 5.51000e-12 0.00000e+00 1.16000e-06 1.00000e+00 3.00000e-05 0.00000e+00 2.64000e-02 7.47000e-11
2.92280e+00 8.00000e+03 2.95000e-01 2.77000e-03 4.94000e-05 9.05000e-24 9.98000e-01 2.23000e-03 4.56000e-12 0.00000e+00 1.15000e-06 1.00000e+00 1.94000e-05 0.00000e+00 2.59000e-02 6.15000e-11
2.92451e+00 8.00000e+03 2.85080e-01 2.69000e-03 3.93000e-05 7.07000e-24 9.98000e-01 2.15000e-03 3.49000e-12 0.00000e+00 1.12000e-06 1.00000e+00 1.17000e-05 0.00000e+00 2.51000e-02 4.73000e-11
2.92659e+00 8.00000e+03 2.82120e-01 2.64000e-03 2.99000e-05 5.24000e-24 9.98000e-01 2.12000e-03 2.62000e-12 0.00000e+00 1.11000e-06 1.00000e+00 6.80000e-06 0.00000e+00 2.44000e-02 3.51000e-11
2.92915e+00 8.00000e+03 2.72390e-01 2.56000e-03 2.13000e-05 3.65000e-24 9.98000e-01 2.05000e-03 1.80000e-12 0.00000e+00 1.08000e-06 1.00000e+00 3.91000e-06 0.00000e+00 2.35000e-02 2.40000e-11
2.93221e+00 8.00000e+03 2.69410e-01 2.51000e-03 1.44000e-05 2.37000e-24 9.98000e-01 2.02000e-03 1.19000e-12 0.00000e+00 1.08000e-06 1.00000e+00 2.26000e-06 0.00000e+00 2.25000e-02 1.55000e-11
2.93594e+00 8.00000e+03 2.60030e-01 2.43000e-03 8.86000e-06 1.42000e-24 9.98000e-01 1.94000e-03 7.06000e-13 0.00000e+00 1.05000e-06 1.00000e+00 1.31000e-06 0.00000e+00 2.14000e-02 9.07000e-12
2.94038e+00 8.00000e+03 2.56530e-01 2.37000e-03 5.05000e-06 7.73000e-25 9.98000e-01 1.90000e-03 3.94000e-13 0.00000e+00 1.04000e-06 1.00000e+00 7.29000e-07 0.00000e+00 2.03000e-02 4.91000e-12
2.94574e+00 8.00000e+03 2.43040e-01 2.27000e-03 2.56000e-06 3.78000e-25 9.98000e-01 1.82000e-03 1.90000e-13 0.00000e+00 1.00000e-06 1.00000e+00 3.79000e-07 0.00000e+00 1.91000e-02 2.33000e-12
2.95096e+00 8.00000e+03 2.39670e-01 2.23000e-03 1.37000e-06 1.94000e-25 9.98000e-01 1.79000e-03 1.00000e-13 0.00000e+00 9.97000e-07 1.00000e+00 2.06000e-07 0.00000e+00 1.80000e-02 1.17000e-12
2.95599e+00 8.00000e+03 2.27530e-01 2.12000e-03 7.33000e-07 0.00000e+00 9.98000e-01 1.70000e-03 5.06000e-14 0.00000e+00 9.64000e-07 1.00000e+00 1.14000e-07 0.00000e+00 1.68000e-02 5.86000e-13
2.96096e+00 8.00000e+03 2.25560e-01 2.08000e-03 4.08000e-07 0.00000e+00 9.98000e-01 1.67000e-03 2.77000e-14 0.00000e+00 9.61000e-07 1.00000e+00 6.47000e-08 0.00000e+00 1.60000e-02 3.10000e-13
2.96587e+00 8.00000e+03 2.22670e-01 2.03000e-03 2.24000e-07 0.00000e+00 9.98000e-01 1.63000e-03 1.49000e-14 0.00000e+00 9.55000e-07 1.00000e+00 3.63000e-08 0.00000e+00 1.53000e-02 1.63000e-13
2.97225e+00 8.00000e+03 2.14410e-01 1.97000e-03 1.05000e-07 0.00000e+00 9.98000e-01 1.58000e-03 6.70000e-15 0.00000e+00 9.34000e-07 1.00000e+00 1.75000e-08 0.00000e+00 1.46000e-02 7.27000e-14
2.97959e+00 8.00000e+03 2.12270e-01 1.94000e-03 4.45000e-08 0.00000e+00 9.98000e-01 1.55000e-03 2.82000e-15 0.00000e+00 9.31000e-07 1.00000e+00 7.62000e-09 0.00000e+00 1.40000e-02 2.96000e-14
2.98819e+00 8.00000e+03 2.02440e-01 1.86000e-03 1.66000e-08 0.00000e+00 9.99000e-01 1.49000e-03 1.00000e-15 0.00000e+00 9.06000e-07 1.00000e+00 2.96000e-09 0.00000e+00 1.32000e-02 1.04000e-14
2.99707e+00 8.00000e+03 1.99820e-01 1.84000e-03 6.14000e-09 0.00000e+00 9.99000e-01 1.47000e-03 3.68000e-16 0.00000e+00 9.03000e-07 1.00000e+00 1.13000e-09 0.00000e+00 1.26000e-02 3.66000e-15
3.00629e+00 8.00000e+03 1.93520e-01 1.76000e-03 2.21000e-09 0.00000e+00 9.99000e-01 1.41000e-03 1.26000e-16 0.00000e+00 8.89000e-07 1.00000e+00 4.23000e-10 0.00000e+00 1.19000e-02 1.24000e-15
3.01790e+00 8.00000e+03 1.90320e-01 1.74000e-03 6.31000e-10 0.00000e+00 9.99000e-01 1.39000e-03 3.56000e-17 0.00000e+00 8.85000e-07 1.00000e+00 1.27000e-10 0.00000e+00 1.14000e-02 3.40000e-16
3.03263e+00 8.00000e+03 1.83600e-01 1.66000e-03 1.36000e-10 0.00000e+00 9.99000e-01 1.33000e-03 7.26000e-18 0.00000e+00 8.73000e-07 1.00000e+00 3.21000e-11 0.00000e+00 1.07000e-02 6.86000e-17
3.05004e+00 8.00000e+03 1.80870e-01 1.62000e-03 2.30000e-11 0.00000e+00 9.99000e-01 1.30000e-03 1.18000e-18 0.00000e+00 8.74000e-07 1.00000e+00 9.58000e-12 0.00000e+00 1.01000e-02 1.09000e-17
3.07097e+00 8.00000e+03 1.70670e-01 1.54000e-03 3.55000e-12 0.00000e+00 9.99000e-01 1.24000e-03 1.40000e-19 0.00000e+00 8.52000e-07 1.00000e+00 5.47000e-12 0.00000e+00 9.43000e-03 1.45000e-18
3.09070e+00 8.00000e+03 1.68960e-01 1.51000e-03 1.09000e-12 0.00000e+00 9.99000e-01 1.21000e-03 1.72000e-20 0.00000e+00 8.58000e-07 1.00000e+00 4.94000e-12 0.00000e+00 8.82000e-03 3.34000e-19
3.10890e+00 8.00000e+03 1.61600e-01 1.44000e-03 7.60000e-13 0.00000e+00 9.99000e-01 1.15000e-03 2.77000e-21 0.00000e+00 8.43000e-07 1.00000e+00 4.78000e-12 0.00000e+00 8.29000e-03 1.91000e-19
3.12821e+00 8.00000e+03 1.59420e-01 1.42000e-03 6.90000e-13 0.00000e+00 9.99000e-01 1.14000e-03 3.91000e-22 0.00000e+00 8.46000e-07 1.00000e+00 4.75000e-12 0.00000e+00 7.90000e-03 1.59000e-19
3.14897e+00 8.00000e+03 1.57630e-01 1.39000e-03 6.62000e-13 0.00000e+00 9.99000e-01 1.11000e-03 5.22000e-23 0.00000e+00 8.51000e-07 1.00000e+00 4.72000e-12 0.00000e+00 7.53000e-03 1.45000e-19
3.17595e+00 8.00000e+03 1.50510e-01 1.33000e-03 6.23000e-13 0.00000e+00 9.99000e-01 1.06000e-03 3.96000e-24 0.00000e+00 8.41000e-07 1.00000e+00 4.63000e-12 0.00000e+00 7.15000e-03 1.29000e-19
3.20410e+00 8.00000e+03 1.48720e-01 1.31000e-03 6.03000e-13 0.00000e+00 9.99000e-01 1.05000e-03 2.38000e-25 0.00000e+00 8.49000e-07 1.00000e+00 4.61000e-12 0.00000e+00 6.74000e-03 1.18000e-19
3.23376e+00 8.00000e+03 1.41580e-01 1.24000e-03 5.68000e-13 0.00000e+00 9.99000e-01 9.96000e-04 0.00000e+00 0.00000e+00 8.39000e-07 1.00000e+00 4.51000e-12 0.00000e+00 6.33000e-03 1.04000e-19
3.26382e+00 8.00000e+03 1.39090e-01 1.23000e-03 5.47000e-13 0.00000e+00 9.99000e-01 9.84000e-04 0.00000e+00 0.00000e+00 8.46000e-07 1.00000e+00 4.48000e-12 0.00000e+00 5.99000e-03 9.49000e-20
3.29438e+00 8.00000e+03 1.34060e-01 1.16000e-03 5.21000e-13 0.00000e+00 9.99000e-01 9.31000e-04 0.00000e+00 0.00000e+00 8.43000e-07 1.00000e+00 4.40000e-12 0.00000e+00 5.62000e-03 8.46000e-20
3.33010e+00 8.00000e+03 1.31530e-01 1.15000e-03 5.00000e-13 0.00000e+00 9.99000e-01 9.21000e-04 0.00000e+00 0.00000e+00 8.51000e-07 1.00000e+00 4.37000e-12 0.00000e+00 5.33000e-03 7.72000e-20
3.37248e+00 8.00000e+03 1.27120e-01 1.09000e-03 4.73000e-13 0.00000e+00 9.99000e-01 8.73000e-04 0.00000e+00 0.00000e+00 8.56000e-07 1.00000e+00 4.30000e-12 0.00000e+00 4.98000e-03 6.81000e-20
3.42417e+00 8.00000e+03 1.24870e-01 1.07000e-03 4.50000e-13 0.00000e+00 9.99000e-01 8.60000e-04 0.00000e+00 0.00000e+00 8.73000e-07 1.00000e+00 4.27000e-12 0.00000e+00 4.66000e-03 6.08000e-20
3.48789e+00 8.00000e+03 1.15470e-01 9.87000e-04 4.09000e-13 0.00000e+00 9.99000e-01 7.90000e-04 0.00000e+00 0.00000e+00 8.66000e-07 1.00000e+00 4.11000e-12 0.00000e+00 4.25000e-03 5.01000e-20
3.54159e+00 8.00000e+03 1.14030e-01 9.62000e-04 3.91000e-13 0.00000e+00 9.99000e-01 7.71000e-04 0.00000e+00 0.00000e+00 8.88000e-07 1.00000e+00 4.10000e-12 0.00000e+00 3.88000e-03 4.39000e-20
3.58232e+00 8.00000e+03 1.08290e-01 9.04000e-04 3.69000e-13 0.00000e+00 9.99000e-01 7.24000e-04 0.00000e+00 0.00000e+00 8.83000e-07 1.00000e+00 4.00000e-12 0.00000e+00 3.58000e-03 3.82000e-20
3.62271e+00 8.00000e+03 1.06360e-01 8.88000e-04 3.55000e-13 0.00000e+00 9.99000e-01 7.12000e-04 0.00000e+00 0.00000e+00 8.95000e-07 1.00000e+00 3.96000e-12 0.00000e+00 3.40000e-03 3.49000e-20
3.66266e+00 8.00000e+03 1.04890e-01 8.75000e-04 3.44000e-13 0.00000e+00 9.99000e-01 7.02000e-04 0.00000e+00 0.00000e+00 9.08000e-07 1.00000e+00 3.94000e-12 0.00000e+00 3.23000e-03 3.22000e-20
3.71461e+00 8.00000e+03 1.00630e-01 8.26000e-04 3.24000e-13 0.00000e+00 9.99000e-01 6.61000e-04 0.00000e+00 0.00000e+00 9.14000e-07 1.00000e+00 3.86000e-12 0.00000e+00 3.04000e-03 2.85000e-20
3.77168e+00 8.00000e+03 9.91520e-02 8.14000e-04 3.11000e-13 0.00000e+00 9.99000e-01 6.53000e-04 0.00000e+00 0.00000e+00 9.35000e-07 1.00000e+00 3.83000e-12 0.00000e+00 2.85000e-03 2.57000e-20
