# full-ladder reference along isochoric_n001.txt, n_H = 0.01; t T then per element C Si O S N fractions of stages 0..Z
0.000000e+00 1.000000e+07 2.331014e-26 6.278503e-20 1.131774e-14 5.421121e-10 3.582500e-06 1.620131e-03 9.983763e-01 1.122728e-41 1.819398e-35 3.597776e-30 9.312635e-26 2.991189e-21 1.748288e-17 3.966087e-14 2.659793e-11 9.094085e-09 1.503495e-06 1.906222e-04 1.196711e-02 5.352526e-01 3.636452e-01 8.894300e-02 1.150091e-31 3.111792e-25 9.015146e-20 3.962335e-15 5.883571e-11 2.548626e-07 2.254216e-04 1.485015e-02 9.849242e-01 2.905837e-44 1.533922e-37 2.695504e-32 7.914631e-28 1.101734e-23 6.106829e-20 2.776243e-16 2.140632e-13 7.257300e-11 1.054248e-08 8.398862e-07 3.933850e-05 1.615619e-03 3.839890e-02 8.311876e-01 1.235043e-01 5.253344e-03 5.151781e-29 1.202135e-22 2.359677e-17 1.015870e-12 1.504532e-08 3.151832e-05 5.152768e-03 9.948157e-01
2.645685e+01 9.410192e+06 6.032192e-26 1.515774e-19 2.650113e-14 1.144894e-09 5.921193e-06 1.919830e-03 9.980742e-01 6.065833e-41 7.753085e-35 1.584976e-29 8.655567e-25 2.996941e-20 1.129074e-16 1.698246e-13 7.292336e-11 1.777778e-08 2.500863e-06 2.841208e-04 1.608107e-02 6.732191e-01 2.624987e-01 4.791451e-02 2.453650e-31 7.055841e-25 1.636817e-19 6.542250e-15 8.937043e-11 3.651039e-07 3.643793e-04 1.797133e-02 9.816639e-01 5.204063e-43 2.010142e-36 2.976865e-31 1.070164e-26 1.440731e-22 9.900026e-19 2.472131e-15 1.448382e-12 3.483332e-10 3.417140e-08 2.006171e-06 7.539208e-05 2.890978e-03 4.379813e-02 8.862776e-01 6.514464e-02 1.811244e-03 9.435989e-29 2.414767e-22 3.913957e-17 1.473112e-12 2.028269e-08 4.799352e-05 6.151257e-03 9.938007e-01
5.103597e+01 8.855869e+06 1.001256e-25 2.326854e-19 3.768557e-14 1.511199e-09 7.295740e-06 2.127764e-03 9.978649e-01 1.961923e-40 2.327758e-34 4.412077e-29 2.233799e-24 7.134567e-20 2.417919e-16 3.277778e-13 1.266707e-10 2.767261e-08 3.477736e-06 3.527463e-04 1.815237e-02 7.264510e-01 2.239787e-01 3.106160e-02 4.936418e-31 1.315316e-24 2.812719e-19 1.036276e-14 1.304542e-10 4.957917e-07 4.711470e-04 2.051458e-02 9.790138e-01 2.086329e-42 7.444387e-36 1.023074e-30 3.401970e-26 4.226594e-22 2.679967e-18 6.108058e-15 3.230141e-12 6.937287e-10 6.064174e-08 3.159887e-06 1.049912e-04 3.540882e-03 4.729701e-02 8.993677e-01 4.871999e-02 9.662085e-04 1.745242e-28 4.141924e-22 6.204177e-17 2.159842e-12 2.759697e-08 6.049892e-05 6.917496e-03 9.930220e-01
7.402079e+01 8.334915e+06 1.666703e-25 3.581744e-19 5.373169e-14 1.999928e-09 9.019854e-06 2.364124e-03 9.976269e-01 6.330251e-40 6.972400e-34 1.225335e-28 5.750743e-24 1.693770e-19 5.159704e-16 6.297879e-13 2.188096e-10 4.278294e-08 4.796387e-06 4.333659e-04 2.022153e-02 7.733920e-01 1.865419e-01 1.940645e-02 9.994858e-31 2.466471e-24 4.860241e-19 1.649754e-14 1.912946e-10 6.762986e-07 6.125325e-04 2.350574e-02 9.758810e-01 8.481949e-42 2.795315e-35 3.564980e-30 1.096247e-25 1.256729e-21 7.350300e-18 1.528775e-14 7.289616e-12 1.396498e-09 1.086017e-07 5.015183e-06 1.470656e-04 4.348827e-03 5.101538e-02 9.083016e-01 3.568538e-02 4.966281e-04 3.243158e-28 7.134192e-22 9.872709e-17 3.178147e-12 3.768137e-08 7.661626e-05 7.804263e-03 9.921191e-01
9.563491e+01 7.845266e+06 2.782859e-25 5.529437e-19 7.682327e-14 2.653975e-09 1.119103e-05 2.633670e-03 9.973551e-01 2.043057e-39 2.089196e-33 3.404278e-28 1.480796e-23 4.020671e-19 1.100101e-15 1.207814e-12 3.768543e-10 6.586605e-08 6.577247e-06 5.281100e-04 2.227906e-02 8.137397e-01 1.517613e-01 1.168517e-02 2.037175e-30 4.653692e-24 8.446854e-19 2.640258e-14 2.818362e-10 9.267872e-07 8.008508e-04 2.703741e-02 9.721608e-01 3.504224e-41 1.066439e-34 1.262144e-29 3.588179e-25 3.795053e-21 2.046595e-17 3.884004e-14 1.668003e-11 2.847081e-09 1.966476e-07 8.035685e-06 2.075767e-04 5.364761e-03 5.504101e-02 9.135473e-01 2.558550e-02 2.455858e-04 6.056435e-28 1.234200e-21 1.577412e-16 4.694093e-12 5.163749e-08 9.749596e-05 8.834473e-03 9.910680e-01
1.160465e+02 7.385140e+06 4.660668e-25 8.561250e-19 1.101472e-13 3.531674e-09 1.393545e-05 2.941991e-03 9.970441e-01 6.610972e-39 6.276844e-33 9.483622e-28 3.822804e-23 9.566131e-19 2.349190e-15 2.317709e-12 6.487183e-10 1.012241e-07 8.989631e-06 6.398642e-04 2.432813e-02 8.475577e-01 1.206843e-01 6.780937e-03 4.180050e-30 8.835070e-24 1.476571e-18 4.247893e-14 4.172040e-10 1.275901e-06 1.053075e-03 3.122179e-02 9.677239e-01 1.473429e-40 4.140063e-34 4.547064e-29 1.194807e-24 1.165716e-20 5.794049e-17 1.003266e-13 3.876102e-11 5.888037e-09 3.605994e-07 1.301879e-05 2.956858e-04 6.657135e-03 5.947861e-02 9.154930e-01 1.794551e-02 1.166644e-04 1.136596e-27 2.144521e-21 2.530570e-16 6.959216e-12 7.101909e-08 1.246797e-04 1.003566e-02 9.898396e-01
1.353882e+02 6.952349e+06 7.834293e-25 1.330143e-18 1.584419e-13 4.714392e-09 1.742244e-05 3.296204e-03 9.966864e-01 2.152584e-38 1.897688e-32 2.658438e-27 9.928244e-23 2.288907e-18 5.040836e-15 4.464224e-12 1.119515e-09 1.557384e-07 1.228001e-05 7.727436e-04 2.638750e-02 8.752108e-01 9.382735e-02 3.789152e-03 8.641965e-30 1.689083e-23 2.597961e-18 6.874718e-14 6.208121e-10 1.765207e-06 1.393223e-03 3.620229e-02 9.624027e-01 6.324801e-40 1.640387e-33 1.671838e-28 4.058935e-24 3.652247e-20 1.672268e-16 2.641740e-13 9.170085e-11 1.238140e-08 6.711114e-07 2.137013e-05 4.258535e-04 8.322819e-03 6.445779e-02 9.144197e-01 1.229868e-02 5.310354e-05 2.145186e-27 3.745162e-21 4.078574e-16 1.036119e-11 9.806626e-08 1.602978e-04 1.144315e-02 9.883965e-01
1.537587e+02 6.545383e+06 1.321754e-24 2.073837e-18 2.286628e-13 6.313121e-09 2.187150e-05 3.704494e-03 9.962736e-01 7.068256e-38 5.786104e-32 7.515310e-27 2.599773e-22 5.520243e-18 1.089399e-14 8.651113e-12 1.941339e-09 2.404390e-07 1.680408e-05 9.322418e-04 2.848670e-02 8.971941e-01 7.133220e-02 2.037698e-03 1.800181e-29 3.251753e-23 4.600750e-18 1.119153e-13 9.285846e-10 2.454056e-06 1.854608e-03 4.214964e-02 9.559933e-01 2.775015e-39 6.641717e-33 6.281037e-28 1.408484e-23 1.168580e-19 4.926515e-16 7.100248e-13 2.211545e-10 2.650730e-08 1.269281e-06 3.558634e-05 6.208653e-04 1.049526e-02 7.012354e-02 9.104729e-01 8.227460e-03 2.311367e-05 4.071919e-27 6.573780e-21 6.604289e-16 1.549202e-11 1.359556e-07 2.072229e-04 1.309880e-02 9.866938e-01
1.712195e+02 6.162196e+06 2.240163e-24 3.247088e-18 3.313029e-13 8.485104e-09 2.758292e-05 4.177549e-03 9.957949e-01 2.350088e-37 1.786263e-31 2.150844e-26 6.889599e-22 1.346813e-17 2.379526e-14 1.692339e-11 3.393424e-09 3.735900e-07 2.309815e-05 1.126229e-03 3.067182e-02 9.141181e-01 5.300756e-02 1.052807e-03 3.782598e-29 6.310350e-23 8.207838e-18 1.834023e-13 1.396975e-09 3.429753e-06 2.485152e-03 4.928433e-02 9.482271e-01 1.248712e-38 2.756987e-32 2.418923e-27 5.007747e-23 3.829641e-19 1.485572e-15 1.953208e-12 5.450764e-10 5.791212e-08 2.444721e-06 6.022965e-05 9.177716e-04 1.336617e-02 7.665081e-02 9.036302e-01 5.362770e-03 9.586270e-06 7.781646e-27 1.160845e-20 1.075293e-15 2.327827e-11 1.893377e-07 2.695045e-04 1.505750e-02 9.846728e-01
1.878133e+02 5.801567e+06 3.813919e-24 5.105646e-18 4.819027e-13 1.144634e-08 3.494915e-05 4.727625e-03 9.952374e-01 7.927031e-37 5.594370e-31 6.244153e-26 1.851467e-21 3.330926e-17 5.264106e-14 3.349016e-11 5.991906e-09 5.854564e-07 3.196008e-05 1.365269e-03 3.299943e-02 9.265874e-01 3.849330e-02 5.220100e-04 8.015984e-29 1.234204e-22 1.474919e-17 3.025106e-13 2.113460e-09 4.817667e-06 3.351857e-03 5.786479e-02 9.387785e-01 5.765984e-38 1.173965e-31 9.554831e-27 1.825351e-22 1.286259e-18 4.588155e-15 5.503373e-12 1.373938e-09 1.292099e-07 4.798628e-06 1.036779e-04 1.376409e-03 1.720092e-02 8.422248e-02 8.936869e-01 3.400865e-03 3.778429e-06 1.497138e-26 2.062222e-20 1.760368e-15 3.515050e-11 2.648643e-07 3.526637e-04 1.738425e-02 9.822628e-01
2.035506e+02 5.461872e+06 6.527195e-24 8.066915e-18 7.040776e-13 1.550425e-08 4.450945e-05 5.370565e-03 9.945849e-01 2.722128e-36 1.783571e-30 1.844993e-25 5.061940e-21 8.377630e-17 1.183135e-13 6.724398e-11 1.071782e-08 9.278088e-07 4.462515e-05 1.664425e-03 3.554422e-02 9.352016e-01 2.729629e-02 2.478849e-04 1.714499e-28 2.434443e-22 2.671062e-17 5.024449e-13 3.216397e-09 6.802434e-06 4.551366e-03 6.821625e-02 9.272256e-01 2.738190e-37 5.138871e-31 3.879063e-26 6.834627e-22 4.435871e-18 1.453898e-14 1.590985e-11 3.547355e-09 2.948194e-07 9.610588e-06 1.816978e-04 2.095881e-03 2.237846e-02 9.303953e-02 8.801996e-01 2.093509e-03 1.409659e-06 2.902240e-26 3.688267e-20 2.899601e-15 5.336839e-11 3.723331e-07 4.645434e-04 2.016355e-02 9.793715e-01
2.184443e+02 5.141950e+06 1.123098e-23 1.280956e-17 1.033409e-12 2.108923e-08 5.698683e-05 6.125328e-03 9.938177e-01 9.537427e-36 5.801219e-30 5.560693e-25 1.411071e-20 2.147531e-16 2.707616e-13 1.372960e-10 1.946279e-08 1.490083e-06 6.300633e-05 2.044570e-03 3.839587e-02 9.404946e-01 1.888795e-02 1.125244e-04 3.700694e-28 4.842139e-22 4.874348e-17 8.401959e-13 4.922934e-09 9.651777e-06 6.220688e-03 8.071974e-02 9.130499e-01 1.337598e-36 2.312934e-30 1.618913e-25 2.629246e-21 1.571038e-17 4.727647e-14 4.720155e-11 9.383003e-09 6.880257e-07 1.964045e-05 3.241802e-04 3.239845e-03 2.942434e-02 1.032844e-01 8.624584e-01 1.247995e-03 4.958628e-07 5.669767e-26 6.642182e-20 4.806179e-15 8.148250e-11 5.260055e-07 6.161007e-04 2.349888e-02 9.758845e-01
2.324811e+02 4.840467e+06 1.944056e-23 2.045335e-17 1.524450e-12 2.881742e-08 7.338049e-05 7.016123e-03 9.929105e-01 3.419918e-35 1.930865e-29 1.714606e-24 4.022229e-20 5.626776e-16 6.326820e-13 2.858169e-10 3.597135e-08 2.430981e-06 9.015151e-05 2.535581e-03 4.166599e-02 9.429170e-01 1.274010e-02 4.870948e-05 8.063639e-28 9.714129e-22 8.964650e-17 1.414640e-12 7.577591e-09 1.375817e-05 8.556865e-03 9.583122e-02 8.955982e-01 6.726809e-36 1.071176e-29 6.950324e-25 1.039807e-20 5.717065e-17 1.578156e-13 1.437740e-10 2.543277e-08 1.642453e-06 4.095371e-05 5.886803e-04 5.081534e-03 3.906850e-02 1.150951e-01 8.394053e-01 7.181171e-04 1.636226e-07 1.117024e-25 1.205242e-19 8.020967e-15 1.251606e-10 7.470288e-07 8.230313e-04 2.752324e-02 9.716530e-01
2.456608e+02 4.556463e+06 3.385670e-23 3.284321e-17 2.260419e-12 3.956110e-08 9.504981e-05 8.072328e-03 9.918326e-01 1.257228e-34 6.587924e-29 5.418340e-24 1.174454e-19 1.509618e-15 1.512253e-12 6.077680e-10 6.778622e-08 4.035854e-06 1.309420e-04 3.179612e-03 4.548663e-02 9.428102e-01 8.368406e-03 2.006189e-05 1.772606e-27 1.964408e-21 1.660605e-16 2.396705e-12 1.172197e-08 1.968709e-05 1.183825e-02 1.140536e-01 8.740885e-01 3.477246e-35 5.096645e-29 3.064786e-24 4.220910e-20 2.134339e-16 5.399641e-13 4.489475e-10 7.053389e-08 4.004456e-06 8.698986e-05 1.086135e-03 8.071910e-03 5.227783e-02 1.284723e-01 8.096033e-01 3.973953e-04 5.037858e-08 2.219474e-25 2.203637e-19 1.347857e-14 1.934238e-10 1.066499e-06 1.107586e-03 3.240054e-02 9.664908e-01
2.579609e+02 4.288711e+06 5.936872e-23 5.307256e-17 3.370922e-12 5.458801e-08 1.239090e-04 9.332181e-03 9.905439e-01 4.752850e-34 2.311038e-28 1.759942e-23 3.522723e-19 4.158744e-15 3.707260e-12 1.323412e-09 1.305474e-07 6.832765e-06 1.934296e-04 4.038167e-03 5.002150e-02 9.403869e-01 5.345237e-03 7.837840e-06 3.931026e-27 4.003675e-21 3.097479e-16 4.084425e-12 1.821417e-08 2.825835e-05 1.646186e-02 1.359401e-01 8.475698e-01 1.845956e-34 2.488926e-28 1.386600e-23 1.756668e-19 8.164137e-16 1.890984e-12 1.435148e-09 1.998325e-07 9.953684e-06 1.878458e-04 2.031459e-03 1.295203e-02 7.028844e-02 1.431730e-01 7.711467e-01 2.103713e-04 1.436594e-08 4.451261e-25 4.062787e-19 2.282037e-14 3.008909e-10 1.531103e-06 1.502182e-03 3.834347e-02 9.601528e-01
2.693544e+02 4.036283e+06 1.048581e-22 8.633356e-17 5.057274e-12 7.572457e-08 1.626199e-04 1.084319e-02 9.889941e-01 1.851101e-33 8.350568e-28 5.886276e-23 1.087322e-18 1.178466e-14 9.337478e-12 2.955918e-09 2.573527e-07 1.181433e-05 2.909940e-04 5.199990e-03 5.546435e-02 9.357143e-01 3.315423e-03 2.896225e-06 8.785329e-27 8.215193e-21 5.811328e-16 6.993462e-12 2.839325e-08 4.062885e-05 2.297855e-02 1.620056e-01 8.149752e-01 1.002592e-33 1.242766e-27 6.412012e-23 7.466591e-19 3.187234e-15 6.751364e-12 4.678268e-09 5.760415e-07 2.512020e-05 4.106162e-04 3.834600e-03 2.089520e-02 9.448723e-02 1.584817e-01 7.217591e-01 1.058348e-04 3.761972e-09 9.013020e-25 7.554806e-19 3.893524e-14 4.712141e-10 2.210406e-06 2.053618e-03 4.561627e-02 9.523279e-01
2.798162e+02 3.798210e+06 1.866544e-22 1.414514e-16 7.636463e-12 1.056431e-07 2.149584e-04 1.266646e-02 9.871185e-01 7.443057e-33 3.114339e-27 2.031235e-22 3.460276e-18 3.441616e-14 2.420732e-11 6.783802e-09 5.201152e-07 2.089172e-05 4.463407e-04 6.795380e-03 6.204861e-02 9.286938e-01 1.993460e-03 1.008772e-06 1.976145e-26 1.694846e-20 1.095107e-15 1.201301e-11 4.433152e-08 5.840338e-05 3.214124e-02 1.926342e-01 7.751661e-01 5.541297e-33 6.310394e-27 3.014014e-22 3.223194e-18 1.262764e-14 2.443312e-11 1.546242e-08 1.679601e-06 6.397804e-05 9.029112e-04 7.257399e-03 3.366083e-02 1.260790e-01 1.729450e-01 6.590391e-01 5.014688e-05 8.946440e-10 1.843351e-24 1.417448e-18 6.696375e-14 7.430702e-10 3.209118e-06 2.830417e-03 5.455351e-02 9.426129e-01
2.893172e+02 3.573621e+06 3.350455e-22 2.335424e-16 1.161070e-11 1.482678e-07 2.863035e-04 1.488011e-02 9.848334e-01 3.094664e-32 1.200707e-26 7.242974e-22 1.137020e-17 1.037360e-13 6.468484e-11 1.601725e-08 1.078862e-06 3.781828e-05 6.985266e-04 9.015948e-03 7.004865e-02 9.190379e-01 1.159750e-03 3.300383e-07 4.464840e-26 3.508240e-20 2.068313e-15 2.065578e-11 6.916364e-08 8.371982e-05 4.493862e-02 2.278818e-01 7.270957e-01 3.090199e-32 3.230682e-26 1.427788e-21 1.400916e-17 5.033070e-14 8.883919e-11 5.136288e-08 4.909401e-06 1.629436e-04 1.978605e-03 1.363978e-02 5.360976e-02 1.652693e-01 1.840950e-01 5.812175e-01 2.211861e-05 1.905827e-10 3.808877e-24 2.683823e-18 1.161079e-13 1.179916e-09 4.684705e-06 3.932930e-03 6.556999e-02 9.304924e-01
2.978422e+02 3.361681e+06 6.068319e-22 3.887722e-16 1.778360e-11 2.094140e-07 3.844041e-04 1.758499e-02 9.820304e-01 1.332336e-31 4.791889e-26 2.672172e-21 3.862325e-17 3.230986e-13 1.783486e-10 3.894499e-08 2.298617e-06 7.011991e-05 1.115754e-03 1.214489e-02 7.978050e-02 9.062349e-01 6.513862e-04 1.010208e-07 1.010559e-25 7.266209e-20 3.904203e-15 3.544882e-11 1.074948e-07 1.192793e-04 6.260344e-02 2.672221e-01 6.700551e-01 1.718680e-31 1.648238e-25 6.736612e-21 6.058357e-17 1.994177e-13 3.206534e-10 1.694281e-07 1.421097e-05 4.098778e-04 4.266506e-03 2.512795e-02 8.328949e-02 2.098963e-01 1.884644e-01 4.885222e-01 8.946154e-06 3.574932e-11 7.952197e-24 5.128447e-18 2.029528e-13 1.886344e-09 6.874168e-06 5.508605e-03 7.917365e-02 9.153109e-01
3.053838e+02 3.161645e+06 1.109577e-21 6.528239e-16 2.745015e-11 2.977378e-07 5.204869e-04 2.091102e-02 9.785682e-01 5.943438e-31 1.980822e-25 1.020591e-20 1.356975e-16 1.040403e-12 5.076135e-10 9.754269e-08 5.031039e-06 1.331563e-04 1.818357e-03 1.659897e-02 9.158683e-02 8.895052e-01 3.523619e-04 2.881661e-08 2.283176e-25 1.500429e-19 7.338467e-15 6.049215e-11 1.657859e-07 1.682041e-04 8.654159e-02 3.092205e-01 6.040695e-01 9.392081e-31 8.255345e-25 3.118591e-20 2.567816e-16 7.736222e-13 1.131460e-09 5.466106e-07 4.011480e-05 1.002547e-03 8.910201e-03 4.464706e-02 1.241499e-01 2.538904e-01 1.823423e-01 3.850136e-01 3.259930e-06 5.791474e-12 1.677012e-23 9.886414e-18 3.574735e-13 3.034589e-09 1.013163e-05 7.772817e-03 9.596176e-02 8.962553e-01
3.119553e+02 2.972659e+06 2.050259e-21 1.106745e-15 4.273143e-11 4.263412e-07 7.111492e-04 2.503004e-02 9.742584e-01 2.750777e-30 8.491377e-25 4.039736e-20 4.935680e-16 3.466672e-12 1.492405e-09 2.517695e-07 1.131342e-05 2.589211e-04 3.021607e-03 2.299256e-02 1.058142e-01 8.677181e-01 1.829682e-04 7.621362e-09 5.131398e-25 3.077862e-19 1.368378e-14 1.022428e-10 2.526716e-07 2.337113e-04 1.181839e-01 3.513309e-01 5.302512e-01 4.969302e-30 3.999375e-24 1.395449e-19 1.050683e-15 2.893950e-12 3.843174e-09 1.698233e-06 1.086936e-04 2.346210e-03 1.772509e-02 7.521084e-02 1.744247e-01 2.871348e-01 1.635673e-01 2.794796e-01 1.049347e-06 7.928408e-13 3.571683e-23 1.922137e-17 6.341803e-13 4.909218e-09 1.498525e-05 1.104051e-02 1.166176e-01 8.723269e-01
3.175907e+02 2.794278e+06 3.827596e-21 1.893934e-15 6.707273e-11 6.147081e-07 9.804412e-04 3.015611e-02 9.688628e-01 1.317612e-29 3.765682e-24 1.653177e-19 1.854082e-15 1.192532e-11 4.522119e-09 6.681598e-07 2.607670e-05 5.142765e-04 5.106462e-03 3.218989e-02 1.226915e-01 8.393802e-01 9.094746e-05 1.862802e-09 1.141425e-24 6.240536e-19 2.518593e-14 1.703072e-10 3.786376e-07 3.182832e-04 1.586119e-01 3.898196e-01 4.512499e-01 2.505562e-29 1.844654e-23 5.940781e-19 4.085264e-15 1.027524e-11 1.236854e-08 5.002005e-06 2.782847e-04 5.170854e-03 3.305374e-02 1.181858e-01 2.271819e-01 2.984942e-01 1.336832e-01 1.839467e-01 2.936580e-07 9.023540e-14 7.665302e-23 3.760736e-17 1.130727e-12 7.969060e-09 2.219064e-05 1.575301e-02 1.417908e-01 8.424340e-01
3.223556e+02 2.625513e+06 7.231724e-21 3.276154e-15 1.062755e-10 8.931167e-07 1.365090e-03 3.658384e-02 9.620502e-01 6.540251e-29 1.729449e-23 7.000232e-19 7.197072e-15 4.236763e-11 1.412152e-08 1.822233e-06 6.154254e-05 1.041664e-03 8.755886e-03 4.540613e-02 1.422383e-01 8.024516e-01 4.304055e-05 4.177692e-10 2.507485e-24 1.247609e-18 4.563265e-14 2.787246e-10 5.559662e-07 4.231571e-04 2.083502e-01 4.203867e-01 3.708394e-01 1.197295e-28 8.053772e-23 2.391870e-18 1.499931e-14 3.440028e-11 3.745380e-08 1.386870e-05 6.680911e-04 1.064374e-02 5.726091e-02 1.715392e-01 2.713494e-01 2.818137e-01 9.822958e-02 1.084814e-01 7.044580e-08 8.400832e-15 1.656601e-22 7.397749e-17 2.023695e-12 1.295999e-08 3.283413e-05 2.253566e-02 1.720708e-01 8.053607e-01
3.263336e+02 2.466226e+06 1.380767e-20 5.721003e-15 1.697804e-10 1.306083e-06 1.917782e-03 4.465845e-02 9.534225e-01 3.337206e-28 8.160937e-23 3.043414e-18 2.864889e-14 1.543085e-10 4.511985e-08 5.071037e-06 1.476827e-04 2.136784e-03 1.512847e-02 6.409706e-02 1.638239e-01 7.546417e-01 1.932017e-05 8.575563e-11 5.416467e-24 2.449052e-18 8.105993e-14 4.464489e-10 7.968594e-07 5.470837e-04 2.668135e-01 4.389328e-01 2.937059e-01 5.389298e-28 3.308735e-22 9.054626e-18 5.170796e-14 1.079901e-10 1.061317e-07 3.601021e-05 1.496350e-03 2.035997e-02 9.168803e-02 2.288026e-01 2.956586e-01 2.403238e-01 6.451494e-02 5.711960e-02 1.445446e-08 6.394767e-16 3.587087e-22 1.455935e-16 3.618358e-12 2.101783e-08 4.831778e-05 3.218053e-02 2.075653e-01 7.602058e-01
3.296185e+02 2.315815e+06 2.663680e-20 1.008238e-14 2.733562e-10 1.921244e-06 2.717301e-03 5.482314e-02 9.424576e-01 1.738739e-27 3.929979e-22 1.349194e-17 1.161282e-13 5.721241e-10 1.464442e-07 1.429297e-05 3.575571e-04 4.403221e-03 2.611546e-02 8.974848e-02 1.858108e-01 6.935418e-01 8.181976e-06 1.606284e-11 1.149262e-23 4.714950e-18 1.409920e-13 6.988881e-10 1.113054e-06 6.864402e-04 3.323596e-01 4.427780e-01 2.241749e-01 2.292876e-27 1.283348e-21 3.233272e-17 1.678895e-13 3.188164e-10 2.822046e-07 8.780847e-05 3.134475e-03 3.626832e-02 1.359220e-01 2.807580e-01 2.939992e-01 1.850638e-01 3.784197e-02 2.692418e-02 2.548542e-09 4.010497e-17 7.749729e-22 2.854602e-16 6.434987e-12 3.383578e-08 7.037340e-05 4.565432e-02 2.477297e-01 7.065456e-01
3.323208e+02 2.174291e+06 5.175333e-20 1.787990e-14 4.423774e-10 2.835601e-06 3.874519e-03 6.756237e-02 9.285603e-01 9.100143e-27 1.900491e-21 6.002990e-17 4.719146e-13 2.126736e-09 4.756891e-07 4.021094e-05 8.610134e-04 8.987855e-03 4.442355e-02 1.229914e-01 2.049882e-01 6.177041e-01 3.252210e-06 2.741506e-12 2.391676e-23 8.892105e-18 2.399165e-13 1.068644e-09 1.514656e-06 8.356969e-04 4.024735e-01 4.315043e-01 1.651850e-01 9.226975e-27 4.704186e-21 1.090428e-16 5.141968e-13 8.867428e-10 7.055351e-07 2.015640e-04 6.157402e-03 6.034156e-02 1.871317e-01 3.179825e-01 2.677060e-01 1.291431e-01 1.989465e-02 1.144071e-02 3.904844e-10 2.106863e-18 1.658921e-21 5.538857e-16 1.131054e-11 5.374114e-08 1.008377e-04 6.397484e-02 2.910170e-01 6.449072e-01
3.345450e+02 2.041096e+06 1.011083e-19 3.185280e-14 7.183094e-10 4.190925e-06 5.549664e-03 8.343980e-02 9.110063e-01 4.718092e-26 9.101044e-21 2.643253e-16 1.895579e-12 7.815144e-09 1.524516e-06 1.112961e-04 2.031970e-03 1.790035e-02 7.331701e-02 1.623732e-01 2.166256e-01 5.276379e-01 1.205621e-06 4.261127e-13 4.892377e-23 1.646322e-17 4.002278e-13 1.599240e-09 2.011749e-06 9.887080e-04 4.742577e-01 4.068443e-01 1.179073e-01 3.533645e-26 1.639513e-20 3.494135e-16 1.494321e-12 2.337104e-09 1.667873e-06 4.380767e-04 1.140527e-02 9.424631e-02 2.403836e-01 3.337916e-01 2.240047e-01 8.190769e-02 9.400692e-03 4.420322e-03 5.276507e-11 9.488697e-20 3.502828e-21 1.058783e-15 1.955798e-11 8.381766e-08 1.414502e-04 8.811237e-02 3.349325e-01 5.768136e-01
3.363997e+02 1.916905e+06 1.971206e-19 5.662215e-14 1.163390e-09 6.170871e-06 7.947667e-03 1.029064e-01 8.891398e-01 2.354002e-25 4.195716e-20 1.120629e-15 7.328283e-12 2.766862e-08 4.703648e-06 2.960645e-04 4.596739e-03 3.406327e-02 1.151030e-01 2.027462e-01 2.156570e-01 4.275326e-01 4.144514e-07 6.027296e-14 9.818593e-23 2.989499e-17 6.545578e-13 2.344745e-09 2.613352e-06 1.140157e-03 5.450009e-01 3.720979e-01 8.175839e-02 1.279231e-25 5.401310e-20 1.058445e-15 4.103476e-12 5.817571e-09 3.719289e-06 9.001118e-04 1.991544e-02 1.383288e-01 2.887807e-01 3.259070e-01 1.730721e-01 4.750937e-02 4.018920e-03 1.563789e-03 6.375812e-12 3.746941e-21 7.236552e-21 1.979641e-15 3.306359e-11 1.276857e-07 1.933744e-04 1.187525e-01 3.763263e-01 5.047277e-01
3.379759e+02 1.800977e+06 3.827972e-19 1.002400e-13 1.875658e-09 9.032266e-06 1.135539e-02 1.264551e-01 8.621804e-01 1.115106e-24 1.837080e-19 4.512523e-15 2.689553e-11 9.309017e-08 1.377797e-05 7.462860e-04 9.824198e-03 6.101288e-02 1.692315e-01 2.355454e-01 1.989013e-01 3.247244e-01 1.311719e-07 7.753562e-15 1.941961e-22 5.347895e-17 1.054086e-12 3.382456e-09 3.334127e-06 1.286644e-03 6.125382e-01 3.309682e-01 5.520359e-02 4.401839e-25 1.691239e-19 3.047306e-15 1.070402e-11 1.374771e-08 7.862882e-06 1.757245e-03 3.293850e-02 1.916193e-01 3.256721e-01 2.969208e-01 1.237747e-01 2.524407e-02 1.556036e-03 5.093057e-04 6.975619e-13 1.327197e-22 1.460886e-20 3.615674e-15 5.456995e-11 1.897022e-07 2.572022e-04 1.563085e-01 4.119197e-01 4.315144e-01
3.393467e+02 1.692681e+06 7.393377e-19 1.764569e-13 3.005368e-09 1.311892e-05 1.615890e-02 1.545138e-01 8.293142e-01 4.962728e-24 7.559026e-19 1.707643e-14 9.271016e-11 2.944799e-07 3.790329e-05 1.762887e-03 1.961036e-02 1.016411e-01 2.300682e-01 2.510868e-01 1.673741e-01 2.284183e-01 3.784479e-08 9.019920e-16 3.803515e-22 9.470057e-17 1.679414e-12 4.823536e-09 4.196901e-06 1.427247e-03 6.754433e-01 2.868187e-01 3.630662e-02 1.445977e-24 5.054792e-19 8.373940e-15 2.663490e-11 3.096910e-08 1.582185e-05 3.272693e-03 5.179256e-02 2.513474e-01 3.456928e-01 2.528894e-01 8.200894e-02 1.228330e-02 5.443831e-04 1.526772e-04 6.946076e-14 4.276447e-24 2.883487e-20 6.454393e-15 8.797353e-11 2.749870e-07 3.329327e-04 2.009231e-01 4.388509e-01 3.598928e-01
3.405598e+02 1.591428e+06 1.416837e-18 3.081197e-13 4.773831e-09 1.885786e-05 2.284125e-02 1.872043e-01 7.899355e-01 2.059173e-23 2.900493e-18 6.025869e-14 2.978029e-10 8.690463e-07 9.714703e-05 3.870367e-03 3.624654e-02 1.560524e-01 2.863820e-01 2.429048e-01 1.269249e-01 1.475210e-01 9.938147e-09 9.575770e-17 7.409502e-22 1.667253e-16 2.658659e-12 6.828629e-09 5.233931e-06 1.562524e-03 7.324908e-01 2.426415e-01 2.329999e-02 4.550354e-24 1.447073e-18 2.203836e-14 6.343126e-11 6.671612e-08 3.039607e-05 5.832604e-03 7.764161e-02 3.129254e-01 3.459777e-01 2.015604e-01 5.034843e-02 5.469195e-03 1.718383e-04 4.235425e-05 6.412936e-15 1.298740e-25 5.567220e-20 1.126615e-14 1.385821e-10 3.890333e-07 4.194762e-04 2.521392e-01 4.547775e-01 2.926634e-01
3.416494e+02 1.496564e+06 2.689511e-18 5.326965e-13 7.501945e-09 2.676500e-05 3.199663e-02 2.242807e-01 7.436959e-01 7.959893e-23 1.036943e-17 1.980713e-13 8.902761e-10 2.389327e-06 2.315740e-04 7.880067e-03 6.186157e-02 2.200328e-01 3.249302e-01 2.119833e-01 8.604112e-02 8.703701e-02 2.383516e-09 9.429118e-18 1.443253e-21 2.933258e-16 4.202687e-12 9.642197e-09 6.495280e-06 1.695261e-03 7.829665e-01 2.007154e-01 1.461634e-02 1.378092e-23 3.985556e-18 5.578421e-14 1.451655e-10 1.379730e-07 5.594827e-05 9.981734e-03 1.112861e-01 3.705774e-01 3.268620e-01 1.503474e-01 2.860706e-02 2.222443e-03 4.875595e-05 1.094313e-05 5.619101e-16 3.874902e-27 1.053494e-19 1.926353e-14 2.136575e-10 5.378957e-07 5.149956e-04 3.090389e-01 4.584173e-01 2.320282e-01
3.426376e+02 1.407588e+06 5.044610e-18 9.095001e-13 1.163194e-08 3.739972e-05 4.428864e-02 2.648799e-01 6.907940e-01 2.874531e-22 3.463255e-17 6.080348e-13 2.483016e-09 6.135137e-06 5.145343e-04 1.490601e-02 9.762388e-02 2.851618e-01 3.360900e-01 1.667342e-01 5.200440e-02 4.695911e-02 5.293445e-10 8.873932e-19 2.824156e-21 5.180977e-16 6.663738e-12 1.363966e-08 8.055097e-06 1.830143e-03 8.264959e-01 1.626752e-01 8.990749e-03 4.029785e-23 1.059463e-17 1.362291e-13 3.202019e-10 2.746913e-07 9.892286e-05 1.644661e-02 1.528462e-01 4.180975e-01 2.917170e-01 1.049334e-01 1.502289e-02 8.222169e-04 1.240129e-05 2.666144e-06 4.834726e-17 1.195351e-28 1.957481e-19 3.232254e-14 3.229273e-10 7.279591e-07 6.169125e-04 3.701415e-01 4.497110e-01 1.795298e-01
3.435396e+02 1.324012e+06 9.329284e-18 1.530007e-12 1.775167e-08 5.131253e-05 6.040456e-02 3.074765e-01 6.320676e-01 9.766239e-22 1.088093e-16 1.755035e-12 6.503641e-09 1.480967e-05 1.072288e-03 2.634874e-02 1.432006e-01 3.412588e-01 3.181486e-01 1.185523e-01 2.807800e-02 2.332594e-02 1.113371e-10 8.284956e-20 5.579767e-21 9.232574e-16 1.064890e-11 1.941797e-08 1.002595e-05 1.973992e-03 8.631054e-01 1.294661e-01 5.444525e-03 1.141849e-22 2.727609e-17 3.220289e-13 6.828930e-10 5.280328e-07 1.684622e-04 2.615934e-02 2.015790e-01 4.500221e-01 2.460380e-01 6.847605e-02 7.276995e-03 2.760372e-04 2.819542e-06 6.231513e-07 4.238907e-18 3.989013e-30 3.580865e-19 5.335646e-14 4.796216e-10 9.664148e-07 7.224550e-04 4.335952e-01 4.298475e-01 1.358338e-01
3.443655e+02 1.245467e+06 1.698204e-17 2.531521e-12 2.661533e-08 6.897394e-05 8.095585e-02 3.498940e-01 5.690812e-01 3.147256e-21 3.242082e-16 4.801048e-12 1.612306e-08 3.386066e-05 2.111220e-03 4.382577e-02 1.965174e-01 3.793743e-01 2.771354e-01 7.658757e-02 1.361369e-02 1.080078e-02 2.285010e-11 7.977452e-21 1.118347e-20 1.667451e-15 1.722651e-11 2.793907e-08 1.257568e-05 2.135648e-03 8.931386e-01 1.014507e-01 3.262430e-03 3.143095e-22 6.818075e-17 7.386550e-13 1.411446e-09 9.821691e-07 2.768627e-04 4.024773e-02 2.556868e-01 4.625794e-01 1.961324e-01 4.174609e-02 3.245132e-03 8.384832e-05 5.724781e-07 1.428819e-07 3.918034e-19 1.487747e-31 6.474455e-19 8.699001e-14 7.026577e-10 1.262840e-06 8.291408e-04 4.973249e-01 4.010369e-01 1.008077e-01
3.451229e+02 1.171586e+06 3.034802e-17 4.108702e-12 3.909479e-08 9.059640e-05 1.063875e-01 3.895679e-01 5.039539e-01 9.685540e-21 9.222922e-16 1.253304e-11 3.808606e-08 7.388090e-05 3.955477e-03 6.905490e-02 2.538635e-01 3.939577e-01 2.232354e-01 4.515620e-02 5.964787e-03 4.738135e-03 4.717650e-12 8.164958e-22 2.282454e-20 3.064450e-15 2.832463e-11 4.079483e-08 1.595804e-05 2.326169e-03 9.172092e-01 7.850373e-02 1.944909e-03 8.425749e-22 1.658721e-16 1.647839e-12 2.833493e-09 1.771523e-06 4.399458e-04 6.001334e-02 3.123456e-01 4.543816e-01 1.477241e-01 2.374181e-02 1.328677e-03 2.295533e-05 1.039321e-07 3.290176e-08 3.904227e-20 6.297952e-33 1.158510e-18 1.402428e-13 1.016588e-09 1.626887e-06 9.354673e-04 5.593248e-01 3.660753e-01 7.366283e-02
3.458183e+02 1.102133e+06 5.321454e-17 6.537979e-12 5.623336e-08 1.161981e-04 1.368833e-01 4.239287e-01 4.390718e-01 2.861752e-20 2.518523e-15 3.138660e-11 8.617883e-08 1.546119e-04 7.086515e-03 1.035546e-01 3.100181e-01 3.835993e-01 1.668303e-01 2.437350e-02 2.378077e-03 2.004874e-03 1.003902e-12 9.033144e-23 4.759104e-20 5.749288e-15 4.748820e-11 6.063669e-08 2.055001e-05 2.558733e-03 9.360952e-01 6.016596e-02 1.159470e-03 2.201841e-21 3.931629e-16 3.579151e-12 5.530923e-09 3.101601e-06 6.765732e-04 8.681575e-02 3.677378e-01 4.266172e-01 1.050679e-01 1.257769e-02 4.982322e-04 5.644604e-06 1.701934e-08 7.760345e-09 4.233083e-21 3.032386e-34 2.061386e-18 2.246666e-13 1.459560e-09 2.075817e-06 1.041421e-03 6.178892e-01 3.278492e-01 5.321808e-02
3.464581e+02 1.036861e+06 9.155696e-17 1.020022e-11 7.920841e-08 1.455263e-04 1.723250e-01 4.508286e-01 3.767009e-01 8.146082e-20 6.624538e-15 7.566570e-11 1.874261e-07 3.114312e-04 1.218096e-02 1.482374e-01 3.587955e-01 3.509030e-01 1.158163e-01 1.205330e-02 8.694510e-04 8.323781e-04 2.231449e-13 1.084154e-23 1.016201e-19 1.103817e-14 8.138230e-11 9.197415e-08 2.691950e-05 2.849046e-03 9.506370e-01 4.579294e-02 6.940139e-04 5.613706e-21 9.087397e-16 7.575602e-12 1.050679e-08 5.275467e-06 1.007669e-03 1.219344e-01 4.174193e-01 3.827777e-01 7.049009e-02 6.193838e-03 1.705552e-04 1.241308e-06 2.577965e-09 1.896815e-09 4.986495e-22 1.648633e-35 3.662643e-18 3.591551e-13 2.088425e-09 2.634412e-06 1.148810e-03 6.717878e-01 2.889019e-01 3.815877e-02
3.470502e+02 9.755816e+05 1.547406e-16 1.562206e-11 1.094020e-07 1.782122e-04 2.123780e-01 4.688895e-01 3.185542e-01 2.237461e-19 1.681181e-14 1.759004e-10 3.924787e-07 6.049673e-04 2.012480e-02 2.028780e-01 3.939507e-01 3.016913e-01 7.465783e-02 5.454518e-03 2.944522e-04 3.431139e-04 5.177991e-14 1.397154e-24 2.224163e-19 2.171037e-14 1.427286e-10 1.425430e-07 3.591855e-05 3.215670e-03 9.616654e-01 3.466519e-02 4.176378e-04 1.396315e-20 2.048396e-15 1.562776e-11 1.942891e-08 8.719592e-06 1.453879e-03 1.663331e-01 4.567921e-01 3.279943e-01 4.453741e-02 2.827148e-03 5.307253e-05 2.427281e-07 3.829307e-10 4.802952e-10 6.300251e-23 9.923525e-37 6.525372e-18 5.754050e-13 2.991177e-09 3.340317e-06 1.261487e-03 7.204128e-01 2.511030e-01 2.721931e-02
3.476019e+02 9.180666e+05 2.574015e-16 2.353363e-11 1.484654e-07 2.138219e-04 2.564531e-01 4.775072e-01 2.658257e-01 5.937603e-19 4.121856e-14 3.948409e-10 7.923514e-07 1.134922e-03 3.199595e-02 2.656747e-01 4.104420e-01 2.436424e-01 4.462014e-02 2.253519e-03 9.408544e-05 1.414741e-04 1.245940e-14 1.906527e-25 4.992382e-19 4.377015e-14 2.563285e-10 2.258617e-07 4.884438e-05 3.681023e-03 9.698911e-01 2.612617e-02 2.526822e-04 3.389224e-20 4.504395e-15 3.143142e-11 3.498518e-08 1.400962e-05 2.032528e-03 2.204155e-01 4.817631e-01 2.681231e-01 2.644461e-02 1.192058e-03 1.494196e-05 4.195471e-08 6.211923e-11 1.252449e-10 8.410782e-24 6.474345e-38 1.170720e-17 9.279110e-13 4.307217e-09 4.250211e-06 1.384961e-03 7.635499e-01 2.157147e-01 1.934618e-02
3.481200e+02 8.640527e+05 4.226351e-16 3.496991e-11 1.985065e-07 2.520243e-04 3.037945e-01 4.768183e-01 2.191350e-01 1.525064e-18 9.780136e-14 8.572132e-10 1.544554e-06 2.059481e-03 4.901077e-02 3.330996e-01 4.056606e-01 1.845743e-01 2.465916e-02 8.467751e-04 2.923606e-05 5.848805e-05 3.077545e-15 2.711266e-26 1.149799e-18 9.049844e-14 4.715950e-10 3.660049e-07 6.770252e-05 4.273137e-03 9.758940e-01 1.961128e-02 1.535146e-04 8.035618e-20 9.672006e-15 6.168781e-11 6.139337e-08 2.189448e-05 2.754412e-03 2.838304e-01 4.894458e-01 2.087701e-01 1.471144e-02 4.621363e-04 3.781726e-06 6.358499e-09 1.214401e-11 3.332479e-11 1.167205e-24 4.476486e-39 2.124405e-17 1.512763e-12 6.262430e-09 5.449650e-06 1.526378e-03 8.013090e-01 1.834496e-01 1.370962e-02
3.486086e+02 8.132690e+05 6.870683e-16 5.140928e-11 2.622421e-07 2.925884e-04 3.533554e-01 4.675869e-01 1.787648e-01 3.798426e-18 2.249828e-13 1.802988e-09 2.911454e-06 3.620393e-03 7.240387e-02 4.000029e-01 3.801296e-01 1.309526e-01 1.256579e-02 2.884007e-04 9.249512e-06 2.428928e-05 7.759935e-16 3.984430e-27 2.718547e-18 1.919766e-13 8.891156e-10 6.066277e-07 9.563278e-05 5.027771e-03 9.801061e-01 1.467630e-02 9.363891e-05 1.863430e-19 2.030451e-14 1.182737e-10 1.050945e-07 3.330782e-05 3.619865e-03 3.552562e-01 4.787077e-01 1.545734e-01 7.644642e-03 1.640096e-04 8.555825e-07 8.395602e-10 2.845574e-12 9.001776e-12 1.669490e-25 3.241673e-40 3.914482e-17 2.502921e-12 9.227804e-09 7.066435e-06 1.694283e-03 8.338860e-01 1.547141e-01 9.698536e-03
3.490696e+02 7.654461e+05 1.109777e-15 7.502076e-11 3.433795e-07 3.355416e-04 4.038703e-01 4.511340e-01 1.446599e-01 9.194922e-18 5.028515e-13 3.681215e-09 5.315915e-06 6.175815e-03 1.032736e-01 4.602215e-01 3.374857e-01 8.685051e-02 5.885591e-03 8.873817e-05 3.122891e-06 1.015755e-05 1.996027e-16 6.043700e-28 6.604031e-18 4.181147e-13 1.718569e-09 1.028557e-06 1.376343e-04 5.991775e-03 9.828439e-01 1.096821e-02 5.740582e-05 4.234902e-19 4.175116e-14 2.219008e-10 1.757483e-07 4.938152e-05 4.616873e-03 4.324161e-01 4.505245e-01 1.086410e-01 3.698739e-03 5.304331e-05 1.720240e-07 9.601494e-11 7.395939e-13 2.467442e-12 2.458366e-26 2.454315e-41 7.350256e-17 4.217067e-12 1.382443e-08 9.293384e-06 1.898970e-03 8.615663e-01 1.296631e-01 6.862329e-03
3.495027e+02 7.203548e+05 1.787596e-15 1.090560e-10 4.471443e-07 3.812926e-04 4.539056e-01 4.292122e-01 1.165005e-01 2.167486e-17 1.093963e-12 7.308060e-09 9.414822e-06 1.023726e-02 1.423493e-01 5.074213e-01 2.836719e-01 5.375391e-02 2.526888e-03 2.463528e-05 1.153749e-06 4.298864e-06 5.266620e-17 9.533253e-29 1.649330e-17 9.354063e-13 3.406665e-09 1.784110e-06 2.017498e-04 7.226675e-03 9.843265e-01 8.207860e-03 3.547235e-05 9.452599e-19 8.426336e-14 4.081665e-10 2.876019e-07 7.145012e-05 5.720457e-03 5.121959e-01 4.079335e-01 7.240061e-02 1.662201e-03 1.558186e-05 3.060928e-08 9.506808e-12 2.022463e-13 6.900779e-13 3.755670e-27 1.962649e-42 1.410183e-16 7.253743e-12 2.110605e-08 1.242215e-05 2.152818e-03 8.846914e-01 1.082722e-01 4.871101e-03
3.499059e+02 6.777950e+05 2.882771e-15 1.585255e-10 5.811677e-07 4.307868e-04 5.019905e-01 4.038216e-01 9.375650e-02 4.983179e-17 2.319917e-12 1.412519e-08 1.619076e-05 1.650784e-02 1.897266e-01 5.361559e-01 2.255869e-01 3.100564e-02 9.924026e-04 6.190672e-06 4.641050e-07 1.856181e-06 1.441772e-17 1.588335e-29 4.237114e-17 2.150580e-12 6.927188e-09 3.165901e-06 3.010881e-04 8.813825e-03 9.846866e-01 6.173072e-03 2.219639e-05 2.077666e-18 1.673405e-13 7.378302e-10 4.615597e-07 1.010842e-04 6.895737e-03 5.910195e-01 3.555473e-01 4.573879e-02 6.929880e-04 4.151737e-06 4.811850e-09 8.289592e-13 5.748927e-14 1.991176e-13 6.048446e-28 1.693213e-43 2.769526e-16 1.276049e-11 3.288993e-08 1.689834e-05 2.470944e-03 9.036567e-01 9.037244e-02 3.483029e-03
3.502771e+02 6.376358e+05 4.672474e-15 2.313237e-10 7.568501e-07 4.857288e-04 5.468879e-01 3.769101e-01 7.571544e-02 1.117835e-16 4.797648e-12 2.659081e-08 2.704287e-05 2.590386e-02 2.445509e-01 5.428692e-01 1.696372e-01 1.665322e-02 3.560913e-04 1.427346e-06 1.995852e-07 8.249713e-07 4.148319e-18 2.844812e-30 1.119031e-16 5.078359e-12 1.444093e-08 5.743170e-06 4.570721e-04 1.085863e-02 9.839806e-01 4.683805e-03 1.413542e-05 4.508173e-18 3.278348e-13 1.314016e-09 7.282140e-07 1.401532e-04 8.103886e-03 6.653768e-01 2.986912e-01 2.741808e-02 2.680995e-04 1.003872e-06 6.686228e-10 6.921843e-14 1.709643e-14 6.003373e-14 1.045660e-28 1.614147e-44 5.570525e-16 2.296905e-11 5.233787e-08 2.340318e-05 2.871836e-03 9.189374e-01 7.564797e-02 2.519289e-03
3.506159e+02 5.998010e+05 7.646242e-15 3.404431e-10 9.923302e-07 5.492269e-04 5.878594e-01 3.500397e-01 6.155064e-02 2.445981e-16 9.673934e-12 4.874892e-08 4.386657e-05 3.954434e-02 3.047669e-01 5.266285e-01 1.205755e-01 8.323407e-03 1.166185e-04 3.138565e-07 9.034913e-08 3.796318e-07 1.265048e-18 5.539540e-31 3.032846e-16 1.229658e-11 3.081523e-08 1.063457e-05 7.047607e-04 1.349528e-02 9.821856e-01 3.594519e-03 9.191266e-06 9.680120e-18 6.352312e-13 2.311757e-09 1.132662e-06 1.909778e-04 9.310686e-03 7.324128e-01 2.423648e-01 1.562309e-02 9.635385e-05 2.205465e-07 8.221064e-11 7.421118e-15 5.358378e-15 1.907324e-14 1.963505e-29 1.726553e-45 1.146858e-15 4.228924e-11 8.502710e-08 3.298898e-05 3.378172e-03 9.310822e-01 6.365818e-02 1.848344e-03
3.509245e+02 5.642681e+05 1.264502e-14 5.059709e-10 1.312005e-06 6.240976e-04 6.247581e-01 3.241874e-01 5.042903e-02 5.207338e-16 1.897540e-11 8.686479e-08 6.898799e-05 5.868185e-02 3.670163e-01 4.893536e-01 8.097625e-02 3.867892e-03 3.480781e-05 7.234453e-08 4.259191e-08 1.809138e-07 4.087675e-19 1.171874e-31 8.401518e-16 3.042492e-11 6.710236e-08 2.004651e-05 1.101201e-03 1.688937e-02 9.791919e-01 2.791347e-03 6.102159e-06 2.060769e-17 1.220114e-12 4.027795e-09 1.741746e-06 2.565586e-04 1.049406e-02 7.903147e-01 1.904225e-01 8.478195e-03 3.220301e-05 4.404508e-08 8.942174e-12 1.484967e-15 1.770327e-15 6.386230e-15 4.002730e-30 2.069832e-46 2.408882e-15 7.940742e-11 1.406649e-07 4.723582e-05 4.017430e-03 9.406581e-01 5.390117e-02 1.375917e-03
3.512073e+02 5.309652e+05 2.119846e-14 7.619283e-10 1.755497e-06 7.153700e-04 6.579030e-01 2.997679e-01 4.161201e-02 1.077953e-15 3.619155e-11 1.503975e-07 1.051762e-04 8.461660e-02 4.269188e-01 4.353602e-01 5.132243e-02 1.667107e-03 9.433902e-06 2.040381e-08 2.070584e-08 8.877984e-08 1.386850e-19 2.658933e-32 2.371957e-15 7.671766e-11 1.487436e-07 3.837970e-05 1.740006e-03 2.124796e-02 9.747798e-01 2.189634e-03 4.123125e-06 4.362757e-17 2.330721e-12 6.974095e-09 2.657786e-06 3.411043e-04 1.165026e-02 8.384309e-01 1.451799e-01 4.385160e-03 9.999404e-06 7.973671e-09 8.565574e-13 4.608764e-16 6.115154e-16 2.234535e-15 8.745254e-31 2.732528e-47 5.153051e-15 1.518475e-10 2.366871e-07 6.862801e-05 4.824465e-03 9.481778e-01 4.589195e-02 1.036965e-03
3.514690e+02 4.997617e+05 3.608940e-14 1.164716e-09 2.381654e-06 8.287390e-04 6.877690e-01 2.768718e-01 3.452810e-02 2.169460e-15 6.711504e-11 2.530083e-07 1.554294e-04 1.185439e-01 4.794748e-01 3.705192e-01 3.063996e-02 6.641732e-04 2.311395e-06 7.669642e-09 1.029032e-08 4.452299e-08 4.881773e-20 6.363858e-33 6.812208e-15 1.967962e-10 3.350531e-07 7.449650e-05 2.775198e-03 2.682439e-02 9.685920e-01 1.730735e-03 2.823169e-06 9.224129e-17 4.447273e-12 1.205339e-08 4.042238e-06 4.507961e-04 1.279449e-02 8.769817e-01 1.076039e-01 2.162126e-03 2.879294e-06 1.303351e-09 7.191580e-14 1.635332e-16 2.184181e-16 8.078695e-16 2.013519e-31 3.882985e-48 1.121551e-14 2.954414e-10 4.047121e-07 1.010823e-04 5.844686e-03 9.540288e-01 3.923617e-02 7.888458e-04
3.517132e+02 4.704928e+05 6.247149e-14 1.809450e-09 3.279589e-06 9.710999e-04 7.147687e-01 2.554853e-01 2.877162e-02 4.246552e-15 1.210508e-10 4.136355e-07 2.226491e-04 1.613208e-01 5.196720e-01 3.013433e-01 1.719648e-02 2.438152e-04 5.107541e-07 3.527743e-09 5.196048e-09 2.268113e-08 1.766181e-20 1.585767e-33 1.987525e-14 5.128374e-10 7.657411e-07 1.463345e-04 4.458257e-03 3.390696e-02 9.601100e-01 1.375687e-03 1.952282e-06 1.957927e-16 8.520473e-12 2.089960e-08 6.157827e-06 5.949702e-04 1.396032e-02 9.067398e-01 7.768109e-02 1.016921e-03 7.680472e-07 1.919717e-10 5.323704e-15 6.040020e-17 7.996662e-17 2.991066e-16 4.821043e-32 5.833928e-49 2.483724e-14 5.848531e-10 7.031284e-07 1.508793e-04 7.137879e-03 9.584585e-01 3.364778e-02 6.042759e-04
3.519407e+02 4.429660e+05 1.100600e-13 2.858922e-09 4.585499e-06 1.150831e-03 7.390507e-01 2.357076e-01 2.408633e-02 8.087909e-15 2.123972e-10 6.571550e-07 3.090075e-04 2.130771e-01 5.432846e-01 2.341711e-01 9.074930e-03 8.259192e-05 1.027518e-07 1.777641e-09 2.668621e-09 1.174731e-08 6.574626e-21 4.119352e-34 5.878661e-14 1.354496e-09 1.770817e-06 2.899649e-04 7.186741e-03 4.275595e-02 9.486643e-01 1.099959e-03 1.364023e-06 4.198578e-16 1.649056e-11 3.656704e-08 9.446878e-06 7.880766e-04 1.519903e-02 9.287212e-01 5.482345e-02 4.585249e-04 1.908211e-07 2.572464e-11 3.728354e-16 2.295114e-17 3.005343e-17 1.135498e-16 1.202179e-32 9.283129e-50 5.602681e-14 1.178969e-09 1.241806e-06 2.282296e-04 8.782394e-03 9.615685e-01 2.895341e-02 4.662682e-04
3.521506e+02 4.170334e+05 1.975214e-13 4.597307e-09 6.513114e-06 1.379339e-03 7.606344e-01 2.176880e-01 2.029169e-02 1.500076e-14 3.628024e-10 1.015059e-06 4.155543e-04 2.729631e-01 5.479879e-01 1.740931e-01 4.513278e-03 2.594412e-05 1.939482e-08 9.362507e-10 1.402557e-09 6.222367e-09 2.539792e-21 1.128410e-34 1.754338e-13 3.607891e-09 4.121900e-06 5.762996e-04 1.155410e-02 5.348573e-02 9.334923e-01 8.864796e-04 9.658949e-07 9.148567e-16 3.242368e-11 6.491276e-08 1.467034e-05 1.052574e-03 1.658141e-02 9.441318e-01 3.801963e-02 1.998242e-04 4.458242e-08 3.191842e-12 3.402313e-17 9.037582e-18 1.169621e-17 4.458157e-17 3.159629e-33 1.588999e-50 1.288117e-13 2.421168e-09 2.229827e-06 3.497623e-04 1.087718e-02 9.633726e-01 2.503500e-02 3.632312e-04
3.523404e+02 3.925561e+05 3.604550e-13 7.508870e-09 9.376026e-06 1.667450e-03 7.794316e-01 2.016344e-01 1.725716e-02 2.708061e-14 6.029166e-10 1.523115e-06 5.408263e-04 3.388614e-01 5.340982e-01 1.243596e-01 2.130768e-03 7.658344e-06 3.767729e-09 5.132398e-10 7.632639e-10 3.409695e-09 1.035490e-21 3.334401e-35 5.238055e-13 9.609917e-09 9.572760e-06 1.138296e-03 1.834970e-02 6.583233e-02 9.139465e-01 7.229160e-04 6.974847e-07 2.037036e-15 6.512149e-11 1.175258e-07 2.317437e-05 1.423885e-03 1.819755e-02 9.541513e-01 2.611856e-02 8.540060e-05 9.977573e-09 3.795281e-13 7.175074e-18 3.750643e-18 4.794520e-18 1.841025e-17 8.962103e-34 3.017550e-51 3.016728e-13 5.061534e-09 4.066524e-06 5.423093e-04 1.354115e-02 9.638141e-01 2.181143e-02 2.869570e-04
3.525068e+02 3.694262e+05 6.689582e-13 1.245699e-08 1.367651e-05 2.031771e-03 7.953193e-01 1.877576e-01 1.487759e-02 4.763728e-14 9.757618e-10 2.221941e-06 6.814636e-04 4.073909e-01 5.048410e-01 8.611344e-02 9.688022e-04 2.178460e-06 9.303860e-10 2.963584e-10 4.368988e-10 1.963151e-09 4.557770e-22 1.095699e-35 1.545562e-12 2.527820e-08 2.189980e-05 2.205162e-03 2.841040e-02 7.888048e-02 8.898818e-01 5.996595e-04 5.178612e-07 4.654936e-15 1.341704e-10 2.178989e-07 3.737896e-05 1.957481e-03 2.015262e-02 9.598295e-01 1.798620e-02 3.661518e-05 2.204133e-09 4.579191e-14 2.837249e-18 1.678262e-18 2.117899e-18 8.180200e-18 2.831849e-34 6.625818e-52 7.183183e-13 1.074971e-08 7.514966e-06 8.484758e-04 1.689857e-02 9.627970e-01 1.921713e-02 2.312795e-04
3.526475e+02 3.475598e+05 1.262167e-12 2.098198e-08 2.020307e-05 2.493294e-03 8.082888e-01 1.761476e-01 1.305004e-02 8.184128e-14 1.541368e-09 3.157918e-06 8.328517e-04 4.745039e-01 4.656431e-01 5.858316e-02 4.332446e-04 6.190255e-07 3.597193e-10 1.826562e-10 2.667850e-10 1.204239e-09 2.209700e-22 4.112491e-36 4.442369e-12 6.472233e-08 4.863412e-05 4.127774e-03 4.226232e-02 9.101621e-02 8.620363e-01 5.083286e-04 3.982294e-07 1.093946e-14 2.841490e-10 4.145047e-07 6.166609e-05 2.738695e-03 2.255442e-02 9.620333e-01 1.259533e-02 1.620174e-05 4.993937e-10 6.050426e-15 1.394857e-18 8.263226e-19 1.028931e-18 3.991150e-18 1.025201e-34 1.744416e-52 1.731332e-12 2.309014e-08 1.400782e-05 1.332994e-03 2.104786e-02 9.602358e-01 1.717816e-02 1.911840e-04
3.527618e+02 3.268981e+05 2.412651e-12 3.575842e-08 3.011845e-05 3.070884e-03 8.184623e-01 1.667604e-01 1.167630e-02 1.375138e-13 2.379984e-09 4.378995e-06 9.885562e-04 5.361496e-01 4.227813e-01 3.987975e-02 1.962016e-04 1.845993e-07 2.035451e-10 1.213115e-10 1.755034e-10 7.946903e-10 1.196215e-22 1.794878e-36 1.225129e-11 1.589054e-07 1.032848e-04 7.355012e-03 5.957239e-02 1.002873e-01 8.322397e-01 4.417761e-04 3.187452e-07 2.638485e-14 6.173566e-10 8.074026e-07 1.038437e-04 3.891363e-03 2.547515e-02 9.614078e-01 9.113431e-03 7.647548e-06 1.217491e-10 9.614696e-16 7.776507e-19 4.540065e-19 5.576039e-19 2.168616e-18 4.333990e-35 5.641833e-53 4.188152e-12 4.973823e-08 2.611410e-05 2.085473e-03 2.599469e-02 9.561162e-01 1.561480e-02 1.626791e-04
3.528523e+02 3.074355e+05 4.659510e-12 6.151347e-08 4.521990e-05 3.790552e-03 8.262029e-01 1.593112e-01 1.065009e-02 2.271814e-13 3.612231e-09 5.959080e-06 1.146555e-03 5.898293e-01 3.813116e-01 2.761427e-02 9.227093e-05 6.024481e-08 1.399536e-10 8.663798e-11 1.241502e-10 5.630826e-10 7.204807e-23 9.060080e-37 3.211218e-11 3.707002e-07 2.079152e-04 1.237017e-02 7.904670e-02 1.053715e-01 8.026097e-01 3.933361e-04 2.652024e-07 6.483393e-14 1.366456e-09 1.599656e-06 1.773645e-04 5.581805e-03 2.891247e-02 9.584400e-01 6.882812e-03 3.937554e-06 3.308956e-11 1.961208e-16 4.830744e-19 2.774865e-19 3.360705e-19 1.308374e-18 2.128520e-35 2.224856e-53 1.006835e-11 1.064294e-07 4.824731e-05 3.220862e-03 3.162683e-02 9.505342e-01 1.442744e-02 1.423577e-04
3.529238e+02 2.891365e+05 9.056910e-12 1.064257e-07 6.814157e-05 4.674890e-03 8.320121e-01 1.533732e-01 9.871618e-03 3.708755e-13 5.417042e-09 8.001130e-06 1.306603e-03 6.349983e-01 3.439995e-01 1.964189e-02 4.569691e-05 2.199528e-08 1.058518e-10 6.576408e-11 9.336116e-11 4.234869e-10 4.743903e-23 5.162718e-37 7.993333e-11 8.212932e-07 3.966187e-04 1.963782e-02 9.888325e-02 1.060788e-01 7.746451e-01 3.573687e-04 2.279084e-07 1.609956e-13 3.057073e-09 3.198818e-06 3.049552e-04 8.023839e-03 3.277500e-02 9.534567e-01 5.434088e-03 2.222570e-06 1.015827e-11 5.189938e-17 3.281215e-19 1.854625e-19 2.214652e-19 8.617261e-19 1.184757e-35 1.034993e-53 2.387759e-11 2.246174e-07 8.773295e-05 4.878628e-03 3.774128e-02 9.436503e-01 1.351430e-02 1.275261e-04
3.529822e+02 2.719922e+05 1.770368e-11 1.851170e-07 1.030606e-04 5.763072e-03 8.364270e-01 1.484539e-01 9.252832e-03 6.031207e-13 8.094282e-09 1.069251e-05 1.476508e-03 6.729301e-01 3.112266e-01 1.433239e-02 2.369145e-05 8.884501e-09 8.429541e-11 5.209638e-11 7.328987e-11 3.319576e-10 3.322882e-23 3.200196e-37 1.903599e-10 1.741609e-06 7.227807e-04 2.966936e-02 1.175959e-01 1.031082e-01 7.485726e-01 3.292850e-04 2.003073e-07 4.013342e-13 6.870173e-09 6.418461e-06 5.249193e-04 1.149839e-02 3.693771e-02 9.465808e-01 4.450397e-03 1.353983e-06 3.451798e-12 1.695362e-17 2.372893e-19 1.319710e-19 1.553463e-19 6.031832e-19 7.193183e-36 5.399963e-54 5.579257e-11 4.671692e-07 1.569425e-04 7.245185e-03 4.417155e-02 9.355297e-01 1.278007e-02 1.161119e-04
3.530320e+02 2.559377e+05 3.480569e-11 3.237960e-07 1.564851e-04 7.101725e-03 8.398219e-01 1.441848e-01 8.734753e-03 9.829054e-13 1.212498e-08 1.431051e-05 1.664784e-03 7.050479e-01 2.825749e-01 1.068538e-02 1.273593e-05 3.898930e-09 6.918627e-11 4.242447e-11 5.916615e-11 2.671408e-10 2.421148e-23 2.093294e-37 4.371721e-10 3.563555e-06 1.268387e-03 4.298843e-02 1.338894e-01 9.742771e-02 7.241162e-01 3.061328e-04 1.785883e-07 9.999750e-13 1.544338e-08 1.286844e-05 9.006986e-04 1.635212e-02 4.118997e-02 9.377953e-01 3.748173e-03 8.742139e-07 1.266965e-12 6.468080e-18 1.787689e-19 9.779598e-20 1.134501e-19 4.388704e-19 4.616200e-36 3.031720e-54 1.285660e-10 9.585141e-07 2.764598e-04 1.055758e-02 5.072025e-02 9.261788e-01 1.215911e-02 1.068203e-04
3.530764e+02 2.408961e+05 6.888922e-11 5.700678e-07 2.387237e-04 8.750888e-03 8.424272e-01 1.403038e-01 8.278846e-03 1.614872e-12 1.831763e-08 1.929549e-05 1.883702e-03 7.326123e-01 2.573789e-01 8.098806e-03 7.022191e-06 1.823648e-09 5.777225e-11 3.510913e-11 4.856244e-11 2.181614e-10 1.803957e-23 1.411914e-37 9.750690e-10 7.085557e-06 2.158070e-03 6.010683e-02 1.466735e-01 8.998232e-02 7.007859e-01 2.860426e-04 1.605221e-07 2.483609e-12 3.463036e-08 2.570784e-05 1.535951e-03 2.299601e-02 4.524537e-02 9.269752e-01 3.221149e-03 5.881811e-07 4.898938e-13 2.755592e-18 1.380158e-19 7.421111e-20 8.481555e-20 3.263196e-19 3.057024e-36 1.774909e-54 2.928134e-10 1.944242e-06 4.804820e-04 1.511710e-02 5.716233e-02 9.155317e-01 1.160764e-02 9.884993e-05
3.531174e+02 2.267855e+05 1.373187e-10 1.010482e-06 3.659093e-04 1.077826e-02 8.443459e-01 1.366467e-01 7.862196e-03 2.688628e-12 2.805298e-08 2.634269e-05 2.149028e-03 7.564770e-01 2.351239e-01 6.219776e-03 3.942889e-06 8.989212e-10 4.869373e-11 2.930295e-11 4.022387e-11 1.794160e-10 1.359046e-23 9.672074e-38 2.120498e-09 1.374379e-05 3.572609e-03 8.134414e-02 1.549729e-01 8.164304e-02 6.781855e-01 2.679240e-04 1.448663e-07 6.128515e-12 7.720637e-08 5.099411e-05 2.593027e-03 3.183808e-02 4.870799e-02 9.140002e-01 2.809246e-03 4.074328e-07 1.959697e-13 1.278467e-18 1.080129e-19 5.702644e-20 6.419111e-20 2.451787e-19 2.056367e-36 1.061410e-54 6.594754e-10 3.900362e-06 8.239918e-04 2.126174e-02 6.318441e-02 9.035349e-01 1.109929e-02 9.173946e-05
3.531559e+02 2.135211e+05 2.752165e-10 1.800036e-06 5.623001e-04 1.323941e-02 8.455803e-01 1.331417e-01 7.474498e-03 4.555068e-12 4.372911e-08 3.655327e-05 2.480376e-03 7.770428e-01 2.155963e-01 4.841628e-03 2.256364e-06 4.681899e-10 4.127972e-11 2.458017e-11 3.351369e-11 1.480883e-10 1.030125e-23 6.684420e-38 4.497087e-09 2.600715e-05 5.752779e-03 1.064942e-01 1.580238e-01 7.323170e-02 6.562201e-01 2.512803e-04 1.310297e-07 1.494303e-11 1.701790e-07 9.985199e-05 4.306924e-03 4.310711e-02 5.106710e-02 8.989389e-01 2.479702e-03 2.890571e-07 8.069995e-14 6.434148e-19 8.526363e-20 4.415092e-20 4.894084e-20 1.852263e-19 1.395301e-36 6.424847e-55 1.464556e-09 7.714937e-06 1.389618e-03 2.926601e-02 6.834152e-02 8.902876e-01 1.062229e-02 8.527593e-05
3.531921e+02 2.010350e+05 5.527030e-10 3.210952e-06 8.630301e-04 1.616287e-02 8.460806e-01 1.297774e-01 7.112939e-03 7.879720e-12 6.961526e-08 5.171744e-05 2.904643e-03 7.944907e-01 1.987210e-01 3.830539e-03 1.324642e-06 2.607795e-10 3.517495e-11 2.071165e-11 2.808136e-11 1.226396e-10 7.852191e-24 4.657530e-38 9.284910e-09 4.792490e-05 8.992547e-03 1.346329e-01 1.556267e-01 6.543822e-02 6.350255e-01 2.359536e-04 1.187597e-07 3.575775e-11 3.683184e-07 1.916478e-04 6.986641e-03 5.664570e-02 5.182703e-02 8.821350e-01 2.213378e-03 2.099087e-07 3.437421e-14 3.535681e-19 6.783248e-20 3.441475e-20 3.757201e-20 1.406421e-19 9.543655e-37 3.932997e-55 3.191377e-09 1.497070e-05 2.292517e-03 3.921900e-02 7.214564e-02 8.760747e-01 1.017381e-02 7.938443e-05
3.532264e+02 1.892942e+05 1.109825e-09 5.724232e-06 1.320333e-03 1.957426e-02 8.458033e-01 1.265234e-01 6.772952e-03 1.401077e-11 1.131758e-07 7.461417e-05 3.451171e-03 8.092057e-01 1.841876e-01 3.080020e-03 7.983311e-07 1.561846e-10 3.008068e-11 1.750350e-11 2.363191e-11 1.017563e-10 6.006399e-24 3.262529e-38 1.867882e-08 8.609732e-05 1.366054e-02 1.645498e-01 1.483289e-01 5.862715e-02 6.145256e-01 2.217197e-04 1.077784e-07 8.364621e-11 7.797807e-07 3.592156e-04 1.102765e-02 7.196197e-02 5.075128e-02 8.639047e-01 1.994258e-03 1.555152e-07 1.509030e-14 2.115552e-19 5.427475e-20 2.694770e-20 2.898311e-20 1.071023e-19 6.560657e-37 2.425363e-55 6.811433e-09 2.845154e-05 3.693545e-03 5.108471e-02 7.427747e-02 8.610931e-01 9.748719e-03 7.396739e-05
3.532588e+02 1.782354e+05 2.219632e-09 1.015720e-05 2.004725e-03 2.343229e-02 8.447127e-01 1.233861e-01 6.454079e-03 2.546662e-11 1.880229e-07 1.098180e-04 4.161218e-03 8.214150e-01 1.717929e-01 2.520382e-03 4.960678e-07 1.011464e-10 2.582106e-11 1.484026e-11 1.998591e-11 8.463836e-11 4.614354e-24 2.299933e-38 3.659704e-08 1.507040e-04 2.015084e-02 1.944008e-01 1.372824e-01 5.298724e-02 5.948194e-01 2.085331e-04 9.796817e-08 1.905702e-10 1.608790e-06 6.548739e-04 1.686288e-02 8.799111e-02 4.789096e-02 8.447859e-01 1.812542e-03 1.175129e-07 6.851077e-15 1.372020e-19 4.369681e-20 2.120714e-20 2.248271e-20 8.186951e-20 4.537895e-37 1.508820e-55 1.419666e-08 5.278954e-05 5.791793e-03 6.447471e-02 7.458537e-02 8.456794e-01 9.346906e-03 6.899779e-05
3.532897e+02 1.678183e+05 4.419973e-09 1.793256e-05 3.019096e-03 2.770204e-02 8.427769e-01 1.203320e-01 6.151996e-03 4.730252e-11 3.193103e-07 1.649326e-04 5.091014e-03 8.314945e-01 1.611540e-01 2.094860e-03 3.167798e-07 7.030131e-11 2.220770e-11 1.260016e-11 1.695949e-11 7.044995e-11 3.551166e-24 1.626139e-38 7.005906e-08 2.578610e-04 2.894820e-02 2.225836e-01 1.238408e-01 4.844742e-02 5.757258e-01 1.961922e-04 8.911019e-08 4.231496e-10 3.236826e-06 1.161920e-03 2.498766e-02 1.035258e-01 4.361393e-02 8.250487e-01 1.658660e-03 9.019682e-08 3.191345e-15 9.487955e-20 3.531870e-20 1.672998e-20 1.749392e-20 6.265638e-20 3.146897e-37 9.425259e-56 2.894439e-08 9.578284e-05 8.851291e-03 7.892537e-02 7.316138e-02 8.299384e-01 8.963320e-03 6.439140e-05
3.533194e+02 1.580077e+05 8.745232e-09 3.143633e-05 4.499911e-03 3.228728e-02 8.399813e-01 1.173365e-01 5.863576e-03 8.950472e-11 5.526267e-07 2.519989e-04 6.299435e-03 8.397246e-01 1.519578e-01 1.765475e-03 2.072945e-07 5.184527e-11 1.910645e-11 1.069710e-11 1.442172e-11 5.859866e-11 2.732195e-24 1.150030e-38 1.312010e-07 4.318889e-04 4.055216e-02 2.474497e-01 1.094139e-01 4.486473e-02 5.571029e-01 1.845524e-04 8.104759e-08 9.155600e-10 6.350248e-06 2.006071e-03 3.587028e-02 1.171639e-01 3.850643e-02 8.049210e-01 1.525910e-03 7.008455e-08 1.515091e-15 6.881922e-20 2.860412e-20 1.320070e-20 1.362597e-20 4.791071e-20 2.181713e-37 5.890498e-56 5.774290e-08 1.700009e-04 1.318571e-02 9.375250e-02 7.028442e-02 8.139529e-01 8.594294e-03 6.008779e-05
3.533481e+02 1.487785e+05 1.713756e-08 5.455248e-05 6.617907e-03 3.702141e-02 8.363352e-01 1.143841e-01 5.586838e-03 1.717087e-10 9.702280e-07 3.899595e-04 7.848967e-03 8.462978e-01 1.439556e-01 1.506515e-03 1.387138e-07 4.003425e-11 1.642251e-11 9.070299e-12 1.227900e-11 4.866023e-11 2.098658e-24 8.120594e-39 2.403769e-07 7.083119e-04 5.541949e-02 2.675092e-01 9.525939e-02 4.206906e-02 5.388607e-01 1.735207e-04 7.367326e-08 1.929009e-09 1.214195e-05 3.368782e-03 4.986363e-02 1.275416e-01 3.321322e-02 7.845909e-01 1.409604e-03 5.498400e-08 7.294815e-16 5.161874e-20 2.317899e-20 1.040089e-20 1.060866e-20 3.655288e-20 1.509292e-37 3.674103e-56 1.126556e-07 2.950178e-04 1.914039e-02 1.081053e-01 6.636822e-02 7.977974e-01 8.237534e-03 5.604734e-05
3.533758e+02 1.400811e+05 3.314647e-08 9.336585e-05 9.564674e-03 4.165136e-02 8.318896e-01 1.114792e-01 5.321772e-03 3.326414e-10 1.720853e-06 6.085266e-04 9.802379e-03 8.513073e-01 1.369790e-01 1.300981e-03 9.493586e-08 3.198446e-11 1.409728e-11 7.681050e-12 1.047019e-11 4.035080e-11 1.609974e-24 5.727982e-39 4.306882e-07 1.136967e-03 7.384769e-02 2.815471e-01 8.237405e-02 3.990154e-02 5.210291e-01 1.630846e-04 6.694136e-08 3.957465e-09 2.262309e-05 5.500183e-03 6.707753e-02 1.335050e-01 2.829561e-02 7.642922e-01 1.306833e-03 4.350854e-08 3.560826e-16 3.964050e-20 1.879234e-20 8.182802e-21 8.257766e-21 2.783533e-20 1.042391e-37 2.288619e-56 2.147956e-07 5.001360e-04 2.704436e-02 1.210018e-01 6.189942e-02 7.816085e-01 7.893242e-03 5.226085e-05
3.534023e+02 1.318931e+05 6.293354e-08 1.567666e-04 1.351430e-02 4.584827e-02 8.267631e-01 1.086473e-01 5.070184e-03 6.459916e-10 3.061537e-06 9.509425e-04 1.218751e-02 8.548015e-01 1.309196e-01 1.137335e-03 6.661236e-08 2.619481e-11 1.209601e-11 6.504457e-12 8.954800e-12 3.347004e-11 1.236457e-24 4.048666e-39 7.527949e-07 1.782485e-03 9.580088e-02 2.888605e-01 7.141201e-02 3.822792e-02 5.037621e-01 1.533020e-04 6.085119e-08 7.889680e-09 4.099937e-05 8.715410e-03 8.719107e-02 1.343622e-01 2.414049e-02 7.443339e-01 1.215949e-03 3.474355e-08 1.770418e-16 3.099035e-20 1.526874e-20 6.440720e-21 6.440644e-21 2.120928e-20 7.211329e-38 1.429760e-56 3.991978e-07 8.262024e-04 3.711586e-02 1.314723e-01 5.736513e-02 7.656074e-01 7.564011e-03 4.874439e-05
3.534273e+02 1.241786e+05 1.167240e-07 2.569509e-04 1.857279e-02 4.927138e-02 8.211385e-01 1.059256e-01 4.834651e-03 1.248346e-09 5.423141e-06 1.477106e-03 1.497873e-02 8.568374e-01 1.256942e-01 1.007074e-03 4.806864e-08 2.185112e-11 1.039239e-11 5.519911e-12 7.700281e-12 2.784432e-11 9.541899e-25 2.881571e-39 1.280629e-06 2.723331e-03 1.208023e-01 2.894664e-01 6.264403e-02 3.694118e-02 4.872772e-01 1.442564e-04 5.541360e-08 1.526328e-08 7.216906e-05 1.338233e-02 1.093669e-01 1.300672e-01 2.092015e-02 7.250552e-01 1.135926e-03 2.803833e-08 9.033839e-17 2.460202e-20 1.246783e-20 5.088749e-21 5.051195e-21 1.623234e-20 5.023148e-38 9.017360e-57 7.215588e-07 1.326883e-03 4.937792e-02 1.387705e-01 5.316611e-02 7.500589e-01 7.253526e-03 4.552246e-05
3.534504e+02 1.169183e+05 2.103274e-07 4.089507e-04 2.470264e-02 5.164502e-02 8.152615e-01 1.033632e-01 4.618476e-03 2.379669e-09 9.483603e-06 2.261838e-03 1.806477e-02 8.575168e-01 1.212431e-01 9.039200e-04 3.581308e-08 1.850554e-11 8.965301e-12 4.709463e-12 6.679603e-12 2.331954e-11 7.437995e-25 2.079289e-39 2.112493e-06 4.041645e-03 1.478042e-01 2.841568e-01 5.603581e-02 3.596596e-02 4.718574e-01 1.360537e-04 5.064727e-08 2.857519e-08 1.230721e-04 1.986359e-02 1.321749e-01 1.212950e-01 1.862928e-02 7.068479e-01 1.066234e-03 2.292350e-08 4.782588e-17 1.984053e-20 1.027425e-20 4.055597e-21 4.003479e-21 1.254650e-20 3.548761e-38 5.794710e-57 1.264122e-06 2.064888e-03 6.353317e-02 1.425343e-01 4.957216e-02 7.352851e-01 6.966529e-03 4.262647e-05
3.534717e+02 1.101092e+05 3.682079e-07 6.322585e-04 3.182447e-02 5.289680e-02 8.092704e-01 1.009554e-01 4.420239e-03 4.453309e-09 1.630011e-05 3.401189e-03 2.131679e-02 8.570218e-01 1.174229e-01 8.210593e-04 2.747058e-08 1.583970e-11 7.765481e-12 4.040261e-12 5.846749e-12 1.966551e-11 5.858050e-25 1.521567e-39 3.381178e-06 5.833498e-03 1.758378e-01 2.742660e-01 5.124049e-02 3.523263e-02 4.574575e-01 1.286183e-04 4.646512e-08 5.179268e-08 2.034912e-04 2.853337e-02 1.541495e-01 1.092869e-01 1.711965e-02 6.897019e-01 1.005109e-03 1.895750e-08 2.621375e-17 1.621353e-20 8.546273e-21 3.261700e-21 3.207463e-21 9.796873e-21 2.543711e-38 3.795606e-57 2.149155e-06 3.118419e-03 7.922818e-02 1.429740e-01 4.664529e-02 7.212904e-01 6.701555e-03 4.002351e-05
3.534912e+02 1.037555e+05 6.248031e-07 9.480083e-04 3.969518e-02 5.309309e-02 8.033137e-01 9.870975e-02 4.239591e-03 8.123608e-09 2.735666e-05 4.994519e-03 2.453121e-02 8.555582e-01 1.141347e-01 7.539204e-04 2.166067e-08 1.367543e-11 6.758474e-12 3.488766e-12 5.168083e-12 1.671721e-11 4.668295e-25 1.131251e-39 5.237426e-06 8.175104e-03 2.035703e-01 2.614074e-01 4.791556e-02 3.469941e-02 4.441051e-01 1.219171e-04 4.281109e-08 9.064327e-08 3.255323e-04 3.961326e-02 1.735860e-01 9.561424e-02 1.622756e-02 6.736818e-01 9.514637e-04 1.585222e-08 1.489209e-17 1.341958e-20 7.182904e-21 2.650970e-21 2.600673e-21 7.740249e-21 1.853640e-38 2.540434e-57 3.537996e-06 4.563087e-03 9.579079e-02 1.406285e-01 4.437694e-02 7.081409e-01 6.458519e-03 3.769643e-05
3.535094e+02 9.782959e+04 1.033151e-06 1.385986e-03 4.818969e-02 5.241835e-02 7.973572e-01 9.657600e-02 4.071718e-03 1.447239e-08 4.492410e-05 7.174010e-03 2.757008e-02 8.532923e-01 1.112210e-01 6.976605e-04 1.742667e-08 1.185309e-11 5.893532e-12 3.023941e-12 4.600716e-12 1.427995e-11 3.747411e-25 8.495004e-40 7.886020e-06 1.117622e-02 2.303722e-01 2.468376e-01 4.567575e-02 3.432598e-02 4.314885e-01 1.157557e-04 3.954963e-08 1.538431e-07 5.060789e-04 5.338205e-02 1.894387e-01 8.155466e-02 1.577856e-02 6.584366e-01 9.031771e-04 1.333954e-08 8.653508e-18 1.119617e-20 6.077148e-21 2.168673e-21 2.124569e-21 6.159325e-21 1.364712e-38 1.723643e-57 5.669715e-06 6.503235e-03 1.128299e-01 1.361762e-01 4.265813e-02 6.955601e-01 6.231264e-03 3.557319e-05
3.535267e+02 9.232572e+04 1.668569e-06 1.981351e-03 5.714602e-02 5.108744e-02 7.913562e-01 9.451430e-02 3.912978e-03 2.515957e-08 7.216035e-05 1.007789e-02 3.029181e-02 8.503410e-01 1.085680e-01 6.490826e-04 1.422190e-08 1.027638e-11 5.136959e-12 2.625189e-12 4.114605e-12 1.222462e-11 3.018837e-25 6.411534e-40 1.155665e-05 1.493611e-02 2.556421e-01 2.316026e-01 4.424647e-02 3.408688e-02 4.193642e-01 1.099898e-04 3.658440e-08 2.534383e-07 7.655413e-04 6.995426e-02 2.008734e-01 6.821798e-02 1.564433e-02 6.436855e-01 8.587513e-04 1.125192e-08 5.087516e-18 9.380874e-21 5.158421e-21 1.779529e-21 1.741738e-21 4.917444e-21 1.009803e-38 1.177591e-57 8.861339e-06 9.047823e-03 1.298792e-01 1.302984e-01 4.139390e-02 6.833231e-01 6.015076e-03 3.360099e-05
3.535435e+02 8.722091e+04 2.639688e-06 2.778372e-03 6.642963e-02 4.931711e-02 7.852284e-01 9.248388e-02 3.759945e-03 4.263119e-08 1.132695e-04 1.385592e-02 3.257683e-02 8.467665e-01 1.060816e-01 6.058401e-04 1.170894e-08 8.879962e-12 4.463828e-12 2.277074e-12 3.686651e-12 1.045681e-11 2.430401e-25 4.837226e-40 1.651171e-05 1.955851e-02 2.789931e-01 2.164482e-01 4.342599e-02 3.396370e-02 4.074895e-01 1.044887e-04 3.383495e-08 4.060356e-07 1.129156e-03 8.935085e-02 2.074874e-01 5.634378e-02 1.573173e-02 6.291397e-01 8.169337e-04 9.474982e-09 2.991833e-18 7.862815e-21 4.376342e-21 1.458947e-21 1.426537e-21 3.921954e-21 7.466156e-39 8.041850e-58 1.354114e-05 1.232052e-02 1.465430e-01 1.235914e-01 4.050048e-02 6.711939e-01 5.805425e-03 3.173307e-05
3.535600e+02 8.248935e+04 4.094037e-06 3.825571e-03 7.583351e-02 4.732190e-02 7.789365e-01 9.046731e-02 3.611165e-03 7.026838e-08 1.734410e-04 1.862293e-02 3.430646e-02 8.426205e-01 1.037100e-01 5.666426e-04 9.696841e-09 7.633487e-12 3.862865e-12 1.971382e-12 3.303910e-12 8.925305e-12 1.951710e-25 3.639018e-40 2.298884e-05 2.509828e-02 2.999809e-01 2.020162e-01 4.307530e-02 3.394454e-02 3.957625e-01 9.919654e-05 3.126453e-08 6.328670e-07 1.624709e-03 1.113237e-01 2.092201e-01 4.639959e-02 1.597716e-02 6.146770e-01 7.771303e-04 7.947632e-09 1.750124e-18 6.579724e-21 3.703112e-21 1.192793e-21 1.164462e-21 3.118602e-21 5.501285e-39 5.470986e-58 2.023352e-05 1.642411e-02 1.623283e-01 1.166086e-01 3.991743e-02 6.590709e-01 5.600401e-03 2.994908e-05
3.535764e+02 7.808411e+04 6.242109e-06 5.184178e-03 8.519067e-02 4.528229e-02 7.724252e-01 8.844618e-02 3.465225e-03 1.127782e-07 2.592492e-04 2.448161e-02 3.540448e-02 8.379151e-01 1.014089e-01 5.304963e-04 8.055319e-09 6.515523e-12 3.325065e-12 1.701262e-12 2.956512e-12 7.589718e-12 1.559941e-25 2.722084e-40 3.122262e-05 3.160028e-02 3.183888e-01 1.886980e-01 4.308832e-02 3.402074e-02 3.840785e-01 9.406112e-05 2.884133e-08 9.623765e-07 2.286217e-03 1.355694e-01 2.064129e-01 3.848322e-02 1.634077e-02 6.001677e-01 7.388241e-04 6.624924e-09 1.012361e-18 5.484881e-21 3.118143e-21 9.703829e-22 9.449056e-22 2.466763e-21 4.027406e-39 3.693750e-58 2.962195e-05 2.146602e-02 1.768657e-01 1.097747e-01 3.959335e-02 6.468443e-01 5.398107e-03 2.823045e-05
3.535930e+02 7.395189e+04 9.400426e-06 6.941002e-03 9.443389e-02 4.332983e-02 7.655784e-01 8.638771e-02 3.319824e-03 1.769110e-07 3.794990e-04 3.155844e-02 3.585508e-02 8.325856e-01 9.912480e-02 4.964152e-04 6.686071e-09 5.504916e-12 2.840241e-12 1.459814e-12 2.634886e-12 6.411369e-12 1.236022e-25 2.014246e-40 4.148925e-05 3.914536e-02 3.342680e-01 1.766268e-01 4.338891e-02 3.418724e-02 3.722531e-01 8.900170e-05 2.652364e-08 1.434747e-06 3.159646e-03 1.618821e-01 1.996342e-01 3.243980e-02 1.680319e-02 5.853783e-01 7.013208e-04 5.466796e-09 5.733018e-19 4.537715e-21 2.603167e-21 7.825279e-22 7.589448e-22 1.932817e-21 2.913227e-39 2.457752e-58 4.266636e-05 2.759476e-02 1.899818e-01 1.033577e-01 3.948757e-02 6.343136e-01 5.195359e-03 2.654964e-05
3.536101e+02 7.002779e+04 1.405776e-05 9.217444e-03 1.035203e-01 4.156856e-02 7.582505e-01 8.425647e-02 3.172688e-03 2.725546e-07 5.462002e-04 3.999540e-02 3.568622e-02 8.265014e-01 9.680686e-02 4.636143e-04 5.522677e-09 4.587747e-12 2.400905e-12 1.241875e-12 2.331803e-12 5.362026e-12 9.664000e-26 1.465644e-40 5.409554e-05 4.782648e-02 3.477267e-01 1.658468e-01 4.392662e-02 3.444295e-02 3.600924e-01 8.394220e-05 2.427629e-08 2.108390e-06 4.308102e-03 1.900495e-01 1.895240e-01 2.803637e-02 1.735941e-02 5.700565e-01 6.639854e-04 4.445504e-09 3.142930e-19 3.709638e-21 2.145513e-21 6.226838e-22 6.003768e-22 1.492901e-21 2.068784e-39 1.598741e-58 6.072699e-05 3.498991e-02 2.015581e-01 9.754580e-02 3.957429e-02 6.212573e-01 4.988935e-03 2.488144e-05
3.536279e+02 6.628304e+04 2.092827e-05 1.216292e-02 1.123625e-01 4.009199e-02 7.503119e-01 8.202729e-02 3.022457e-03 4.131803e-07 7.741529e-04 4.989505e-02 3.497487e-02 8.195045e-01 9.441934e-02 4.316463e-04 4.525699e-09 3.760669e-12 2.004078e-12 1.044853e-12 2.043707e-12 4.427214e-12 7.427299e-26 1.043552e-40 6.924937e-05 5.768414e-02 3.588308e-01 1.564187e-01 4.466309e-02 3.478839e-02 3.474668e-01 7.884154e-05 2.208328e-08 3.062233e-06 5.808383e-03 2.196573e-01 1.768378e-01 2.503219e-02 1.801119e-02 5.540236e-01 6.264524e-04 3.547871e-09 1.653517e-19 2.985274e-21 1.739188e-21 4.870265e-22 4.657395e-22 1.132087e-21 1.434602e-39 1.009963e-58 8.557239e-05 4.380930e-02 2.114477e-01 9.250710e-02 3.983854e-02 6.075118e-01 4.776825e-03 2.321285e-05
3.536467e+02 6.267923e+04 3.113770e-05 1.599031e-02 1.209201e-01 3.897186e-02 7.415586e-01 7.966100e-02 2.867043e-03 6.186412e-07 1.083988e-03 6.141766e-02 3.386254e-02 8.113214e-01 9.191374e-02 4.000025e-04 3.663215e-09 3.019375e-12 1.646015e-12 8.660982e-13 1.767033e-12 3.592888e-12 5.577681e-26 7.215278e-41 8.716012e-05 6.879069e-02 3.677498e-01 1.483274e-01 4.557012e-02 3.522677e-02 3.341744e-01 7.363748e-05 1.992261e-08 4.413693e-06 7.769813e-03 2.503638e-01 1.623385e-01 2.316490e-02 1.876944e-02 5.370009e-01 5.882025e-04 2.761758e-09 8.242691e-20 2.351179e-21 1.378790e-21 3.721646e-22 3.519897e-22 8.375066e-22 9.634375e-40 6.132566e-59 1.197657e-04 5.425941e-02 2.196053e-01 8.834281e-02 4.027384e-02 5.928215e-01 4.555921e-03 2.152453e-05
3.536668e+02 5.921895e+04 4.634569e-05 2.096353e-02 1.291408e-01 3.827400e-02 7.317522e-01 7.711846e-02 2.704662e-03 9.155533e-07 1.501109e-03 7.474050e-02 3.256780e-02 8.015782e-01 8.924316e-02 3.683221e-04 2.915121e-09 2.364078e-12 1.325090e-12 7.043415e-13 1.500168e-12 2.851792e-12 4.065550e-26 4.803341e-41 1.078252e-04 8.117976e-02 3.746715e-01 1.415724e-01 4.661842e-02 3.575772e-02 3.200241e-01 6.828280e-05 1.778231e-08 6.321626e-06 1.032644e-02 2.816764e-01 1.468850e-01 2.220080e-02 1.964426e-02 5.187120e-01 5.488194e-04 2.081825e-09 3.846675e-20 1.800342e-21 1.062058e-21 2.759209e-22 2.572435e-22 6.001607e-22 6.208169e-40 3.538289e-59 1.666732e-04 6.652614e-02 2.260254e-01 8.513814e-02 4.087641e-02 5.769240e-01 4.323450e-03 1.980274e-05
3.536883e+02 5.590516e+04 6.885455e-05 2.734956e-02 1.368773e-01 3.805844e-02 7.207220e-01 7.438823e-02 2.535550e-03 1.337436e-06 2.053850e-03 8.995019e-02 3.138229e-02 7.898853e-01 8.639030e-02 3.366859e-04 2.274893e-09 1.801994e-12 1.043497e-12 5.604298e-13 1.246010e-12 2.207174e-12 2.864686e-26 3.063250e-41 1.308006e-04 9.470238e-02 3.797793e-01 1.362090e-01 4.775739e-02 3.636956e-02 3.049888e-01 6.280080e-05 1.568065e-08 8.989875e-06 1.362536e-02 3.127019e-01 1.315092e-01 2.192783e-02 2.063663e-02 4.990817e-01 5.083940e-04 1.511758e-09 1.679567e-20 1.334030e-21 7.912104e-22 1.975371e-22 1.809097e-22 4.147988e-22 3.817088e-40 1.926605e-59 2.302789e-04 8.061276e-02 2.307299e-01 8.297189e-02 4.163399e-02 5.597236e-01 4.079465e-03 1.805685e-05
3.537111e+02 5.275030e+04 1.016749e-04 3.537726e-02 1.439292e-01 3.836127e-02 7.083813e-01 7.148752e-02 2.361780e-03 1.923610e-06 2.771329e-03 1.070731e-01 3.062828e-02 7.758523e-01 8.336759e-02 3.055052e-04 1.740410e-09 1.338629e-12 8.037249e-13 4.358207e-13 1.010497e-12 1.664485e-12 1.949591e-26 1.869517e-41 1.551492e-04 1.090286e-01 3.833344e-01 1.322662e-01 4.891177e-02 3.704237e-02 2.892042e-01 5.727419e-05 1.365650e-08 1.266761e-05 1.781703e-02 3.423607e-01 1.172140e-01 2.214145e-02 2.174333e-02 4.782434e-01 4.674490e-04 1.054866e-09 6.972342e-21 9.545424e-22 5.689575e-22 1.363273e-22 1.222445e-22 2.762211e-22 2.236716e-40 9.886809e-60 3.149360e-04 9.629464e-02 2.338626e-01 8.185806e-02 4.252437e-02 5.413025e-01 3.826669e-03 1.631488e-05
3.537354e+02 4.975270e+04 1.491721e-04 4.535177e-02 1.502539e-01 3.919879e-02 6.944636e-01 6.839937e-02 2.183402e-03 2.727937e-06 3.694538e-03 1.264839e-01 3.060832e-02 7.587841e-01 8.015164e-02 2.748025e-04 1.300367e-09 9.663477e-13 6.030564e-13 3.297772e-13 7.963460e-13 1.217587e-12 1.273854e-26 1.083693e-41 1.800272e-04 1.239889e-01 3.857396e-01 1.296475e-01 5.000890e-02 3.775888e-02 2.726246e-01 5.172014e-05 1.172154e-08 1.771146e-05 2.311747e-02 3.701175e-01 1.045911e-01 2.267056e-02 2.297183e-02 4.560878e-01 4.260211e-04 7.020030e-10 2.807744e-21 6.552183e-22 3.924572e-22 9.009840e-23 7.885509e-23 1.760930e-22 1.238816e-40 4.733352e-60 4.267266e-04 1.134505e-01 2.357725e-01 8.171636e-02 4.353047e-02 5.215240e-01 3.564846e-03 1.458363e-05
3.537610e+02 4.691268e+04 2.164733e-04 5.737998e-02 1.557662e-01 4.057074e-02 6.789014e-01 6.516160e-02 2.003650e-03 3.808102e-06 4.860504e-03 1.483745e-01 3.150156e-02 7.382386e-01 7.677593e-02 2.451282e-04 9.497212e-10 6.791732e-13 4.409161e-13 2.427525e-13 6.093130e-13 8.644252e-13 7.997938e-27 5.973766e-42 2.043138e-04 1.391805e-01 3.873777e-01 1.282536e-01 5.094745e-02 3.848826e-02 2.555019e-01 4.625356e-05 9.918314e-09 2.452597e-05 2.970362e-02 3.951315e-01 9.417032e-02 2.337140e-02 2.431312e-02 4.329006e-01 3.848820e-04 4.450280e-10 1.157062e-21 4.312372e-22 2.596270e-22 5.703288e-23 4.859549e-23 1.075593e-22 6.493131e-41 2.117710e-60 5.716650e-04 1.316081e-01 2.368829e-01 8.241012e-02 4.461595e-02 5.005999e-01 3.298475e-03 1.289989e-05
3.537878e+02 4.422937e+04 3.100195e-04 7.150243e-02 1.605261e-01 4.248310e-02 6.615511e-01 6.180234e-02 1.824962e-03 5.228756e-06 6.308499e-03 1.730813e-01 3.350524e-02 7.136189e-01 7.326391e-02 2.168355e-04 6.778974e-10 4.646312e-13 3.137790e-13 1.736413e-13 4.520457e-13 5.952903e-13 4.822329e-27 3.129511e-42 2.274317e-04 1.543281e-01 3.886427e-01 1.278912e-01 5.163257e-02 3.920574e-02 2.380312e-01 4.095823e-05 8.271960e-09 3.362988e-05 3.777530e-02 4.169514e-01 8.609519e-02 2.413334e-02 2.576766e-02 4.088989e-01 3.445968e-04 2.680487e-10 5.134352e-22 2.717350e-22 1.645492e-22 3.454500e-23 2.859753e-23 6.290172e-23 3.218152e-41 8.846792e-61 7.571931e-04 1.503327e-01 2.377033e-01 8.373381e-02 4.574769e-02 4.786831e-01 3.030979e-03 1.128955e-05
3.538155e+02 4.169682e+04 4.369029e-04 8.751332e-02 1.647004e-01 4.494340e-02 6.423787e-01 5.837634e-02 1.650871e-03 7.053133e-06 8.071382e-03 2.008745e-01 3.684832e-02 6.843411e-01 6.966720e-02 1.903915e-04 4.740793e-10 3.100326e-13 2.177061e-13 1.209058e-13 3.256969e-13 3.986618e-13 2.802200e-27 1.565359e-42 2.495371e-04 1.691489e-01 3.898740e-01 1.282918e-01 5.197692e-02 3.988674e-02 2.205361e-01 3.594248e-05 6.808535e-09 4.559842e-05 4.745405e-02 4.352063e-01 8.030543e-02 2.486363e-02 2.733041e-02 3.844886e-01 3.059533e-04 1.536467e-10 2.508718e-22 1.643903e-22 1.002266e-22 2.008964e-23 1.613605e-23 3.535007e-23 1.515726e-41 3.472722e-61 9.911389e-04 1.690706e-01 2.387464e-01 8.542405e-02 4.688465e-02 4.561058e-01 2.767561e-03 9.784632e-06
3.538438e+02 3.931431e+04 6.047376e-04 1.050397e-01 1.686094e-01 4.797725e-02 6.213468e-01 5.493781e-02 1.484383e-03 9.335696e-06 1.017407e-02 2.320635e-01 4.173168e-02 6.498176e-01 6.603775e-02 1.661166e-04 3.257536e-10 2.022174e-13 1.476024e-13 8.216235e-14 2.284863e-13 2.604443e-13 1.576114e-27 7.518074e-43 2.720436e-04 1.834980e-01 3.913299e-01 1.291140e-01 5.192122e-02 4.051428e-02 2.033192e-01 3.128882e-05 5.539260e-09 6.106785e-05 5.877708e-02 4.498066e-01 7.653066e-02 2.548726e-02 2.899934e-02 3.600684e-01 2.695899e-04 8.404134e-11 1.317498e-22 9.586966e-23 5.892148e-23 1.126644e-23 8.773730e-24 1.917811e-23 6.825302e-42 1.290714e-61 1.282156e-03 1.873446e-01 2.404740e-01 8.718453e-02 4.798612e-02 4.332073e-01 2.512823e-03 8.407872e-06
3.538723e+02 3.707879e+04 8.208324e-04 1.235046e-01 1.726777e-01 5.161411e-02 5.985033e-01 5.155099e-02 1.328451e-03 1.210944e-05 1.262570e-02 2.667654e-01 4.831367e-02 6.096994e-01 6.243945e-02 1.442704e-04 2.209541e-10 1.295043e-13 9.824707e-14 5.476061e-14 1.568490e-13 1.668851e-13 8.644484e-28 3.500137e-43 2.977747e-04 1.973197e-01 3.931648e-01 1.299616e-01 5.144240e-02 4.107548e-02 1.867113e-01 2.706777e-05 4.466406e-09 8.066328e-05 7.160491e-02 4.608752e-01 7.439693e-02 2.593747e-02 3.076637e-02 3.361024e-01 2.361008e-04 4.414494e-11 7.168545e-23 5.430154e-23 3.368215e-23 6.139361e-24 4.635593e-24 1.012305e-23 2.968795e-42 4.600944e-62 1.638585e-03 2.047267e-01 2.432405e-01 8.870308e-02 4.900537e-02 4.104070e-01 2.271482e-03 7.177105e-06
3.539006e+02 3.498841e+04 1.091824e-03 1.422530e-01 1.773749e-01 5.588166e-02 5.739382e-01 4.827531e-02 1.185237e-03 1.537963e-05 1.542184e-02 3.048641e-01 5.668019e-02 5.639605e-01 5.893304e-02 1.249626e-04 1.487228e-10 8.189404e-14 6.457458e-14 3.601278e-14 1.060168e-13 1.055559e-13 4.663431e-28 1.597138e-43 3.310106e-04 2.106827e-01 3.954291e-01 1.304182e-01 5.055816e-02 4.156395e-02 1.709936e-01 2.331838e-05 3.580298e-09 1.050030e-04 8.562695e-02 4.687906e-01 7.347866e-02 2.615812e-02 3.262117e-02 3.130137e-01 2.058764e-04 2.245352e-11 3.945492e-23 3.014384e-23 1.888779e-23 3.279875e-24 2.402968e-24 5.246785e-24 1.262417e-42 1.596584e-62 2.067875e-03 2.209268e-01 2.472622e-01 8.968762e-02 4.989386e-02 3.881084e-01 2.047226e-03 6.099905e-06
3.539284e+02 3.308664e+04 1.419805e-03 1.606884e-01 1.831621e-01 6.081632e-02 5.476999e-01 4.515760e-02 1.055877e-03 1.907858e-05 1.853285e-02 3.460705e-01 6.693099e-02 5.127704e-01 5.556803e-02 1.081481e-04 9.984180e-11 5.146993e-14 4.216839e-14 2.352121e-14 7.099598e-14 6.632538e-14 2.495831e-28 7.221317e-44 3.786592e-04 2.238028e-01 3.980823e-01 1.300637e-01 4.932679e-02 4.196200e-02 1.563637e-01 2.004596e-05 2.862005e-09 1.344489e-04 1.003799e-01 4.741950e-01 7.335315e-02 2.610763e-02 3.452050e-02 2.911303e-01 1.790675e-04 1.115957e-11 2.178207e-23 1.655199e-23 1.047938e-23 1.732661e-24 1.233862e-24 2.694812e-24 5.310761e-43 5.473351e-63 2.571375e-03 2.358540e-01 2.526264e-01 8.988246e-02 5.057277e-02 3.666455e-01 1.842291e-03 5.173563e-06
3.539558e+02 3.134805e+04 1.810384e-03 1.785655e-01 1.905163e-01 6.649805e-02 5.194705e-01 4.219981e-02 9.394301e-04 2.322977e-05 2.202250e-02 3.904022e-01 7.914025e-02 4.559711e-01 5.234719e-02 9.352542e-05 6.686850e-11 3.219459e-14 2.738949e-14 1.527380e-14 4.717058e-14 4.143808e-14 1.326716e-28 3.239970e-44 4.495512e-04 2.371543e-01 4.010353e-01 1.284884e-01 4.781045e-02 4.224909e-02 1.427957e-01 1.720133e-05 2.282407e-09 1.698797e-04 1.155317e-01 4.778685e-01 7.364255e-02 2.574634e-02 3.642454e-02 2.704612e-01 1.553875e-04 5.427390e-12 1.199274e-23 9.007610e-24 5.759741e-24 9.060725e-25 6.285765e-25 1.373331e-24 2.213841e-43 1.857315e-63 3.153152e-03 2.497390e-01 2.593809e-01 8.906866e-02 5.094449e-02 3.460538e-01 1.655670e-03 4.380088e-06
3.539831e+02 2.978072e+04 2.268809e-03 1.959051e-01 1.999816e-01 7.305631e-02 4.885708e-01 3.938316e-02 8.342401e-04 2.797425e-05 2.609278e-02 4.380004e-01 9.336230e-02 3.931846e-01 4.925121e-02 8.074268e-05 4.456594e-11 2.000639e-14 1.765791e-14 9.842248e-15 3.104124e-14 2.567900e-14 6.981500e-29 1.436384e-44 5.600381e-04 2.514204e-01 4.041405e-01 1.252349e-01 4.606017e-02 4.239866e-02 1.301706e-01 1.472159e-05 1.813709e-09 2.124254e-04 1.309019e-01 4.805365e-01 7.402463e-02 2.503131e-02 3.828815e-02 2.508706e-01 1.344193e-04 2.573612e-12 6.547641e-24 4.844896e-24 3.125502e-24 4.673288e-25 3.166606e-25 6.920008e-25 9.102717e-44 6.202965e-64 3.818061e-03 2.629967e-01 2.675897e-01 8.701510e-02 5.086852e-02 3.262231e-01 1.485147e-03 3.698459e-06
3.540112e+02 2.835366e+04 2.812321e-03 2.132514e-01 2.125979e-01 8.079996e-02 4.531695e-01 3.663203e-02 7.368885e-04 3.392557e-05 3.135576e-02 4.899619e-01 1.097225e-01 3.226592e-01 4.619735e-02 6.928366e-05 2.920263e-11 1.219521e-14 1.115823e-14 6.215082e-15 1.998792e-14 1.556733e-14 3.570041e-29 6.146108e-45 7.429320e-04 2.679182e-01 4.071732e-01 1.195741e-01 4.407941e-02 4.236795e-02 1.181317e-01 1.250978e-05 1.426619e-09 2.647388e-04 1.467386e-01 4.829004e-01 7.418497e-02 2.388657e-02 4.007590e-02 2.318334e-01 1.154276e-04 1.164279e-12 3.479493e-24 2.529857e-24 1.643903e-24 2.331301e-25 1.546842e-25 3.380119e-25 3.598206e-44 1.975338e-64 4.586578e-03 2.764677e-01 2.775524e-01 8.333219e-02 5.010052e-02 3.066319e-01 1.325499e-03 3.099412e-06
3.540418e+02 2.698704e+04 3.490067e-03 2.317957e-01 2.306283e-01 9.003422e-02 4.096038e-01 3.380543e-02 6.424483e-04 4.253872e-05 3.913841e-02 5.486231e-01 1.271139e-01 2.419974e-01 4.302613e-02 5.852364e-05 1.832195e-11 7.076048e-15 6.714689e-15 3.736053e-15 1.224746e-14 8.948497e-15 1.701469e-29 2.407859e-45 1.059325e-03 2.892204e-01 4.095402e-01 1.102289e-01 4.177620e-02 4.208485e-02 1.060797e-01 1.044799e-05 1.094267e-09 3.334553e-04 1.638749e-01 4.856815e-01 7.369317e-02 2.215294e-02 4.177948e-02 2.123871e-01 9.744842e-05 4.774519e-13 1.728709e-24 1.230719e-24 8.039885e-25 1.076561e-25 7.007872e-26 1.530629e-25 1.290716e-44 5.586876e-65 5.518699e-03 2.916436e-01 2.898798e-01 7.729521e-02 4.823156e-02 2.862599e-01 1.168736e-03 2.549637e-06
3.540759e+02 2.561975e+04 4.369928e-03 2.525255e-01 2.572197e-01 9.973596e-02 3.547534e-01 3.084579e-02 5.496780e-04 5.586731e-05 5.131960e-02 6.129277e-01 1.397251e-01 1.562577e-01 3.966575e-02 4.831817e-05 1.079363e-11 3.819139e-15 3.764221e-15 2.091271e-15 6.993105e-15 4.765252e-15 7.327830e-30 8.307830e-46 1.604932e-03 3.187295e-01 4.093249e-01 9.598309e-02 3.907163e-02 4.145278e-02 9.382460e-02 8.511675e-06 8.094847e-10 4.295215e-04 1.828785e-01 4.895662e-01 7.183035e-02 1.972009e-02 4.333172e-02 1.921633e-01 8.028868e-05 1.703307e-13 7.789475e-25 5.403386e-25 3.541090e-25 4.453323e-26 2.848953e-26 6.216150e-26 4.026022e-45 1.331920e-65 6.686032e-03 3.102027e-01 3.043666e-01 6.826220e-02 4.482413e-02 2.646436e-01 1.012687e-03 2.042094e-06
3.541133e+02 2.426016e+04 5.520218e-03 2.759821e-01 2.946701e-01 1.062484e-01 2.893085e-01 2.780962e-02 4.610854e-04 7.540006e-05 6.940120e-02 6.748702e-01 1.377608e-01 8.168190e-02 3.617160e-02 3.893994e-05 5.950159e-12 1.908542e-15 1.957154e-15 1.085659e-15 3.707392e-15 2.341117e-15 2.836887e-30 2.508488e-46 2.491500e-03 3.596182e-01 4.025196e-01 7.731447e-02 3.599148e-02 4.039407e-02 8.166392e-02 6.754714e-06 5.764336e-10 5.680113e-04 2.037404e-01 4.949133e-01 6.775566e-02 1.677694e-02 4.460055e-02 1.715807e-01 6.445330e-05 5.224589e-14 3.162148e-25 2.124810e-25 1.394013e-25 1.640210e-26 1.033500e-26 2.251034e-26 1.084212e-45 2.653963e-66 8.146311e-03 3.337366e-01 3.185931e-01 5.666387e-02 3.986126e-02 2.421358e-01 8.614577e-04 1.590249e-06
3.541527e+02 2.294765e+04 6.985791e-03 3.020642e-01 3.411106e-01 1.047355e-01 2.198865e-01 2.483655e-02 3.808880e-04 1.008654e-04 9.349543e-02 7.217804e-01 1.181205e-01 3.377322e-02 3.269883e-02 3.079634e-05 3.115886e-12 8.985979e-16 9.595315e-16 5.316325e-16 1.855547e-15 1.080325e-15 1.011410e-30 6.835445e-47 3.826652e-03 4.126324e-01 3.843595e-01 5.738414e-02 3.270011e-02 3.890450e-02 7.018742e-02 5.252179e-06 3.985736e-10 7.678904e-04 2.258585e-01 5.012549e-01 6.121602e-02 1.380691e-02 4.543805e-02 1.516070e-01 5.067745e-05 1.413125e-14 1.181252e-25 7.645380e-26 5.012797e-26 5.515856e-27 3.433172e-27 7.458379e-27 2.606791e-46 4.607298e-67 9.915996e-03 3.630959e-01 3.280667e-01 4.442957e-02 3.403558e-02 2.197326e-01 7.223635e-04 1.211750e-06
3.541937e+02 2.170555e+04 8.830350e-03 3.309300e-01 3.908726e-01 9.299153e-02 1.540822e-01 2.198320e-02 3.101358e-04 1.312244e-04 1.231655e-01 7.466920e-01 8.929977e-02 1.137503e-02 2.931254e-02 2.392362e-05 1.554607e-12 4.004350e-16 4.453483e-16 2.466036e-16 8.802564e-16 4.699496e-16 3.337325e-31 1.691862e-47 5.735764e-03 4.768475e-01 3.518400e-01 3.964366e-02 2.932331e-02 3.700067e-02 5.960504e-02 4.006065e-06 2.680791e-10 1.058906e-03 2.490961e-01 5.075254e-01 5.273836e-02 1.116360e-02 4.574981e-02 1.326288e-01 3.906023e-05 3.378970e-15 4.072819e-26 2.524474e-26 1.652029e-26 1.702458e-27 1.049919e-27 2.273004e-27 5.634856e-47 7.029861e-68 1.203484e-02 3.990554e-01 3.288764e-01 3.342606e-02 2.815770e-02 1.978511e-01 5.975692e-04 9.046649e-07
3.542365e+02 2.053869e+04 1.113660e-02 3.626899e-01 4.356201e-01 7.285646e-02 9.818595e-02 1.926252e-02 2.484730e-04 1.656211e-04 1.581875e-01 7.497465e-01 6.210396e-02 3.749027e-03 2.602913e-02 1.821189e-05 7.345850e-13 1.679821e-16 1.945282e-16 1.077218e-16 3.934102e-16 1.913332e-16 1.009625e-31 3.759446e-48 8.356911e-03 5.495993e-01 3.053390e-01 2.612130e-02 2.594391e-02 3.469529e-02 4.994130e-02 2.990322e-06 1.748017e-10 1.486958e-03 2.735993e-01 5.123883e-01 4.334963e-02 8.964498e-03 4.544940e-02 1.147324e-01 2.943850e-05 7.031555e-16 1.281802e-26 7.562223e-27 4.934108e-27 4.774755e-28 2.926145e-28 6.307219e-28 1.080998e-47 9.280775e-69 1.457049e-02 4.421405e-01 3.188138e-01 2.461294e-02 2.278265e-02 1.765921e-01 4.868644e-04 6.600912e-07
3.542819e+02 1.944546e+04 1.402470e-02 3.974088e-01 4.668497e-01 4.917350e-02 5.568984e-02 1.665858e-02 1.949031e-04 2.040634e-04 1.990966e-01 7.344917e-01 4.164837e-02 1.715134e-03 2.283065e-02 1.350025e-05 3.232803e-13 6.516975e-17 7.853221e-17 4.351755e-17 1.626481e-16 7.144921e-17 2.726569e-32 7.253505e-49 1.185056e-02 6.271158e-01 2.483684e-01 1.697040e-02 2.259328e-02 3.198174e-02 4.111766e-02 2.170064e-06 1.094471e-10 2.124073e-03 2.997891e-01 5.145568e-01 3.409172e-02 7.163411e-03 4.443816e-02 9.781517e-02 2.155087e-05 1.224590e-16 3.578272e-27 1.995458e-27 1.297091e-27 1.182862e-28 7.222366e-29 1.548461e-28 1.774077e-48 1.013658e-69 1.764276e-02 4.927873e-01 2.972259e-01 1.800798e-02 1.811659e-02 1.558302e-01 3.888656e-04 4.674074e-07
3.543311e+02 1.841947e+04 1.766257e-02 4.349587e-01 4.780757e-01 2.764507e-02 2.735602e-02 1.415340e-02 1.485564e-04 2.467401e-04 2.464758e-01 7.046644e-01 2.779557e-02 1.112595e-03 1.969524e-02 9.652871e-06 1.291977e-13 2.273968e-17 2.848989e-17 1.580726e-17 6.046829e-17 2.373306e-17 6.312107e-33 1.155183e-49 1.633937e-02 7.045154e-01 1.867417e-01 1.121454e-02 1.928109e-02 2.884556e-02 3.306081e-02 1.515757e-06 6.485389e-11 3.082987e-03 3.282236e-01 5.128600e-01 2.577601e-02 5.678034e-03 4.259633e-02 8.176782e-02 1.517024e-05 1.681880e-17 8.482139e-28 4.435967e-28 2.871510e-28 2.479184e-29 1.511563e-29 3.220186e-29 2.355668e-49 8.557521e-71 2.143721e-02 5.510116e-01 2.644913e-01 1.317867e-02 1.417043e-02 1.354081e-01 3.023446e-04 3.177674e-07
3.543841e+02 1.745916e+04 2.214973e-02 4.738238e-01 4.676647e-01 1.275248e-02 1.169642e-02 1.180293e-02 1.098827e-04 2.930313e-04 2.998463e-01 6.635127e-01 1.884449e-02 8.026055e-04 1.669425e-02 6.645196e-06 4.670033e-14 7.101052e-18 9.237284e-18 5.134740e-18 2.010101e-17 6.974726e-18 1.244095e-33 1.506003e-50 2.177432e-02 7.741753e-01 1.289545e-01 7.674714e-03 1.610012e-02 2.539007e-02 2.592995e-02 1.017214e-06 3.628015e-11 4.504111e-03 3.586277e-01 5.065208e-01 1.902798e-02 4.457931e-03 3.989834e-02 6.695293e-02 1.024613e-05 1.793742e-18 1.688537e-28 8.219663e-29 5.301097e-29 4.365131e-30 2.662550e-30 5.630477e-30 2.507336e-50 5.522871e-72 2.608030e-02 6.140345e-01 2.232239e-01 9.706977e-03 1.095315e-02 1.157725e-01 2.285391e-04 2.070363e-07
3.544425e+02 1.655970e+04 2.772894e-02 5.134506e-01 4.398163e-01 4.815727e-03 4.512195e-03 9.598137e-03 7.804037e-05 3.431479e-04 3.591704e-01 6.131798e-01 1.290374e-02 5.797533e-04 1.381884e-02 4.346040e-06 1.473926e-14 1.906519e-18 2.571901e-18 1.433439e-18 5.740778e-18 1.736911e-18 1.972183e-34 1.497108e-51 2.813612e-02 8.315648e-01 8.059758e-02 5.318026e-03 1.305331e-02 2.166385e-02 1.966567e-02 6.466802e-07 1.877354e-11 6.622948e-03 3.914732e-01 4.950420e-01 1.378896e-02 3.435536e-03 3.631866e-02 5.331217e-02 6.545243e-06 1.363884e-19 2.654510e-29 1.192597e-29 7.672541e-30 6.077025e-31 3.713445e-31 7.786265e-31 1.978356e-51 2.477410e-73 3.185691e-02 6.793067e-01 1.763827e-01 7.125845e-03 8.316919e-03 9.684454e-02 1.662871e-04 1.273398e-07
3.545075e+02 1.571588e+04 3.464453e-02 5.529242e-01 4.013030e-01 1.672750e-03 1.834057e-03 7.568786e-03 5.274399e-05 3.967384e-04 4.234305e-01 5.557871e-01 8.861098e-03 4.107794e-04 1.111111e-02 2.669877e-06 3.944573e-15 4.253757e-19 5.942663e-19 3.323498e-19 1.360911e-18 3.534297e-19 2.397191e-35 1.069400e-52 3.533593e-02 8.734104e-01 4.530678e-02 3.637119e-03 1.019825e-02 1.779560e-02 1.431553e-02 3.848364e-07 8.833208e-12 9.753009e-03 4.267571e-01 4.781272e-01 9.826234e-03 2.577488e-03 3.192917e-02 4.102591e-02 3.905693e-06 6.854922e-21 3.124057e-30 1.284444e-30 8.260266e-31 6.356964e-32 3.895439e-32 8.089085e-32 1.083734e-52 7.133528e-75 3.904562e-02 7.420625e-01 1.285656e-01 5.164534e-03 6.169618e-03 7.887653e-02 1.154888e-04 7.300510e-08
3.545808e+02 1.492238e+04 4.323100e-02 5.916253e-01 3.577464e-01 6.979983e-04 9.232543e-04 5.742633e-03 3.349960e-05 4.534515e-04 4.911406e-01 4.934840e-01 6.024722e-03 2.822227e-04 8.613503e-03 1.516417e-06 8.591787e-16 7.518424e-20 1.086343e-19 6.101877e-20 2.552701e-19 5.584292e-20 2.089538e-36 5.050809e-54 4.334363e-02 8.997285e-01 2.308701e-02 2.401695e-03 7.596873e-03 1.394346e-02 9.898645e-03 2.108169e-07 3.689305e-12 1.434453e-02 4.644078e-01 4.554247e-01 6.821159e-03 1.862469e-03 2.688958e-02 3.024759e-02 2.139584e-06 2.049381e-22 2.558673e-31 9.542986e-32 6.151824e-32 4.651545e-33 2.860276e-33 5.874583e-33 3.760145e-54 1.179561e-76 4.797518e-02 7.968501e-01 8.488529e-02 3.653002e-03 4.434803e-03 6.212594e-02 7.566233e-05 3.832583e-08
3.546643e+02 1.417590e+04 5.389058e-02 6.288300e-01 3.121899e-01 3.770144e-04 5.383964e-04 4.154368e-03 1.970737e-05 5.127921e-04 5.602395e-01 4.286912e-01 3.987940e-03 1.858781e-04 6.381887e-03 7.818591e-07 1.453170e-16 9.963134e-21 1.487001e-20 8.397026e-21 3.585116e-20 6.460193e-21 1.209261e-37 1.433458e-55 5.225361e-02 9.131045e-01 1.107909e-02 1.504212e-03 5.328407e-03 1.030654e-02 6.423524e-03 1.042755e-07 1.330412e-12 2.100302e-02 5.039707e-01 4.265699e-01 4.542608e-03 1.280553e-03 2.148067e-02 2.115146e-02 1.054473e-06 3.221484e-24 1.341989e-32 4.500067e-33 2.917278e-33 2.192256e-34 1.353197e-34 2.745012e-34 7.435483e-56 9.856205e-79 5.895885e-02 8.385259e-01 4.996664e-02 2.493096e-03 3.060424e-03 4.694898e-02 4.612685e-05 1.804976e-08
3.547600e+02 1.347416e+04 6.707118e-02 6.634639e-01 2.660857e-01 2.166345e-04 3.146916e-04 2.837351e-03 1.057076e-05 5.741774e-04 6.282896e-01 3.640254e-01 2.518469e-03 1.159846e-04 4.475975e-03 3.587406e-07 1.814378e-17 9.327297e-22 1.436140e-21 8.162180e-22 3.551724e-21 5.133811e-22 4.274327e-39 2.204585e-57 6.229581e-02 9.171124e-01 5.283072e-03 8.788396e-04 3.470409e-03 7.098638e-03 3.860815e-03 4.560105e-08 4.019598e-13 3.049548e-02 5.444146e-01 3.914362e-01 2.854714e-03 8.267982e-04 1.609755e-02 1.387422e-02 4.572762e-07 2.324032e-26 4.124941e-34 1.232409e-34 8.060644e-35 6.085204e-36 3.770999e-36 7.543924e-36 7.476179e-58 3.625269e-81 7.223900e-02 8.641945e-01 2.616111e-02 1.623053e-03 2.007393e-03 3.374911e-02 2.578180e-05 7.458001e-09
3.548703e+02 1.281544e+04 8.328442e-02 6.941302e-01 2.204804e-01 1.185547e-04 1.733636e-04 1.808007e-03 5.073472e-06 6.370629e-04 6.928190e-01 3.020557e-01 1.483068e-03 6.766075e-05 2.937438e-03 1.430399e-07 1.574664e-18 5.751070e-23 9.123867e-23 5.225079e-23 2.313508e-22 2.597187e-23 8.353914e-41 1.624578e-59 7.377696e-02 9.145607e-01 2.521454e-03 4.705355e-04 2.065262e-03 4.489430e-03 2.115636e-03 1.719355e-08 9.816067e-14 4.376875e-02 5.841455e-01 3.503332e-01 1.664532e-03 4.939021e-04 1.116951e-02 8.424443e-03 1.699009e-07 6.538583e-29 6.697729e-36 1.765708e-36 1.168521e-36 8.941039e-38 5.562285e-38 1.095604e-37 3.336689e-60 4.981233e-84 8.801043e-02 8.744318e-01 1.247260e-02 9.952843e-04 1.237045e-03 2.283989e-02 1.297912e-05 2.632640e-09
3.549978e+02 1.219706e+04 1.030440e-01 7.190829e-01 1.766616e-01 6.001245e-05 8.815984e-05 1.061133e-03 2.134726e-06 7.009799e-04 7.515688e-01 2.451150e-01 7.977747e-04 3.641771e-05 1.780951e-03 4.829858e-08 8.902340e-20 2.166975e-24 3.538171e-24 2.044259e-24 9.192980e-24 7.701318e-25 8.105524e-43 5.021515e-62 8.695515e-02 9.069636e-01 1.145728e-03 2.268966e-04 1.104071e-03 2.565594e-03 1.038903e-03 5.438349e-09 1.863410e-14 6.189454e-02 6.208690e-01 3.043409e-01 8.863079e-04 2.688862e-04 7.073312e-03 4.667004e-03 5.253012e-08 6.002755e-32 5.141649e-38 1.182861e-38 7.937556e-39 6.194118e-40 3.867694e-40 7.488030e-40 5.707224e-63 2.141796e-87 1.064070e-01 8.722449e-01 5.677872e-03 5.679263e-04 7.080070e-04 1.438845e-02 5.772281e-06 7.712935e-10
3.551455e+02 1.161703e+04 1.268423e-01 7.364659e-01 1.360573e-01 2.762443e-05 4.071338e-05 5.653008e-04 7.693880e-07 7.658985e-04 8.030500e-01 1.947975e-01 3.856717e-04 1.781353e-05 9.831057e-04 1.341207e-08 3.047078e-21 4.594963e-26 7.713444e-26 4.502005e-26 2.052035e-25 1.219167e-26 3.456931e-45 5.603456e-65 1.021015e-01 8.950616e-01 4.702745e-04 9.672057e-05 5.204689e-04 1.301188e-03 4.483054e-04 1.398933e-09 2.630940e-15 8.601048e-02 6.517533e-01 2.553385e-01 4.236895e-04 1.311843e-04 4.022641e-03 2.320201e-03 1.307301e-08 1.469392e-35 1.647505e-40 3.263035e-41 2.223207e-41 1.775405e-42 1.112420e-42 2.113069e-42 3.170376e-66 2.361056e-91 1.275459e-01 8.609227e-01 2.530321e-03 2.974962e-04 3.714237e-04 8.329934e-03 2.218634e-06 1.815005e-10
3.553164e+02 1.107409e+04 1.550189e-01 7.445534e-01 1.001298e-01 1.139191e-05 1.682612e-05 2.694632e-04 2.321886e-07 8.320757e-04 8.465011e-01 1.520063e-01 1.657926e-04 7.805546e-06 4.869403e-04 2.976254e-09 5.881460e-23 5.078231e-28 8.755795e-28 5.169066e-28 2.382895e-27 9.405533e-29 5.756451e-48 1.951426e-68 1.194316e-01 8.794087e-01 1.692284e-04 3.582656e-05 2.125615e-04 5.753704e-04 1.667422e-04 2.838689e-10 2.645920e-16 1.171148e-01 6.736393e-01 2.059705e-01 1.789563e-04 5.645107e-05 2.021678e-03 1.018357e-03 2.533826e-09 7.864032e-40 1.952425e-43 3.273764e-44 2.265955e-44 1.853846e-45 1.165255e-45 2.167640e-45 4.870734e-70 5.502538e-96 1.514608e-01 8.427685e-01 1.076436e-03 1.412503e-04 1.763967e-04 4.375857e-03 7.212564e-07 3.322229e-11
3.555141e+02 1.056793e+04 1.877847e-01 7.421415e-01 6.995048e-02 4.138296e-06 6.119926e-06 1.130780e-04 5.717852e-08 9.000947e-04 8.820188e-01 1.168026e-01 6.263554e-05 3.012697e-06 2.128420e-04 5.108877e-10 5.906910e-25 2.693182e-30 4.764836e-30 2.848708e-30 1.325156e-29 3.189781e-31 3.274071e-51 1.799807e-72 1.391903e-01 8.604026e-01 5.220201e-05 1.131243e-05 7.375526e-05 2.175067e-04 5.229538e-05 4.389572e-11 1.804887e-17 1.559797e-01 6.836318e-01 1.590326e-01 6.559493e-05 2.104420e-05 8.819150e-04 3.873380e-04 3.684330e-10 7.544669e-45 7.460084e-47 1.036886e-47 7.290925e-48 6.108345e-49 3.850507e-49 7.001757e-49 1.726943e-74 2.182427e-101 1.781607e-01 8.192290e-01 4.195452e-04 5.989376e-05 7.474340e-05 2.055982e-03 1.935228e-07 4.561223e-12
3.558260e+02 9.945236e+03 2.384878e-01 7.219340e-01 3.954768e-02 8.576084e-07 1.268842e-06 2.837784e-05 6.172197e-09 9.952898e-04 9.182944e-01 8.063937e-02 1.368081e-05 6.765411e-07 5.654592e-05 3.104134e-11 4.122115e-28 7.153058e-34 1.308084e-33 7.967024e-34 3.737883e-33 3.913837e-35 2.430289e-56 7.748728e-79 1.694574e-01 8.304656e-01 8.287280e-06 1.840742e-06 1.352571e-05 4.512103e-05 8.248307e-06 2.260049e-12 2.549981e-19 2.202360e-01 6.748956e-01 1.045407e-01 1.340081e-05 4.385477e-06 2.271640e-04 8.286993e-05 1.696978e-11 7.966875e-52 2.980411e-52 3.095742e-53 2.221791e-53 1.917694e-54 1.213089e-54 2.133869e-54 1.655937e-81 6.882732e-110 2.178869e-01 7.813617e-01 9.973829e-05 1.563313e-05 1.946779e-05 6.165332e-04 2.388504e-08 1.950272e-13
