# isochoric cooling, n_H = 0.01 cm^-3, T0 = 1e+07 K; t [code time = 0.978 Myr] T x_e He+ OHx CHx CO C+ HCO+ H2 H+ H3+ H2+ O+ Si+ C_high Si_high O++ O_high S+ S++ S_high N+ N++ N_high
0.000000e+00 1.000000e+07 1.200279e+00 1.318464e-07 0.000000e+00 0.000000e+00 0.000000e+00 1.004560e-23 0.000000e+00 0.000000e+00 1.000000e+00 0.000000e+00 0.000000e+00 9.957734e-29 3.092976e-41 1.600000e-04 1.700000e-06 2.884847e-23 3.200000e-04 2.224187e-42 3.908481e-37 1.450000e-05 8.895799e-27 1.746161e-21 7.400000e-05
2.645685e+01 9.410192e+06 1.200255e+00 1.290687e-07 1.940800e-41 4.764927e-42 2.174010e-59 1.391120e-21 3.578869e-62 1.315271e-12 1.000000e+00 4.046296e-120 4.874701e-21 4.395721e-20 5.930657e-41 1.600000e-04 1.700000e-06 8.847327e-20 3.200000e-04 4.128669e-42 8.802367e-37 1.450000e-05 6.243170e-22 4.419732e-21 7.400000e-05
5.103597e+01 8.855869e+06 1.200232e+00 1.265464e-07 6.861626e-40 6.206163e-42 6.941549e-58 2.377267e-22 2.095034e-61 2.538092e-12 1.000000e+00 1.735472e-114 1.765994e-20 4.156865e-20 1.412154e-40 1.600000e-04 1.700000e-06 8.365777e-20 3.200000e-04 1.081059e-41 2.604926e-36 1.450000e-05 8.047483e-23 4.421307e-21 7.400000e-05
7.402079e+01 8.334915e+06 1.200210e+00 1.242370e-07 2.554010e-39 6.815931e-42 1.630242e-57 8.162029e-23 2.568673e-61 3.751954e-12 1.000000e+00 1.319962e-108 3.691091e-20 6.229352e-20 3.951654e-40 1.600000e-04 1.700000e-06 1.253280e-19 3.200000e-04 3.387830e-41 9.653911e-36 1.450000e-05 1.737687e-23 6.954247e-21 7.400000e-05
9.563491e+01 7.845266e+06 1.200184e+00 1.221080e-07 5.721625e-39 7.229982e-42 2.755158e-57 5.719188e-23 3.920122e-61 4.965851e-12 1.000000e+00 5.954907e-105 6.145468e-20 6.192350e-20 8.351839e-40 1.600000e-04 1.700000e-06 1.246245e-19 3.200000e-04 8.099668e-41 2.323068e-35 1.450000e-05 6.291043e-24 9.653838e-21 7.400000e-05
1.160465e+02 7.385140e+06 1.200160e+00 1.201323e-07 1.001835e-38 8.222421e-40 3.139266e-54 2.584560e-19 2.984095e-57 6.173353e-12 1.000000e+00 2.566534e-100 9.081833e-20 7.625106e-20 2.087964e-39 1.600000e-04 1.700000e-06 1.535449e-19 3.200000e-04 2.206648e-40 7.969101e-35 1.450000e-05 2.975750e-24 1.529718e-20 7.400000e-05
1.353882e+02 6.952349e+06 1.200137e+00 1.182899e-07 1.521670e-38 2.623923e-39 1.086214e-53 1.295777e-19 2.190417e-57 7.394261e-12 1.000000e+00 5.374893e-96 1.243995e-19 3.990048e-20 5.924816e-39 1.600000e-04 1.700000e-06 8.084988e-20 3.200000e-04 7.810801e-40 2.734175e-34 1.450000e-05 1.471129e-24 2.428168e-20 7.400000e-05
1.537587e+02 6.545383e+06 1.200111e+00 1.165654e-07 1.873979e-38 3.726085e-39 1.567403e-53 6.497541e-20 1.302591e-57 8.631808e-12 1.000000e+00 5.907792e-92 1.616836e-19 2.080190e-20 1.741774e-38 1.600000e-04 1.700000e-06 4.307072e-20 3.200000e-04 2.928294e-39 9.770552e-34 1.450000e-05 8.341859e-25 3.889483e-20 7.400000e-05
1.712195e+02 6.162196e+06 1.200087e+00 1.149478e-07 2.101107e-38 4.385914e-39 1.832007e-53 3.264252e-20 7.065577e-58 9.887321e-12 1.000000e+00 3.622321e-88 2.021908e-19 1.080699e-20 5.148249e-38 1.600000e-04 1.700000e-06 2.403171e-20 3.200000e-04 1.126165e-38 3.505424e-33 1.450000e-05 6.478269e-25 6.239920e-20 7.400000e-05
1.878133e+02 5.801567e+06 1.200060e+00 1.134287e-07 2.241835e-38 4.775744e-39 1.968778e-53 1.651627e-20 3.673357e-58 1.116119e-11 1.000000e+00 1.294215e-84 2.454665e-19 5.595862e-21 1.553952e-37 1.600000e-04 1.700000e-06 1.547320e-20 3.200000e-04 4.461559e-38 1.318157e-32 1.450000e-05 8.145103e-21 1.226444e-19 7.400000e-05
2.035506e+02 5.461872e+06 1.200033e+00 1.120029e-07 2.326083e-38 5.006009e-39 2.037580e-53 8.550448e-21 1.900158e-58 1.245132e-11 1.000000e+00 2.821372e-81 2.910130e-19 2.888507e-21 4.714246e-37 1.600000e-04 1.700000e-06 1.352021e-20 3.200000e-04 1.801370e-37 4.990415e-32 1.450000e-05 3.795710e-21 1.741819e-19 7.400000e-05
2.184443e+02 5.141950e+06 1.200002e+00 1.106654e-07 2.374995e-38 5.146732e-39 2.072734e-53 4.735407e-21 1.034720e-58 1.375558e-11 1.000000e+00 3.863404e-78 3.383526e-19 1.486666e-21 1.469320e-36 1.600000e-04 1.700000e-06 1.724415e-20 3.200000e-04 7.547394e-37 1.978996e-31 1.450000e-05 1.769912e-21 2.734851e-19 7.400000e-05
2.324811e+02 4.840467e+06 1.199973e+00 1.094139e-07 2.402516e-38 5.243056e-39 2.092613e-53 3.099850e-21 6.597921e-59 1.506904e-11 1.000000e+00 3.448610e-75 3.869302e-19 7.631289e-22 4.653556e-36 1.600000e-04 1.700000e-06 2.801882e-20 3.200000e-04 3.240030e-36 8.033481e-31 1.450000e-05 8.270765e-22 4.444527e-19 7.400000e-05
2.456608e+02 4.556463e+06 1.199937e+00 1.082454e-07 2.417501e-38 5.327291e-39 2.107098e-53 2.722782e-21 5.615200e-59 1.638732e-11 1.000000e+00 2.050337e-72 4.362259e-19 3.908642e-22 1.515701e-35 1.600000e-04 1.700000e-06 5.047126e-20 3.200000e-04 1.444262e-35 3.371188e-30 1.450000e-05 3.897593e-22 7.339978e-19 7.400000e-05
2.579609e+02 4.288711e+06 1.199903e+00 1.071590e-07 2.425331e-38 2.546212e-37 4.165643e-52 9.777487e-18 1.948662e-55 1.770289e-11 1.000000e+00 8.377625e-70 4.856285e-19 2.000104e-22 5.030158e-35 1.600000e-04 1.700000e-06 9.411201e-20 3.200000e-04 6.558873e-35 1.450713e-29 1.450000e-05 1.896515e-22 1.222792e-18 7.400000e-05
2.693544e+02 4.036283e+06 1.199861e+00 1.061546e-07 2.429197e-38 4.799551e-37 7.317744e-52 4.883571e-18 9.387744e-56 1.900655e-11 1.000000e+00 2.402637e-67 5.344841e-19 1.027285e-22 1.727109e-34 1.600000e-04 1.700000e-06 1.782769e-19 3.200000e-04 3.122405e-34 6.423887e-29 1.450000e-05 1.031802e-22 2.056103e-18 7.400000e-05
2.798162e+02 3.798210e+06 1.199815e+00 1.052321e-07 2.430953e-38 5.999194e-37 8.765246e-52 2.442243e-18 4.524098e-56 2.028775e-11 1.000000e+00 4.948575e-65 5.821222e-19 5.391756e-23 6.086760e-34 1.600000e-04 1.700000e-06 3.404943e-19 3.200000e-04 1.508038e-33 2.940077e-28 1.450000e-05 7.541984e-23 3.488521e-18 7.400000e-05
2.893172e+02 3.573621e+06 1.199765e+00 1.043924e-07 2.431665e-38 6.629188e-37 9.423125e-52 1.226913e-18 2.189091e-56 2.153373e-11 1.000000e+00 7.468906e-63 6.278328e-19 3.089207e-23 2.231946e-33 1.600000e-04 1.700000e-06 6.534863e-19 3.200000e-04 7.615189e-33 1.381423e-27 1.450000e-05 3.173164e-19 6.828506e-18 7.400000e-05
2.978422e+02 3.361681e+06 1.199702e+00 1.036356e-07 2.431972e-38 6.957554e-37 9.720430e-52 6.257332e-19 1.075091e-56 2.273160e-11 1.000000e+00 8.416256e-61 6.709581e-19 2.306811e-23 8.444870e-33 1.600000e-04 1.700000e-06 1.259179e-18 3.200000e-04 3.887540e-32 6.651310e-27 1.450000e-05 1.475790e-19 1.073441e-17 7.400000e-05
3.053838e+02 3.161645e+06 1.199631e+00 1.029614e-07 5.052175e-38 7.130895e-37 9.984822e-52 3.347206e-19 1.149665e-56 2.386777e-11 1.000000e+00 7.206613e-59 7.108853e-19 1.033060e-19 3.322128e-32 1.600000e-04 1.700000e-06 2.629081e-18 3.200000e-04 2.054338e-31 3.203291e-26 1.450000e-05 6.873489e-20 1.819966e-17 7.400000e-05
3.119553e+02 2.972659e+06 1.199550e+00 1.023684e-07 7.169628e-38 7.229602e-37 1.016895e-51 2.047709e-19 9.609935e-57 2.492994e-11 1.000000e+00 4.772620e-57 7.471302e-19 5.226563e-20 1.355882e-31 1.600000e-04 1.700000e-06 4.759948e-18 3.200000e-04 1.295284e-21 2.487102e-21 1.450000e-05 3.225910e-20 3.190040e-17 7.400000e-05
3.175907e+02 2.794278e+06 1.199456e+00 1.018537e-07 8.138998e-38 7.298873e-37 1.030665e-51 1.661977e-19 8.521331e-57 2.590804e-11 1.000000e+00 2.478756e-55 7.793684e-19 2.647148e-20 5.724364e-31 1.600000e-04 1.700000e-06 8.887083e-18 3.200000e-04 5.770993e-22 1.119795e-21 1.450000e-05 1.564759e-20 5.648145e-17 7.400000e-05
3.223556e+02 2.625513e+06 1.199354e+00 1.014122e-07 8.573930e-38 3.535294e-36 6.427342e-51 9.864531e-17 5.130190e-54 2.679678e-11 1.000000e+00 1.027879e-53 8.075205e-19 1.350902e-20 2.535532e-30 1.600000e-04 1.700000e-06 1.674821e-17 3.200000e-04 2.557930e-22 5.046486e-22 1.450000e-05 8.588536e-21 1.014676e-16 7.400000e-05
3.263336e+02 2.466226e+06 1.199248e+00 1.010371e-07 8.768328e-38 5.798461e-36 1.048017e-50 4.948048e-17 2.532439e-54 2.759496e-11 1.000000e+00 3.434905e-52 8.316976e-19 7.119888e-21 1.153751e-29 1.600000e-04 1.700000e-06 3.085633e-17 3.200000e-04 1.127677e-22 2.381665e-22 1.450000e-05 6.618003e-21 1.820146e-16 7.400000e-05
3.296185e+02 2.315815e+06 1.199133e+00 1.007212e-07 8.860115e-38 6.850574e-36 1.219431e-50 2.507294e-17 1.247565e-54 2.830468e-11 1.000000e+00 9.380736e-51 8.521614e-19 4.209147e-21 5.481011e-29 1.600000e-04 1.700000e-06 5.637454e-17 3.200000e-04 4.943683e-23 1.599726e-22 1.450000e-05 3.254051e-18 3.398370e-16 7.400000e-05
3.323208e+02 2.174291e+06 1.199023e+00 1.004553e-07 8.913807e-38 7.346673e-36 1.292662e-50 1.313713e-17 6.326640e-55 2.893401e-11 1.000000e+00 2.094631e-49 8.693598e-19 3.355434e-21 2.647546e-28 1.600000e-04 1.700000e-06 9.978678e-17 3.200000e-04 2.154975e-23 2.754638e-22 1.450000e-05 1.517453e-18 6.003332e-16 7.400000e-05
3.345450e+02 2.041096e+06 1.198906e+00 1.002308e-07 2.525630e-37 7.597328e-36 1.392896e-50 7.642714e-18 1.002325e-54 2.949281e-11 1.000000e+00 3.865831e-48 8.837813e-19 9.890009e-19 1.310467e-27 1.600000e-04 1.700000e-06 1.761648e-16 3.200000e-04 9.347025e-24 8.605529e-22 1.450000e-05 7.235378e-19 1.078635e-15 7.400000e-05
3.363997e+02 1.916905e+06 1.198793e+00 1.000384e-07 3.247878e-37 7.753106e-36 1.457298e-50 5.747274e-18 9.325366e-55 2.999593e-11 1.000000e+00 5.913640e-47 8.960045e-19 5.384501e-19 6.318194e-27 1.600000e-04 1.700000e-06 2.961799e-16 3.200000e-04 4.064828e-24 2.863797e-21 1.450000e-05 3.763089e-19 1.908217e-15 7.400000e-05
3.379759e+02 1.800977e+06 1.198685e+00 9.986991e-08 3.605677e-37 3.842474e-35 1.470975e-49 3.946230e-15 6.805168e-52 3.045779e-11 1.000000e+00 7.488600e-46 9.065451e-19 3.081906e-19 2.148511e-22 1.600000e-04 1.700000e-06 4.913855e-16 3.200000e-04 1.885385e-24 9.243230e-21 1.450000e-05 2.549252e-19 3.319332e-15 7.400000e-05
3.393467e+02 1.692681e+06 1.198581e+00 9.971863e-08 3.793135e-37 9.608749e-35 3.887862e-49 1.988958e-15 3.496685e-52 3.089171e-11 1.000000e+00 7.979843e-45 9.158344e-19 2.060612e-19 1.094299e-22 1.600000e-04 1.700000e-06 8.006810e-16 3.200000e-04 1.301392e-24 2.848861e-20 1.450000e-05 4.791222e-17 5.752617e-15 7.400000e-05
3.405598e+02 1.591428e+06 1.198482e+00 9.958016e-08 3.899894e-37 1.244733e-34 5.011763e-49 1.012125e-15 1.761793e-52 3.130665e-11 1.000000e+00 7.272965e-44 9.241572e-19 1.326767e-19 5.633436e-23 1.600000e-04 1.700000e-06 1.286020e-15 3.200000e-04 1.433791e-21 8.753885e-20 1.450000e-05 2.249270e-17 9.300542e-15 7.400000e-05
3.416494e+02 1.496564e+06 1.198389e+00 9.945126e-08 3.974379e-37 1.389342e-34 5.545302e-49 5.307141e-16 9.067160e-53 3.170955e-11 1.000000e+00 5.742862e-43 9.317213e-19 1.173259e-19 3.067697e-23 1.600000e-04 1.700000e-06 2.052639e-15 3.200000e-04 6.072858e-22 2.437461e-19 1.450000e-05 1.094519e-17 1.485108e-14 7.400000e-05
3.426376e+02 1.407588e+06 1.198297e+00 9.932990e-08 2.929154e-36 1.468593e-34 7.692612e-49 3.052801e-16 3.695148e-52 3.210472e-11 1.000000e+00 3.979674e-42 9.386591e-19 3.506242e-17 2.226148e-23 1.600000e-04 1.700000e-06 3.318923e-15 3.200000e-04 2.697116e-22 6.689499e-19 1.450000e-05 5.981881e-18 2.307220e-14 7.400000e-05
3.435396e+02 1.324012e+06 1.198207e+00 9.921468e-08 4.109666e-36 1.520734e-34 9.214761e-49 2.214213e-16 3.624331e-52 3.249508e-11 1.000000e+00 2.445522e-41 9.450622e-19 1.810371e-17 1.910608e-20 1.600000e-04 1.700000e-06 5.209272e-15 3.200000e-04 1.605286e-22 1.808893e-18 1.450000e-05 4.317106e-18 3.532478e-14 7.400000e-05
3.443655e+02 1.245467e+06 1.198113e+00 9.910477e-08 4.671942e-36 3.819362e-34 8.358039e-48 3.130019e-14 5.568620e-50 3.288223e-11 9.999999e-01 1.344651e-40 9.509892e-19 9.584224e-18 9.960291e-21 1.600000e-04 1.700000e-06 8.219506e-15 3.200000e-04 1.988695e-19 5.142842e-18 1.450000e-05 4.691781e-16 5.390437e-14 7.400000e-05
3.451229e+02 1.171586e+06 1.198023e+00 9.899959e-08 4.952467e-36 8.264146e-34 2.245152e-47 1.610231e-14 2.954104e-50 3.326702e-11 9.999999e-01 6.668347e-40 9.564821e-19 5.417234e-18 5.389065e-21 1.600000e-04 1.700000e-06 1.335719e-14 3.200000e-04 8.180309e-20 1.216603e-17 1.450000e-05 2.234512e-16 7.838704e-14 7.400000e-05
3.458183e+02 1.102133e+06 1.197929e+00 9.889866e-08 5.112681e-36 1.060212e-33 2.950779e-47 8.546306e-15 1.559681e-50 3.365030e-11 9.999999e-01 3.000540e-39 9.615777e-19 3.685354e-18 3.432279e-21 1.600000e-04 1.700000e-06 2.170264e-14 3.200000e-04 3.437434e-20 2.926873e-17 1.450000e-05 1.116108e-16 1.123117e-13 7.400000e-05
3.464581e+02 1.036861e+06 1.197839e+00 9.880144e-08 1.189592e-35 1.191257e-33 3.835330e-47 4.941928e-15 2.009851e-50 3.403333e-11 9.999999e-01 1.231689e-38 9.663153e-19 5.850353e-16 6.456730e-19 1.600000e-04 1.700000e-06 3.802824e-14 3.200000e-04 1.680485e-20 6.999682e-17 1.450000e-05 6.357863e-17 1.621421e-13 7.400000e-05
3.470502e+02 9.755816e+05 1.197752e+00 9.870714e-08 2.450958e-35 1.277097e-33 4.717148e-47 3.460192e-15 2.805059e-50 3.441858e-11 9.999999e-01 4.632127e-38 9.707438e-19 3.079249e-16 3.448417e-19 1.600000e-04 1.700000e-06 6.278596e-14 3.200000e-04 4.119275e-18 1.695045e-16 1.450000e-05 4.772574e-17 2.293230e-13 7.400000e-05
3.476019e+02 9.180666e+05 1.197673e+00 9.861491e-08 3.074994e-35 1.351119e-33 5.691497e-47 3.248469e-15 3.184256e-50 3.480924e-11 9.999999e-01 1.604117e-37 9.749132e-19 1.673072e-16 1.955667e-19 1.600000e-04 1.700000e-06 1.101114e-13 3.200000e-04 1.665394e-18 3.630722e-16 1.450000e-05 2.920219e-15 3.374907e-13 7.400000e-05
3.481200e+02 8.640527e+05 1.197600e+00 9.852393e-08 3.407174e-35 5.947596e-33 6.924602e-46 1.558646e-13 1.636325e-48 3.520866e-11 9.999999e-01 5.142634e-37 9.788679e-19 9.991570e-17 1.379393e-19 1.600000e-04 1.700000e-06 1.955496e-13 3.200000e-04 7.071774e-19 7.762688e-16 1.450000e-05 1.434823e-15 4.710568e-13 7.400000e-05
3.486086e+02 8.132690e+05 1.197534e+00 9.843368e-08 3.621465e-35 8.469301e-33 1.035353e-45 8.398364e-14 9.035535e-49 3.561935e-11 9.999999e-01 1.535233e-36 9.826371e-19 7.669937e-17 1.008967e-16 1.600000e-04 1.700000e-06 3.614540e-13 3.200000e-04 3.858180e-19 1.644832e-15 1.450000e-05 7.583971e-16 6.789725e-13 7.400000e-05
3.490696e+02 7.654461e+05 1.197479e+00 9.834403e-08 2.640472e-34 9.930360e-33 2.347763e-45 4.862267e-14 3.660329e-48 3.604220e-11 9.999999e-01 4.293183e-36 9.862312e-19 1.257210e-14 5.442885e-17 1.600000e-04 1.700000e-06 7.084099e-13 3.200000e-04 2.117094e-18 3.377127e-15 1.450000e-05 4.808761e-16 9.866782e-13 7.400000e-05
3.495027e+02 7.203548e+05 1.197419e+00 9.825528e-08 4.595218e-34 1.088114e-32 3.561405e-45 3.274882e-14 4.147894e-48 3.647619e-11 9.999999e-01 1.130281e-35 9.896434e-19 6.873728e-15 2.992845e-17 1.600000e-04 1.700000e-06 1.333224e-12 3.200000e-04 1.374944e-18 6.806964e-15 1.450000e-05 4.245568e-16 1.475445e-12 7.400000e-05
3.499059e+02 6.777950e+05 1.197356e+00 9.816813e-08 5.612327e-34 1.163689e-32 4.735766e-45 2.780223e-14 4.146208e-48 3.691836e-11 9.999999e-01 2.814112e-35 9.928553e-19 3.959879e-15 1.747482e-17 1.600000e-04 1.700000e-06 2.616793e-12 3.200000e-04 5.915926e-16 1.503396e-14 1.450000e-05 3.106872e-14 2.338908e-12 7.400000e-05
3.502771e+02 6.376358e+05 1.197290e+00 9.808340e-08 6.197914e-34 1.542083e-32 1.085659e-44 1.829694e-13 2.910953e-47 3.736455e-11 9.999999e-01 6.647269e-35 9.958447e-19 2.684317e-15 1.232030e-17 1.600000e-04 1.700000e-06 5.333012e-12 3.200000e-04 2.331760e-16 2.629782e-14 1.450000e-05 1.584676e-14 3.550420e-12 7.400000e-05
3.506159e+02 5.998010e+05 1.197223e+00 9.800167e-08 2.401898e-33 1.902127e-32 3.762560e-44 1.184048e-13 6.969503e-47 3.781177e-11 9.999998e-01 1.492375e-34 9.986034e-19 3.090865e-13 1.773321e-15 1.600000e-04 1.700000e-06 1.195955e-11 3.200000e-04 9.603272e-17 4.865221e-14 1.450000e-05 8.846916e-15 5.615612e-12 7.399999e-05
3.509245e+02 5.642681e+05 1.197160e+00 9.792296e-08 5.820560e-33 2.165793e-32 6.587106e-44 9.400014e-14 1.301707e-46 3.825965e-11 9.999998e-01 3.187937e-34 1.001142e-18 1.756047e-13 9.962143e-16 1.600000e-04 1.700000e-06 2.439323e-11 3.200000e-04 4.838118e-17 9.018628e-14 1.450000e-05 6.216487e-15 9.143843e-12 7.399999e-05
3.512073e+02 5.309652e+05 1.197101e+00 9.784663e-08 7.646685e-33 3.076202e-32 2.034371e-43 8.444898e-13 1.466449e-45 3.871187e-11 9.999998e-01 6.486163e-34 1.003495e-18 1.060826e-13 5.841080e-16 1.600000e-04 1.700000e-06 5.296630e-11 3.199999e-04 2.579489e-15 1.743744e-13 1.450000e-05 3.288921e-14 1.535588e-11 7.399998e-05
3.514690e+02 4.997617e+05 1.197049e+00 9.777185e-08 8.773415e-33 4.712231e-32 4.624226e-43 5.181665e-13 1.009264e-45 3.917352e-11 9.999998e-01 1.260235e-33 1.005695e-18 7.767704e-14 3.858026e-16 1.600000e-04 1.700000e-06 1.175830e-10 3.199999e-04 1.047223e-15 3.059166e-13 1.450000e-05 2.307668e-14 2.589541e-11 7.399997e-05
3.517132e+02 4.704928e+05 1.197005e+00 9.769804e-08 3.947923e-32 5.842426e-32 1.381781e-42 3.749066e-13 3.152453e-45 3.964896e-11 9.999998e-01 2.346726e-33 1.007769e-18 3.411188e-12 3.325828e-16 1.600000e-04 1.700000e-06 2.808219e-10 3.199997e-04 4.990748e-16 5.549511e-13 1.450000e-05 1.134295e-13 4.531265e-11 7.399995e-05
3.519407e+02 4.429660e+05 1.196963e+00 9.762519e-08 6.795250e-32 6.817924e-32 2.293892e-42 3.457839e-13 4.841063e-45 4.013902e-11 9.999998e-01 4.204364e-33 1.009724e-18 2.113825e-12 6.090028e-14 1.600000e-04 1.700000e-06 6.377465e-10 3.199994e-04 3.802281e-16 1.007094e-12 1.450000e-05 8.311831e-14 7.932946e-11 7.399992e-05
3.521506e+02 4.170334e+05 1.196914e+00 9.755403e-08 8.572629e-32 9.933903e-32 5.896914e-42 9.900295e-13 1.691269e-44 4.063970e-11 9.999997e-01 7.271951e-33 1.011547e-18 1.553823e-12 3.546803e-14 1.600000e-04 1.700000e-06 1.535327e-09 3.199985e-04 2.955854e-14 1.973147e-12 1.450000e-05 2.097136e-12 1.510674e-10 7.399985e-05
3.523404e+02 3.925561e+05 1.196859e+00 9.748589e-08 3.923616e-31 1.244859e-31 2.347582e-41 8.818540e-13 6.613843e-44 4.114203e-11 9.999997e-01 1.217535e-32 1.013214e-18 4.501125e-11 2.132735e-14 1.600000e-04 1.700000e-06 3.862656e-09 3.199961e-04 1.237715e-14 3.519592e-12 1.450000e-05 1.227931e-12 2.677241e-10 7.399973e-05
3.525068e+02 3.694262e+05 1.196794e+00 9.742257e-08 6.741580e-31 5.469988e-31 3.417256e-40 2.120654e-11 2.654272e-42 4.163194e-11 9.999997e-01 1.977392e-32 1.014691e-18 2.984494e-11 1.377068e-14 1.600000e-04 1.700000e-06 9.498079e-09 3.199905e-04 6.503864e-15 6.759098e-12 1.449999e-05 8.761871e-13 5.045742e-10 7.399949e-05
3.526475e+02 3.475598e+05 1.196703e+00 9.736583e-08 8.524474e-31 9.253751e-31 6.751487e-40 1.276487e-11 1.952096e-42 4.209365e-11 9.999996e-01 3.120181e-32 1.015953e-18 2.490489e-11 1.028263e-14 1.600000e-04 1.700000e-06 2.343108e-08 3.199760e-04 4.907954e-13 1.505896e-11 1.449998e-05 6.496217e-12 9.895763e-10 7.399900e-05
3.527618e+02 3.268981e+05 1.196565e+00 9.731697e-08 3.234393e-30 1.142098e-30 1.694726e-39 8.656877e-12 4.824336e-42 4.251290e-11 9.999996e-01 4.788275e-32 1.016987e-18 3.721479e-10 9.638313e-15 1.600000e-04 1.700000e-06 6.001659e-08 3.199396e-04 2.046147e-13 2.792432e-11 1.449997e-05 4.650218e-12 1.953344e-09 7.399804e-05
3.528523e+02 3.074355e+05 1.196273e+00 9.727587e-08 4.586472e-30 1.287825e-30 2.259906e-39 7.345177e-12 5.606239e-42 4.288545e-11 9.999995e-01 7.149353e-32 1.017813e-18 2.889368e-10 1.354835e-13 1.600000e-04 1.700000e-06 1.401159e-07 3.198596e-04 1.006095e-13 5.687735e-11 1.449994e-05 1.812216e-11 3.994601e-09 7.399599e-05
3.529238e+02 2.891365e+05 1.196028e+00 9.724142e-08 9.341441e-30 1.783164e-30 7.299909e-39 3.926502e-11 5.875316e-41 4.321662e-11 9.999995e-01 1.039680e-31 1.018471e-18 1.922777e-09 9.109277e-14 1.600000e-04 1.700000e-06 3.192498e-07 3.196788e-04 8.265588e-13 1.274148e-10 1.449987e-05 1.581277e-11 8.291822e-09 7.399145e-05
3.529822e+02 2.719922e+05 1.195815e+00 9.721159e-08 1.389921e-29 2.260292e-30 1.196339e-38 3.012013e-11 6.492993e-41 4.352110e-11 9.999994e-01 1.473627e-31 1.019010e-18 1.594301e-09 6.890782e-14 1.600000e-04 1.700000e-06 6.384581e-07 3.193599e-04 4.457849e-13 2.768508e-10 1.449972e-05 1.631093e-10 1.811252e-08 7.398172e-05
3.530320e+02 2.559377e+05 1.195627e+00 9.718460e-08 2.592227e-29 2.839153e-30 2.714873e-38 6.896889e-11 2.601185e-40 4.381506e-11 9.999993e-01 2.039357e-31 1.019472e-18 6.957007e-09 6.186937e-14 1.599999e-04 1.700000e-06 1.206965e-06 3.187861e-04 1.754162e-11 7.127011e-10 1.449927e-05 1.294478e-10 3.830363e-08 7.396157e-05
3.530764e+02 2.408961e+05 1.195477e+00 9.715900e-08 3.867061e-29 3.695162e-30 4.683885e-38 6.417449e-11 3.575217e-40 4.411228e-11 9.999992e-01 2.761255e-31 1.019887e-18 6.198320e-09 3.932553e-13 1.599998e-04 1.700000e-06 2.052326e-06 3.179415e-04 8.176362e-12 1.496115e-09 1.449850e-05 1.000045e-09 8.647822e-08 7.391252e-05
3.531174e+02 2.267855e+05 1.195276e+00 9.713398e-08 7.037119e-29 6.239454e-30 1.652076e-37 1.789916e-10 1.749136e-39 4.442436e-11 9.999991e-01 3.664285e-31 1.020272e-18 2.256116e-08 2.911186e-13 1.599998e-04 1.700000e-06 3.400309e-06 3.165771e-04 5.253978e-12 3.396723e-09 1.449660e-05 8.172687e-10 1.830164e-07 7.381617e-05
3.531559e+02 2.135211e+05 1.195095e+00 9.710912e-08 1.059552e-28 1.100418e-29 4.278898e-37 6.877668e-10 9.467787e-39 4.475633e-11 9.999990e-01 4.774800e-31 1.020634e-18 2.091741e-08 2.470583e-13 1.599993e-04 1.700000e-06 5.255760e-06 3.147233e-04 1.017529e-10 8.115006e-09 1.449178e-05 4.740389e-09 4.061800e-07 7.358908e-05
3.531921e+02 2.010350e+05 1.194980e+00 9.708426e-08 1.743911e-28 1.944850e-29 1.234268e-36 5.784755e-10 1.308478e-38 4.511553e-11 9.999988e-01 6.119026e-31 1.020977e-18 5.471436e-08 1.155383e-12 1.599994e-04 1.699999e-06 8.068608e-06 3.118767e-04 5.670645e-11 1.652017e-08 1.448342e-05 4.213932e-09 8.149628e-07 7.317337e-05
3.532264e+02 1.892942e+05 1.194714e+00 9.705939e-08 2.527993e-28 3.221545e-29 2.637761e-36 1.026608e-09 3.257232e-38 4.550204e-11 9.999987e-01 7.720624e-31 1.021303e-18 5.444736e-08 8.983846e-13 1.599990e-04 1.699999e-06 1.179103e-05 3.080969e-04 1.530866e-10 3.293959e-08 1.446691e-05 1.025475e-08 1.584358e-06 7.240241e-05
3.532588e+02 1.782354e+05 1.194455e+00 9.703444e-08 3.988160e-28 8.048055e-29 1.082488e-35 4.134345e-09 2.003396e-37 4.592537e-11 9.999985e-01 9.602022e-31 1.021613e-18 1.071785e-07 8.121809e-13 1.599959e-04 1.699999e-06 1.706614e-05 3.028267e-04 1.232697e-10 5.892401e-08 1.444034e-05 2.242484e-08 2.804252e-06 7.117332e-05
3.532897e+02 1.678183e+05 1.194241e+00 9.700925e-08 6.093167e-28 1.405964e-28 2.606449e-35 3.868697e-09 2.759425e-37 4.639173e-11 9.999982e-01 1.178381e-30 1.021910e-18 1.925644e-07 4.287749e-12 1.599909e-04 1.699996e-06 2.400993e-05 2.957975e-04 4.533654e-10 1.006060e-07 1.439894e-05 4.976360e-08 4.550274e-06 6.939996e-05
3.533194e+02 1.580077e+05 1.194007e+00 9.698361e-08 8.874607e-28 2.785271e-28 6.883423e-35 8.433546e-09 8.481240e-37 4.690833e-11 9.999979e-01 1.428535e-30 1.022196e-18 2.466245e-07 3.493099e-12 1.599840e-04 1.699997e-06 3.263280e-05 2.869712e-04 4.041445e-10 1.570392e-07 1.434070e-05 9.864117e-08 6.697145e-06 6.720421e-05
3.533481e+02 1.487785e+05 1.193576e+00 9.695740e-08 1.349278e-27 5.466909e-28 1.897448e-34 1.589874e-08 2.347536e-36 4.749291e-11 9.999976e-01 1.712360e-30 1.022475e-18 3.995498e-07 3.382456e-12 1.599351e-04 1.699970e-06 4.351625e-05 2.759006e-04 1.457263e-09 2.447052e-07 1.425384e-05 1.120328e-07 9.133883e-06 6.472488e-05
3.533758e+02 1.400811e+05 1.193058e+00 9.693064e-08 2.041082e-27 1.580092e-27 8.326716e-34 5.489928e-08 1.189003e-35 4.815184e-11 9.999971e-01 2.031265e-30 1.022745e-18 6.813335e-07 2.269344e-11 1.599451e-04 1.699977e-06 5.648823e-05 2.627352e-04 1.279109e-09 3.556368e-07 1.414308e-05 2.146253e-07 1.202764e-05 6.175774e-05
3.534023e+02 1.318931e+05 1.192304e+00 9.690355e-08 3.019067e-27 2.916057e-27 2.024188e-33 7.849424e-08 2.424074e-35 4.889625e-11 9.999966e-01 2.386630e-30 1.023004e-18 1.037179e-06 1.911689e-11 1.597425e-04 1.699981e-06 7.123730e-05 2.475644e-04 5.044760e-09 5.373285e-07 1.395763e-05 3.039582e-07 1.521947e-05 5.847657e-05
3.534273e+02 1.241786e+05 1.191306e+00 9.687651e-08 4.425188e-27 7.516833e-27 7.320620e-33 2.298662e-07 1.009702e-34 4.972863e-11 9.999959e-01 2.779847e-30 1.023250e-18 1.576375e-06 5.649266e-11 1.597701e-04 1.699944e-06 8.748325e-05 2.307326e-04 4.143215e-09 7.429547e-07 1.375290e-05 3.934424e-07 1.867693e-05 5.481269e-05
3.534504e+02 1.169183e+05 1.189897e+00 9.685001e-08 6.367924e-27 1.591466e-26 2.046296e-32 5.069213e-07 3.098572e-34 5.065029e-11 9.999951e-01 3.211403e-30 1.023480e-18 2.317048e-06 5.185580e-11 1.594931e-04 1.699948e-06 1.045410e-04 2.128464e-04 9.084137e-09 1.049454e-06 1.344146e-05 6.376339e-07 2.249688e-05 5.082679e-05
3.534717e+02 1.101092e+05 1.187829e+00 9.682436e-08 8.969347e-27 3.129789e-26 5.170870e-32 8.791498e-07 7.330904e-34 5.166363e-11 9.999941e-01 3.681372e-30 1.023690e-18 3.329383e-06 3.458257e-10 1.589588e-04 1.699654e-06 1.216562e-04 1.946196e-04 8.534021e-09 1.411647e-06 1.307982e-05 8.829400e-07 2.639418e-05 4.661542e-05
3.534912e+02 1.037555e+05 1.184663e+00 9.679951e-08 1.238497e-26 5.781064e-26 1.199603e-31 1.422571e-06 1.586924e-33 5.278655e-11 9.999929e-01 4.190234e-30 1.023884e-18 4.658860e-06 2.969484e-10 1.578457e-04 1.699703e-06 1.382022e-04 1.766270e-04 1.585598e-08 1.898414e-06 1.258573e-05 1.244940e-06 3.032310e-05 4.229267e-05
3.535094e+02 9.782959e+04 1.180308e+00 9.677507e-08 1.685202e-26 1.058273e-25 2.730801e-31 2.534827e-06 3.711660e-33 5.405670e-11 9.999914e-01 4.740815e-30 1.024064e-18 6.361866e-06 1.048433e-09 1.572110e-04 1.698952e-06 1.537390e-04 1.592493e-04 2.011350e-08 2.440750e-06 1.203914e-05 1.716423e-06 3.415085e-05 3.795182e-05
3.535267e+02 9.232572e+04 1.174216e+00 9.675063e-08 2.271038e-26 1.784860e-25 5.619821e-31 3.597178e-06 6.938661e-33 5.552681e-11 9.999895e-01 5.339916e-30 1.024235e-18 8.494976e-06 9.562032e-10 1.558995e-04 1.699044e-06 1.679248e-04 1.427754e-04 2.726635e-08 3.083916e-06 1.138659e-05 2.321162e-06 3.776050e-05 3.368873e-05
3.535435e+02 8.722091e+04 1.166205e+00 9.672579e-08 3.044353e-26 2.874790e-25 1.094364e-30 4.955534e-06 1.249557e-32 5.726593e-11 9.999872e-01 5.997320e-30 1.024399e-18 1.110930e-05 3.061467e-09 1.545882e-04 1.696939e-06 1.805094e-04 1.274061e-04 3.777366e-08 3.794519e-06 1.065763e-05 3.080816e-06 4.104318e-05 2.959060e-05
3.535600e+02 8.248935e+04 1.156058e+00 9.670024e-08 4.070873e-26 4.441266e-25 2.029246e-30 6.433499e-06 2.123943e-32 5.935825e-11 9.999843e-01 6.728212e-30 1.024559e-18 1.424214e-05 2.963915e-09 1.530344e-04 1.691741e-06 1.913066e-04 1.132952e-04 5.586483e-08 4.578588e-06 9.865548e-06 4.014427e-06 4.389996e-05 2.573801e-05
3.535764e+02 7.808411e+04 1.144493e+00 9.667372e-08 5.441214e-26 6.656405e-25 3.631203e-30 8.106934e-06 3.508751e-32 6.190944e-11 9.999808e-01 7.551829e-30 1.024715e-18 1.791728e-05 7.097913e-09 1.512899e-04 1.692902e-06 2.002220e-04 1.005195e-04 7.801912e-08 5.402629e-06 9.019352e-06 5.138655e-06 4.625605e-05 2.219035e-05
3.535930e+02 7.395189e+04 1.132621e+00 9.664585e-08 7.291650e-26 9.781776e-25 6.350752e-30 1.003275e-05 5.714410e-32 6.507162e-11 9.999764e-01 8.494417e-30 1.024870e-18 2.214973e-05 1.692003e-08 1.492654e-04 1.683080e-06 2.072791e-04 8.903482e-05 1.014673e-07 6.235329e-06 8.152744e-06 6.469162e-06 4.807174e-05 1.896952e-05
3.536101e+02 7.002779e+04 1.121832e+00 9.661612e-08 9.831254e-26 1.423725e-24 1.098998e-29 1.227061e-05 9.250629e-32 6.906511e-11 9.999708e-01 9.589330e-30 1.025026e-18 2.696653e-05 1.506801e-08 1.469043e-04 1.684932e-06 2.125553e-04 7.873588e-05 1.367493e-07 7.080775e-06 7.273299e-06 8.026791e-06 4.932644e-05 1.607390e-05
3.536279e+02 6.628304e+04 1.112865e+00 9.658383e-08 1.339905e-25 2.072017e-24 1.903923e-29 1.492225e-05 1.502705e-31 7.422630e-11 9.999637e-01 1.088891e-29 1.025182e-18 3.240545e-05 1.707303e-08 1.440958e-04 1.669413e-06 2.161486e-04 6.948335e-05 1.769269e-07 7.922436e-06 6.381917e-06 9.838327e-06 5.000886e-05 1.348632e-05
3.536467e+02 6.267923e+04 1.106436e+00 9.654818e-08 1.854834e-25 3.038371e-24 3.331653e-29 1.808594e-05 2.465736e-31 8.104116e-11 9.999544e-01 1.247611e-29 1.025341e-18 3.849980e-05 2.651141e-08 1.407423e-04 1.673489e-06 2.181450e-04 6.117030e-05 2.339088e-07 8.749808e-06 5.497071e-06 1.192903e-05 5.010964e-05 1.119404e-05
3.536668e+02 5.921895e+04 1.102203e+00 9.650842e-08 2.619156e-25 4.512781e-24 5.918148e-29 2.186731e-05 4.107449e-31 9.019045e-11 9.999423e-01 1.447246e-29 1.025501e-18 4.523472e-05 3.092023e-08 1.367358e-04 1.669080e-06 2.186354e-04 5.373368e-05 3.028922e-07 9.531069e-06 4.640280e-06 1.430845e-05 4.962987e-05 9.191185e-06
3.536883e+02 5.590516e+04 1.099535e+00 9.646389e-08 3.787096e-25 6.809296e-24 1.069410e-28 2.636107e-05 6.970201e-31 1.026072e-10 9.999263e-01 1.705594e-29 1.025661e-18 5.254910e-05 3.912807e-08 1.319962e-04 1.660872e-06 2.177529e-04 4.713224e-05 3.906155e-07 1.024054e-05 3.836246e-06 1.696506e-05 4.859784e-05 7.472023e-06
3.537111e+02 5.275030e+04 1.097877e+00 9.641402e-08 5.625739e-25 1.044836e-23 1.965729e-28 3.162389e-05 1.207754e-30 1.195566e-10 9.999051e-01 2.047867e-29 1.025817e-18 6.030026e-05 3.845014e-08 1.264729e-04 1.653607e-06 2.156879e-04 4.132742e-05 4.998293e-07 1.085199e-05 3.107441e-06 1.985290e-05 4.707714e-05 6.024948e-06
3.537354e+02 4.975270e+04 1.096836e+00 9.635838e-08 8.609685e-25 1.629607e-23 3.674662e-28 3.767304e-05 2.139368e-30 1.427591e-10 9.998771e-01 2.509052e-29 1.025967e-18 6.831913e-05 4.507447e-08 1.201751e-04 1.651796e-06 2.126812e-04 3.626325e-05 6.341699e-07 1.134566e-05 2.470127e-06 2.290387e-05 4.516560e-05 4.828471e-06
3.537610e+02 4.691268e+04 1.096055e+00 9.629672e-08 1.358796e-24 2.577435e-23 6.975292e-28 4.445410e-05 3.869534e-30 1.745091e-10 9.998397e-01 3.136143e-29 1.026104e-18 7.640001e-05 5.521304e-08 1.131738e-04 1.644787e-06 2.089971e-04 3.187590e-05 7.971288e-07 1.171035e-05 1.932014e-06 2.602539e-05 4.298493e-05 3.854950e-06
3.537878e+02 4.422937e+04 1.095171e+00 9.622895e-08 2.209559e-24 4.118994e-23 1.341862e-27 5.184884e-05 7.127940e-30 2.178834e-10 9.997895e-01 3.993821e-29 1.026226e-18 8.436434e-05 5.915294e-08 1.056171e-04 1.640847e-06 2.048886e-04 2.808839e-05 9.919552e-07 1.194402e-05 1.492098e-06 2.912093e-05 4.066434e-05 3.072133e-06
3.538155e+02 4.169682e+04 1.094032e+00 9.615522e-08 3.689835e-24 6.618497e-23 2.606709e-27 5.965078e-05 1.330529e-29 2.769201e-10 9.997219e-01 5.167508e-29 1.026324e-18 9.205279e-05 6.315617e-08 9.772918e-05 1.632093e-06 2.005753e-04 2.481882e-05 1.220806e-06 1.205248e-05 1.142904e-06 3.209377e-05 3.832684e-05 2.447779e-06
3.538438e+02 3.931431e+04 1.092149e+00 9.607611e-08 6.287080e-24 1.062335e-22 5.080036e-27 6.759006e-05 2.497196e-29 3.566765e-10 9.996309e-01 6.768033e-29 1.026389e-18 9.936034e-05 7.066280e-08 8.979972e-05 1.629337e-06 1.962271e-04 2.199009e-05 1.483854e-06 1.204799e-05 8.730489e-07 3.486020e-05 3.607959e-05 1.952637e-06
3.538723e+02 3.707879e+04 1.089082e+00 9.599254e-08 1.084169e-23 1.691711e-22 9.851234e-27 7.535732e-05 4.673277e-29 4.632791e-10 9.995091e-01 8.934461e-29 1.026408e-18 1.062280e-04 7.612646e-08 8.213090e-05 1.623143e-06 1.919494e-04 1.952875e-05 1.778143e-06 1.194807e-05 6.689194e-07 3.735655e-05 3.400133e-05 1.560826e-06
3.539006e+02 3.498841e+04 1.084473e+00 9.590565e-08 1.876630e-23 2.656953e-22 1.886014e-26 8.266875e-05 8.652889e-29 6.039173e-10 9.993480e-01 1.183780e-28 1.026363e-18 1.126708e-04 8.061755e-08 7.499250e-05 1.616248e-06 1.877780e-04 1.736515e-05 2.097177e-06 1.177438e-05 5.167476e-07 3.955038e-05 3.213684e-05 1.250109e-06
3.539284e+02 3.308664e+04 1.075690e+00 9.581577e-08 3.247769e-23 4.104960e-22 3.554485e-26 8.931682e-05 1.584048e-28 7.881532e-10 9.991320e-01 1.571053e-28 1.026224e-18 1.187724e-04 8.699803e-08 6.855010e-05 1.613002e-06 1.836635e-04 1.542698e-05 2.431584e-06 1.154945e-05 4.035565e-07 4.144699e-05 3.048976e-05 1.001091e-06
3.539558e+02 3.134805e+04 1.062634e+00 9.572302e-08 5.614986e-23 6.235244e-22 6.594390e-26 9.519641e-05 2.870671e-28 1.028775e-09 9.988445e-01 2.087515e-28 1.025942e-18 1.246838e-04 9.004482e-08 6.287617e-05 1.607163e-06 1.795022e-04 1.365240e-05 2.771161e-06 1.129346e-05 3.188281e-07 4.307674e-05 2.904026e-05 7.988424e-07
3.539831e+02 2.978072e+04 1.045167e+00 9.562492e-08 9.782191e-23 9.366548e-22 1.217849e-25 1.003357e-04 5.215646e-28 1.348492e-09 9.984456e-01 2.785600e-28 1.025422e-18 1.306374e-04 9.572255e-08 5.789910e-05 1.603177e-06 1.750811e-04 1.196781e-05 3.110117e-06 1.101916e-05 2.537275e-07 4.450163e-05 2.773581e-05 6.301288e-07
3.540112e+02 2.835366e+04 1.026098e+00 9.551506e-08 1.758484e-22 1.412076e-21 2.295775e-25 1.049267e-04 9.729001e-28 1.796764e-09 9.978567e-01 3.927585e-28 1.024425e-18 1.375663e-04 1.025925e-07 5.343275e-05 1.596072e-06 1.699859e-04 1.027376e-05 3.461168e-06 1.072837e-05 2.011582e-07 4.581716e-05 2.649278e-05 4.829421e-07
3.540418e+02 2.698704e+04 1.010273e+00 9.538294e-08 3.411566e-22 2.189474e-21 4.561895e-25 1.092776e-04 1.949115e-27 2.482424e-09 9.969616e-01 5.654172e-28 1.022449e-18 1.462628e-04 1.135181e-07 4.925513e-05 1.585141e-06 1.634337e-04 8.442445e-06 3.845687e-06 1.041247e-05 1.558026e-07 4.715341e-05 2.519907e-05 3.475040e-07
3.540759e+02 2.561975e+04 1.000647e+00 9.521952e-08 7.340816e-22 3.543769e-21 9.968299e-25 1.132875e-04 4.285162e-27 3.583781e-09 9.956417e-01 8.180112e-28 1.019004e-18 1.568264e-04 1.306873e-07 4.525945e-05 1.566840e-06 1.543529e-04 6.430773e-06 4.239954e-06 1.006387e-05 1.154419e-07 4.860324e-05 2.374257e-05 2.245976e-07
3.541133e+02 2.426016e+04 9.957629e-01 9.502536e-08 1.717542e-21 5.921606e-21 2.394363e-24 1.168645e-04 1.013202e-26 5.304900e-09 9.938790e-01 1.207494e-27 1.014575e-18 1.704444e-04 1.566166e-07 4.151926e-05 1.539659e-06 1.418945e-04 4.405220e-06 4.646547e-06 9.688000e-06 8.075923e-08 5.020964e-05 2.206142e-05 1.258745e-07
3.541527e+02 2.294765e+04 9.927545e-01 9.480839e-08 4.136078e-21 9.940426e-21 6.056706e-24 1.199334e-04 2.446186e-26 7.805556e-09 9.917439e-01 1.779915e-27 1.011660e-18 1.870997e-04 1.917037e-07 3.814132e-05 1.503607e-06 1.260361e-04 2.666679e-06 5.055607e-06 9.298454e-06 5.310642e-08 5.196663e-05 2.015938e-05 6.040172e-08
3.541937e+02 2.170555e+04 9.900743e-01 9.457350e-08 9.817558e-21 1.644923e-20 1.549696e-23 1.225050e-04 5.791781e-26 1.123221e-08 9.892829e-01 2.579982e-27 1.014469e-18 2.058710e-04 2.357054e-07 3.512036e-05 1.458762e-06 1.074590e-04 1.407967e-06 5.459752e-06 8.902110e-06 3.261044e-08 5.386223e-05 1.806143e-05 2.468240e-08
3.542365e+02 2.053869e+04 9.872093e-01 9.432033e-08 2.255356e-20 2.665172e-20 3.921944e-23 1.246363e-04 1.322712e-25 1.577938e-08 9.864903e-01 3.679038e-27 1.028420e-18 2.255100e-04 2.886425e-07 3.238319e-05 1.404689e-06 8.726875e-05 6.373801e-07 5.859748e-06 8.498562e-06 1.845968e-08 5.588651e-05 1.579578e-05 8.503623e-09
3.542819e+02 1.944546e+04 9.839671e-01 9.404251e-08 5.039331e-20 4.244999e-20 9.803057e-23 1.263965e-04 2.931535e-25 2.179006e-08 9.832916e-01 5.228306e-27 1.060589e-18 2.450829e-04 3.515803e-07 2.982441e-05 1.339963e-06 6.664736e-05 2.390098e-07 6.265043e-06 8.080525e-06 9.385801e-09 5.803858e-05 1.337644e-05 2.394517e-09
3.543311e+02 1.841947e+04 9.802707e-01 9.373368e-08 1.098980e-19 6.655706e-20 2.418310e-22 1.278165e-04 6.329373e-25 2.972503e-08 9.796238e-01 7.480927e-27 1.119947e-18 2.629415e-04 4.239947e-07 2.737290e-05 1.264558e-06 4.711765e-05 7.138305e-08 6.680256e-06 7.643237e-06 4.161042e-09 6.027445e-05 1.085652e-05 5.329396e-10
3.543841e+02 1.745916e+04 9.760857e-01 9.339122e-08 2.322562e-19 1.022463e-19 5.823433e-22 1.288841e-04 1.322249e-24 4.005038e-08 9.754644e-01 1.079556e-26 1.215642e-18 2.778046e-04 5.043090e-07 2.500837e-05 1.179003e-06 3.044005e-05 1.663592e-08 7.102387e-06 7.189139e-06 1.576945e-09 6.247082e-05 8.365846e-06 9.309533e-11
3.544425e+02 1.655970e+04 9.713112e-01 9.300506e-08 4.801565e-19 1.544915e-19 1.378034e-21 1.295919e-04 2.698110e-24 5.358580e-08 9.707117e-01 1.585396e-26 1.358338e-18 2.891311e-04 5.933674e-07 2.267732e-05 1.083632e-06 1.753269e-05 2.868809e-09 7.535767e-06 6.712943e-06 4.892907e-10 6.450332e-05 6.016603e-06 1.218660e-11
3.545075e+02 1.571588e+04 9.658462e-01 9.256420e-08 9.769512e-19 2.297759e-19 3.219586e-21 1.299054e-04 5.409403e-24 7.143875e-08 9.652644e-01 2.376964e-26 1.557916e-18 2.965185e-04 6.914485e-07 2.034930e-05 9.801142e-07 8.727773e-06 3.447328e-10 7.979903e-06 6.211523e-06 1.182045e-10 6.620287e-05 3.950910e-06 1.135734e-12
3.545808e+02 1.492238e+04 9.595632e-01 9.205563e-08 1.966898e-18 3.361405e-19 7.458438e-21 1.297671e-04 1.069456e-23 9.513540e-08 9.589957e-01 3.687209e-26 1.821421e-18 3.000596e-04 8.000424e-07 1.800990e-05 8.702970e-07 3.608951e-06 2.687066e-11 8.430656e-06 5.683103e-06 2.092331e-11 6.739083e-05 2.302300e-06 7.085048e-14
3.546643e+02 1.417590e+04 9.522976e-01 9.146435e-08 3.937076e-18 4.825068e-19 1.719033e-20 1.290968e-04 2.095355e-23 1.267633e-07 9.517426e-01 5.838506e-26 2.150505e-18 3.002752e-04 9.149809e-07 1.566275e-05 7.575427e-07 1.180322e-06 1.251523e-12 8.879194e-06 5.128209e-06 2.527920e-12 6.793176e-05 1.148114e-06 2.757851e-15
3.547600e+02 1.347416e+04 9.438502e-01 9.077366e-08 7.865934e-18 6.770747e-19 3.950489e-20 1.277959e-04 4.084807e-23 1.691491e-07 9.433074e-01 9.299571e-26 2.540469e-18 2.981609e-04 1.031804e-06 1.333109e-05 6.451624e-07 2.880718e-07 3.183945e-14 9.310947e-06 4.550762e-06 1.925853e-13 6.779055e-05 4.684834e-07 6.210827e-17
3.548703e+02 1.281544e+04 9.339867e-01 8.996412e-08 1.574929e-17 9.254153e-19 9.073362e-20 1.257501e-04 7.951458e-23 2.261915e-07 9.334569e-01 1.469761e-25 2.983874e-18 2.946550e-04 1.144294e-06 1.105308e-05 5.372296e-07 4.891759e-08 3.978605e-16 9.705896e-06 3.957796e-06 8.438367e-15 6.704974e-05 1.479141e-07 7.397395e-19
3.549978e+02 1.219706e+04 9.224933e-01 8.901704e-08 3.161832e-17 1.227431e-18 2.080967e-19 1.228493e-04 1.544670e-22 3.029283e-07 9.219775e-01 2.299627e-25 3.473900e-18 2.902835e-04 1.247711e-06 8.887384e-06 4.375238e-07 5.389178e-09 2.253215e-18 1.003737e-05 3.362072e-06 1.972673e-16 6.586460e-05 3.401059e-08 4.382542e-21
3.551455e+02 1.161703e+04 9.091173e-01 8.790990e-08 6.373704e-17 1.579025e-18 4.767295e-19 1.189871e-04 2.995377e-22 4.062789e-07 9.086170e-01 3.573931e-25 4.012081e-18 2.851628e-04 1.339785e-06 6.892336e-06 3.487460e-07 3.553583e-10 5.228881e-21 1.027583e-05 2.777981e-06 2.399722e-18 6.437464e-05 5.300507e-09 1.191524e-23
3.553164e+02 1.107409e+04 8.936547e-01 8.662345e-08 1.286849e-16 1.970880e-18 1.087127e-18 1.141004e-04 5.777593e-22 5.449063e-07 8.931714e-01 5.516139e-25 4.601426e-18 2.793267e-04 1.417945e-06 5.130636e-06 2.731052e-07 1.318457e-11 4.841678e-24 1.038983e-05 2.224232e-06 3.499206e-20 6.266199e-05 5.248206e-10 1.471080e-26
3.555141e+02 1.056793e+04 8.758788e-01 8.513602e-08 2.599010e-16 2.393635e-18 2.461554e-18 1.081656e-04 1.105948e-21 7.303097e-07 8.754141e-01 8.483472e-25 5.249279e-18 2.726615e-04 1.482923e-06 3.645422e-06 2.103437e-07 2.593674e-13 1.742236e-27 1.035176e-05 1.718025e-06 2.538473e-21 6.075263e-05 3.091390e-11 8.145775e-30
3.558260e+02 9.945236e+03 8.482870e-01 8.281000e-08 6.605142e-16 2.982182e-18 7.187624e-18 9.872086e-05 2.580187e-21 1.075516e-06 8.478492e-01 1.490124e-24 6.205243e-18 2.626077e-04 1.549073e-06 2.131345e-06 1.463838e-07 4.972016e-16 1.192303e-32 1.003219e-05 1.143455e-06 1.170530e-22 5.791734e-05 2.943004e-13 1.270011e-34
