# isochoric cooling, n_H = 1 cm^-3, T0 = 1e+07 K; t [code time = 0.978 Myr] T x_e He+ OHx CHx CO C+ HCO+ H2 H+ H3+ H2+ O+ Si+ C_high Si_high O++ O_high S+ S++ S_high N+ N++ N_high
0.000000e+00 1.000000e+07 1.200279e+00 1.318464e-07 0.000000e+00 0.000000e+00 0.000000e+00 1.004560e-23 0.000000e+00 0.000000e+00 1.000000e+00 0.000000e+00 0.000000e+00 9.957734e-29 3.092976e-41 1.600000e-04 1.700000e-06 2.884847e-23 3.200000e-04 2.224187e-42 3.908481e-37 1.450000e-05 8.895799e-27 1.746161e-21 7.400000e-05
2.645685e-01 9.410192e+06 1.200255e+00 1.290687e-07 1.940800e-41 4.764927e-42 2.174010e-59 1.391120e-21 3.578868e-62 1.315271e-12 1.000000e+00 4.046296e-120 4.874701e-21 4.395721e-20 5.930657e-41 1.600000e-04 1.700000e-06 8.847327e-20 3.200000e-04 4.128669e-42 8.802367e-37 1.450000e-05 6.243170e-22 4.419732e-21 7.400000e-05
5.103597e-01 8.855869e+06 1.200232e+00 1.265464e-07 6.861626e-40 6.206163e-42 6.941549e-58 2.377267e-22 2.095034e-61 2.538092e-12 1.000000e+00 1.735472e-114 1.765994e-20 4.156865e-20 1.412154e-40 1.600000e-04 1.700000e-06 8.365777e-20 3.200000e-04 1.081059e-41 2.604926e-36 1.450000e-05 8.047483e-23 4.421307e-21 7.400000e-05
7.402079e-01 8.334915e+06 1.200210e+00 1.242370e-07 2.554010e-39 6.815931e-42 1.630242e-57 8.162029e-23 2.568673e-61 3.751954e-12 1.000000e+00 1.319962e-108 3.691091e-20 6.229352e-20 3.951654e-40 1.600000e-04 1.700000e-06 1.253280e-19 3.200000e-04 3.387830e-41 9.653911e-36 1.450000e-05 1.737687e-23 6.954247e-21 7.400000e-05
9.563491e-01 7.845266e+06 1.200184e+00 1.221080e-07 5.721625e-39 7.229982e-42 2.755158e-57 5.719188e-23 3.920122e-61 4.965851e-12 1.000000e+00 5.954907e-105 6.145468e-20 6.192350e-20 8.351839e-40 1.600000e-04 1.700000e-06 1.246245e-19 3.200000e-04 8.099668e-41 2.323068e-35 1.450000e-05 6.291043e-24 9.653838e-21 7.400000e-05
1.160465e+00 7.385140e+06 1.200160e+00 1.201323e-07 1.001835e-38 8.222421e-40 3.139266e-54 2.584560e-19 2.984095e-57 6.173353e-12 1.000000e+00 2.566534e-100 9.081833e-20 7.625106e-20 2.087964e-39 1.600000e-04 1.700000e-06 1.535449e-19 3.200000e-04 2.206648e-40 7.969101e-35 1.450000e-05 2.975750e-24 1.529718e-20 7.400000e-05
1.353882e+00 6.952349e+06 1.200137e+00 1.182899e-07 1.521670e-38 2.623923e-39 1.086214e-53 1.295777e-19 2.190417e-57 7.394262e-12 1.000000e+00 5.374894e-96 1.243995e-19 3.990048e-20 5.924816e-39 1.600000e-04 1.700000e-06 8.084988e-20 3.200000e-04 7.810801e-40 2.734175e-34 1.450000e-05 1.471129e-24 2.428168e-20 7.400000e-05
1.537587e+00 6.545383e+06 1.200111e+00 1.165654e-07 1.873979e-38 3.726085e-39 1.567403e-53 6.497541e-20 1.302591e-57 8.631808e-12 1.000000e+00 5.907792e-92 1.616836e-19 2.080190e-20 1.741774e-38 1.600000e-04 1.700000e-06 4.307072e-20 3.200000e-04 2.928294e-39 9.770552e-34 1.450000e-05 8.341859e-25 3.889483e-20 7.400000e-05
1.712195e+00 6.162196e+06 1.200087e+00 1.149478e-07 2.101107e-38 4.385914e-39 1.832007e-53 3.264252e-20 7.065577e-58 9.887321e-12 1.000000e+00 3.622321e-88 2.021908e-19 1.080699e-20 5.148249e-38 1.600000e-04 1.700000e-06 2.403171e-20 3.200000e-04 1.126165e-38 3.505424e-33 1.450000e-05 6.478269e-25 6.239920e-20 7.400000e-05
1.878133e+00 5.801567e+06 1.200060e+00 1.134287e-07 2.241835e-38 4.775744e-39 1.968778e-53 1.651627e-20 3.673357e-58 1.116119e-11 1.000000e+00 1.294215e-84 2.454665e-19 5.595862e-21 1.553952e-37 1.600000e-04 1.700000e-06 1.547320e-20 3.200000e-04 4.461559e-38 1.318157e-32 1.450000e-05 8.145103e-21 1.226444e-19 7.400000e-05
2.035506e+00 5.461872e+06 1.200033e+00 1.120029e-07 2.326083e-38 5.006009e-39 2.037580e-53 8.550448e-21 1.900158e-58 1.245132e-11 1.000000e+00 2.821372e-81 2.910130e-19 2.888507e-21 4.714246e-37 1.600000e-04 1.700000e-06 1.352021e-20 3.200000e-04 1.801370e-37 4.990415e-32 1.450000e-05 3.795710e-21 1.741819e-19 7.400000e-05
2.184443e+00 5.141950e+06 1.200002e+00 1.106654e-07 2.374995e-38 5.146732e-39 2.072734e-53 4.735407e-21 1.034720e-58 1.375558e-11 1.000000e+00 3.863404e-78 3.383526e-19 1.486666e-21 1.469320e-36 1.600000e-04 1.700000e-06 1.724415e-20 3.200000e-04 7.547394e-37 1.978996e-31 1.450000e-05 1.769912e-21 2.734851e-19 7.400000e-05
2.324811e+00 4.840467e+06 1.199973e+00 1.094139e-07 2.402516e-38 5.243056e-39 2.092613e-53 3.099850e-21 6.597921e-59 1.506904e-11 1.000000e+00 3.448610e-75 3.869302e-19 7.631289e-22 4.653556e-36 1.600000e-04 1.700000e-06 2.801882e-20 3.200000e-04 3.240030e-36 8.033481e-31 1.450000e-05 8.270765e-22 4.444527e-19 7.400000e-05
2.456608e+00 4.556463e+06 1.199937e+00 1.082454e-07 2.417501e-38 5.327291e-39 2.107098e-53 2.722782e-21 5.615200e-59 1.638732e-11 1.000000e+00 2.050337e-72 4.362259e-19 3.908642e-22 1.515701e-35 1.600000e-04 1.700000e-06 5.047126e-20 3.200000e-04 1.444262e-35 3.371188e-30 1.450000e-05 3.897593e-22 7.339978e-19 7.400000e-05
2.579609e+00 4.288711e+06 1.199903e+00 1.071590e-07 2.425331e-38 2.546212e-37 4.165643e-52 9.777487e-18 1.948663e-55 1.770289e-11 1.000000e+00 8.377625e-70 4.856285e-19 2.000104e-22 5.030158e-35 1.600000e-04 1.700000e-06 9.411201e-20 3.200000e-04 6.558873e-35 1.450713e-29 1.450000e-05 1.896515e-22 1.222792e-18 7.400000e-05
2.693544e+00 4.036283e+06 1.199861e+00 1.061546e-07 2.429197e-38 4.799551e-37 7.317744e-52 4.883571e-18 9.387744e-56 1.900655e-11 1.000000e+00 2.402637e-67 5.344841e-19 1.027285e-22 1.727109e-34 1.600000e-04 1.700000e-06 1.782769e-19 3.200000e-04 3.122405e-34 6.423887e-29 1.450000e-05 1.031802e-22 2.056103e-18 7.400000e-05
2.798162e+00 3.798210e+06 1.199815e+00 1.052321e-07 2.430953e-38 5.999194e-37 8.765246e-52 2.442243e-18 4.524098e-56 2.028775e-11 1.000000e+00 4.948575e-65 5.821222e-19 5.391756e-23 6.086760e-34 1.600000e-04 1.700000e-06 3.404943e-19 3.200000e-04 1.508038e-33 2.940077e-28 1.450000e-05 7.541984e-23 3.488521e-18 7.400000e-05
2.893172e+00 3.573621e+06 1.199765e+00 1.043924e-07 2.431665e-38 6.629188e-37 9.423125e-52 1.226913e-18 2.189092e-56 2.153373e-11 1.000000e+00 7.468906e-63 6.278328e-19 3.089207e-23 2.231946e-33 1.600000e-04 1.700000e-06 6.534863e-19 3.200000e-04 7.615189e-33 1.381423e-27 1.450000e-05 3.173164e-19 6.828506e-18 7.400000e-05
2.978422e+00 3.361681e+06 1.199702e+00 1.036356e-07 2.431972e-38 6.957554e-37 9.720430e-52 6.257332e-19 1.075091e-56 2.273160e-11 1.000000e+00 8.416256e-61 6.709581e-19 2.306811e-23 8.444870e-33 1.600000e-04 1.700000e-06 1.259179e-18 3.200000e-04 3.887540e-32 6.651310e-27 1.450000e-05 1.475790e-19 1.073441e-17 7.400000e-05
3.053838e+00 3.161645e+06 1.199631e+00 1.029614e-07 5.052175e-38 7.130895e-37 9.984822e-52 3.347206e-19 1.149665e-56 2.386777e-11 1.000000e+00 7.206613e-59 7.108853e-19 1.033060e-19 3.322128e-32 1.600000e-04 1.700000e-06 2.629081e-18 3.200000e-04 2.054338e-31 3.203291e-26 1.450000e-05 6.873489e-20 1.819966e-17 7.400000e-05
3.119553e+00 2.972659e+06 1.199550e+00 1.023684e-07 7.169628e-38 7.229603e-37 1.016895e-51 2.047709e-19 9.609935e-57 2.492994e-11 1.000000e+00 4.772620e-57 7.471302e-19 5.226563e-20 1.355882e-31 1.600000e-04 1.700000e-06 4.759948e-18 3.200000e-04 1.295284e-21 2.487102e-21 1.450000e-05 3.225910e-20 3.190040e-17 7.400000e-05
3.175907e+00 2.794278e+06 1.199456e+00 1.018537e-07 8.138998e-38 7.298873e-37 1.030665e-51 1.661977e-19 8.521331e-57 2.590804e-11 1.000000e+00 2.478756e-55 7.793684e-19 2.647148e-20 5.724364e-31 1.600000e-04 1.700000e-06 8.887083e-18 3.200000e-04 5.770993e-22 1.119795e-21 1.450000e-05 1.564759e-20 5.648145e-17 7.400000e-05
3.223556e+00 2.625513e+06 1.199354e+00 1.014122e-07 8.573930e-38 3.535294e-36 6.427342e-51 9.864531e-17 5.130190e-54 2.679678e-11 1.000000e+00 1.027879e-53 8.075205e-19 1.350902e-20 2.535532e-30 1.600000e-04 1.700000e-06 1.674821e-17 3.200000e-04 2.557930e-22 5.046486e-22 1.450000e-05 8.588536e-21 1.014676e-16 7.400000e-05
3.263336e+00 2.466226e+06 1.199248e+00 1.010371e-07 8.768328e-38 5.798461e-36 1.048017e-50 4.948048e-17 2.532439e-54 2.759496e-11 1.000000e+00 3.434905e-52 8.316977e-19 7.119888e-21 1.153751e-29 1.600000e-04 1.700000e-06 3.085633e-17 3.200000e-04 1.127677e-22 2.381665e-22 1.450000e-05 6.618003e-21 1.820146e-16 7.400000e-05
3.296185e+00 2.315815e+06 1.199133e+00 1.007212e-07 8.860115e-38 6.850574e-36 1.219431e-50 2.507294e-17 1.247565e-54 2.830468e-11 1.000000e+00 9.380736e-51 8.521614e-19 4.209147e-21 5.481011e-29 1.600000e-04 1.700000e-06 5.637454e-17 3.200000e-04 4.943683e-23 1.599726e-22 1.450000e-05 3.254051e-18 3.398370e-16 7.400000e-05
3.323208e+00 2.174291e+06 1.199023e+00 1.004553e-07 8.913807e-38 7.346673e-36 1.292662e-50 1.313713e-17 6.326641e-55 2.893401e-11 1.000000e+00 2.094631e-49 8.693598e-19 3.355434e-21 2.647546e-28 1.600000e-04 1.700000e-06 9.978678e-17 3.200000e-04 2.154975e-23 2.754638e-22 1.450000e-05 1.517453e-18 6.003332e-16 7.400000e-05
3.345450e+00 2.041096e+06 1.198906e+00 1.002308e-07 2.525630e-37 7.597328e-36 1.392896e-50 7.642714e-18 1.002325e-54 2.949281e-11 1.000000e+00 3.865831e-48 8.837813e-19 9.890009e-19 1.310467e-27 1.600000e-04 1.700000e-06 1.761648e-16 3.200000e-04 9.347025e-24 8.605529e-22 1.450000e-05 7.235378e-19 1.078635e-15 7.400000e-05
3.363997e+00 1.916905e+06 1.198793e+00 1.000384e-07 3.247878e-37 7.753106e-36 1.457298e-50 5.747274e-18 9.325366e-55 2.999593e-11 1.000000e+00 5.913640e-47 8.960045e-19 5.384501e-19 6.318194e-27 1.600000e-04 1.700000e-06 2.961799e-16 3.200000e-04 4.064828e-24 2.863797e-21 1.450000e-05 3.763089e-19 1.908217e-15 7.400000e-05
3.379759e+00 1.800977e+06 1.198685e+00 9.986991e-08 3.605677e-37 3.842474e-35 1.470975e-49 3.946230e-15 6.805168e-52 3.045779e-11 1.000000e+00 7.488600e-46 9.065451e-19 3.081906e-19 2.148511e-22 1.600000e-04 1.700000e-06 4.913855e-16 3.200000e-04 1.885385e-24 9.243230e-21 1.450000e-05 2.549252e-19 3.319332e-15 7.400000e-05
3.393467e+00 1.692681e+06 1.198581e+00 9.971863e-08 3.793135e-37 9.608749e-35 3.887862e-49 1.988958e-15 3.496685e-52 3.089171e-11 1.000000e+00 7.979843e-45 9.158344e-19 2.060612e-19 1.094299e-22 1.600000e-04 1.700000e-06 8.006810e-16 3.200000e-04 1.301392e-24 2.848861e-20 1.450000e-05 4.791222e-17 5.752617e-15 7.400000e-05
3.405598e+00 1.591428e+06 1.198482e+00 9.958016e-08 3.899894e-37 1.244733e-34 5.011763e-49 1.012125e-15 1.761793e-52 3.130665e-11 1.000000e+00 7.272965e-44 9.241572e-19 1.326767e-19 5.633436e-23 1.600000e-04 1.700000e-06 1.286020e-15 3.200000e-04 1.433791e-21 8.753885e-20 1.450000e-05 2.249270e-17 9.300542e-15 7.400000e-05
3.416494e+00 1.496564e+06 1.198389e+00 9.945126e-08 3.974379e-37 1.389342e-34 5.545302e-49 5.307141e-16 9.067160e-53 3.170955e-11 1.000000e+00 5.742862e-43 9.317214e-19 1.173259e-19 3.067697e-23 1.600000e-04 1.700000e-06 2.052639e-15 3.200000e-04 6.072858e-22 2.437461e-19 1.450000e-05 1.094519e-17 1.485108e-14 7.400000e-05
3.426376e+00 1.407588e+06 1.198297e+00 9.932990e-08 2.929154e-36 1.468593e-34 7.692612e-49 3.052801e-16 3.695148e-52 3.210472e-11 1.000000e+00 3.979674e-42 9.386591e-19 3.506242e-17 2.226148e-23 1.600000e-04 1.700000e-06 3.318923e-15 3.200000e-04 2.697116e-22 6.689499e-19 1.450000e-05 5.981881e-18 2.307220e-14 7.400000e-05
3.435396e+00 1.324012e+06 1.198207e+00 9.921468e-08 4.109666e-36 1.520734e-34 9.214761e-49 2.214213e-16 3.624331e-52 3.249508e-11 1.000000e+00 2.445522e-41 9.450622e-19 1.810371e-17 1.910608e-20 1.600000e-04 1.700000e-06 5.209272e-15 3.200000e-04 1.605286e-22 1.808893e-18 1.450000e-05 4.317106e-18 3.532478e-14 7.400000e-05
3.443655e+00 1.245467e+06 1.198113e+00 9.910477e-08 4.671942e-36 3.819362e-34 8.358039e-48 3.130019e-14 5.568620e-50 3.288223e-11 9.999999e-01 1.344651e-40 9.509892e-19 9.584224e-18 9.960291e-21 1.600000e-04 1.700000e-06 8.219506e-15 3.200000e-04 1.988695e-19 5.142842e-18 1.450000e-05 4.691781e-16 5.390437e-14 7.400000e-05
3.451229e+00 1.171586e+06 1.198023e+00 9.899959e-08 4.952467e-36 8.264146e-34 2.245152e-47 1.610231e-14 2.954104e-50 3.326702e-11 9.999999e-01 6.668347e-40 9.564821e-19 5.417234e-18 5.389065e-21 1.600000e-04 1.700000e-06 1.335719e-14 3.200000e-04 8.180309e-20 1.216603e-17 1.450000e-05 2.234512e-16 7.838704e-14 7.400000e-05
3.458183e+00 1.102133e+06 1.197929e+00 9.889866e-08 5.112681e-36 1.060212e-33 2.950779e-47 8.546306e-15 1.559681e-50 3.365030e-11 9.999999e-01 3.000540e-39 9.615777e-19 3.685354e-18 3.432279e-21 1.600000e-04 1.700000e-06 2.170264e-14 3.200000e-04 3.437434e-20 2.926873e-17 1.450000e-05 1.116108e-16 1.123117e-13 7.400000e-05
3.464581e+00 1.036861e+06 1.197839e+00 9.880144e-08 1.189592e-35 1.191257e-33 3.835330e-47 4.941928e-15 2.009851e-50 3.403333e-11 9.999999e-01 1.231689e-38 9.663153e-19 5.850353e-16 6.456730e-19 1.600000e-04 1.700000e-06 3.802824e-14 3.200000e-04 1.680485e-20 6.999682e-17 1.450000e-05 6.357863e-17 1.621421e-13 7.400000e-05
3.470502e+00 9.755816e+05 1.197752e+00 9.870714e-08 2.450958e-35 1.277097e-33 4.717148e-47 3.460192e-15 2.805059e-50 3.441858e-11 9.999999e-01 4.632127e-38 9.707438e-19 3.079249e-16 3.448417e-19 1.600000e-04 1.700000e-06 6.278596e-14 3.200000e-04 4.119275e-18 1.695045e-16 1.450000e-05 4.772574e-17 2.293230e-13 7.400000e-05
3.476019e+00 9.180666e+05 1.197673e+00 9.861491e-08 3.074994e-35 1.351119e-33 5.691497e-47 3.248469e-15 3.184256e-50 3.480924e-11 9.999999e-01 1.604117e-37 9.749132e-19 1.673072e-16 1.955667e-19 1.600000e-04 1.700000e-06 1.101114e-13 3.200000e-04 1.665394e-18 3.630722e-16 1.450000e-05 2.920219e-15 3.374907e-13 7.400000e-05
3.481200e+00 8.640527e+05 1.197600e+00 9.852393e-08 3.407174e-35 5.947596e-33 6.924602e-46 1.558646e-13 1.636325e-48 3.520866e-11 9.999999e-01 5.142634e-37 9.788679e-19 9.991570e-17 1.379393e-19 1.600000e-04 1.700000e-06 1.955496e-13 3.200000e-04 7.071774e-19 7.762688e-16 1.450000e-05 1.434823e-15 4.710568e-13 7.400000e-05
3.486086e+00 8.132690e+05 1.197534e+00 9.843368e-08 3.621465e-35 8.469301e-33 1.035353e-45 8.398364e-14 9.035535e-49 3.561935e-11 9.999999e-01 1.535233e-36 9.826371e-19 7.669937e-17 1.008967e-16 1.600000e-04 1.700000e-06 3.614540e-13 3.200000e-04 3.858180e-19 1.644832e-15 1.450000e-05 7.583971e-16 6.789725e-13 7.400000e-05
3.490696e+00 7.654461e+05 1.197479e+00 9.834403e-08 2.640472e-34 9.930360e-33 2.347763e-45 4.862267e-14 3.660329e-48 3.604220e-11 9.999999e-01 4.293183e-36 9.862312e-19 1.257210e-14 5.442885e-17 1.600000e-04 1.700000e-06 7.084099e-13 3.200000e-04 2.117094e-18 3.377127e-15 1.450000e-05 4.808761e-16 9.866782e-13 7.400000e-05
3.495027e+00 7.203548e+05 1.197419e+00 9.825528e-08 4.595218e-34 1.088114e-32 3.561405e-45 3.274882e-14 4.147894e-48 3.647619e-11 9.999999e-01 1.130281e-35 9.896434e-19 6.873728e-15 2.992845e-17 1.600000e-04 1.700000e-06 1.333224e-12 3.200000e-04 1.374944e-18 6.806964e-15 1.450000e-05 4.245568e-16 1.475445e-12 7.400000e-05
3.499059e+00 6.777950e+05 1.197356e+00 9.816813e-08 5.612327e-34 1.163689e-32 4.735766e-45 2.780223e-14 4.146208e-48 3.691836e-11 9.999999e-01 2.814112e-35 9.928553e-19 3.959879e-15 1.747482e-17 1.600000e-04 1.700000e-06 2.616793e-12 3.200000e-04 5.915926e-16 1.503396e-14 1.450000e-05 3.106872e-14 2.338908e-12 7.400000e-05
3.502771e+00 6.376358e+05 1.197290e+00 9.808340e-08 6.197914e-34 1.542083e-32 1.085659e-44 1.829694e-13 2.910953e-47 3.736455e-11 9.999999e-01 6.647269e-35 9.958448e-19 2.684317e-15 1.232030e-17 1.600000e-04 1.700000e-06 5.333012e-12 3.200000e-04 2.331760e-16 2.629782e-14 1.450000e-05 1.584676e-14 3.550420e-12 7.400000e-05
3.506159e+00 5.998010e+05 1.197223e+00 9.800167e-08 2.401898e-33 1.902127e-32 3.762560e-44 1.184048e-13 6.969503e-47 3.781177e-11 9.999998e-01 1.492375e-34 9.986034e-19 3.090865e-13 1.773321e-15 1.600000e-04 1.700000e-06 1.195955e-11 3.200000e-04 9.603272e-17 4.865221e-14 1.450000e-05 8.846916e-15 5.615612e-12 7.399999e-05
3.509245e+00 5.642681e+05 1.197160e+00 9.792296e-08 5.820560e-33 2.165793e-32 6.587106e-44 9.400014e-14 1.301707e-46 3.825965e-11 9.999998e-01 3.187937e-34 1.001142e-18 1.756047e-13 9.962143e-16 1.600000e-04 1.700000e-06 2.439323e-11 3.200000e-04 4.838118e-17 9.018628e-14 1.450000e-05 6.216487e-15 9.143843e-12 7.399999e-05
3.512073e+00 5.309652e+05 1.197101e+00 9.784663e-08 7.646685e-33 3.076202e-32 2.034371e-43 8.444898e-13 1.466449e-45 3.871187e-11 9.999998e-01 6.486163e-34 1.003495e-18 1.060826e-13 5.841080e-16 1.600000e-04 1.700000e-06 5.296630e-11 3.199999e-04 2.579489e-15 1.743744e-13 1.450000e-05 3.288921e-14 1.535588e-11 7.399998e-05
3.514690e+00 4.997617e+05 1.197049e+00 9.777185e-08 8.773415e-33 4.712231e-32 4.624226e-43 5.181665e-13 1.009264e-45 3.917352e-11 9.999998e-01 1.260235e-33 1.005695e-18 7.767704e-14 3.858026e-16 1.600000e-04 1.700000e-06 1.175830e-10 3.199999e-04 1.047223e-15 3.059166e-13 1.450000e-05 2.307668e-14 2.589541e-11 7.399997e-05
3.517132e+00 4.704928e+05 1.197005e+00 9.769804e-08 3.947923e-32 5.842426e-32 1.381781e-42 3.749066e-13 3.152453e-45 3.964896e-11 9.999998e-01 2.346726e-33 1.007769e-18 3.411188e-12 3.325828e-16 1.600000e-04 1.700000e-06 2.808219e-10 3.199997e-04 4.990748e-16 5.549511e-13 1.450000e-05 1.134295e-13 4.531265e-11 7.399995e-05
3.519407e+00 4.429660e+05 1.196963e+00 9.762519e-08 6.795250e-32 6.817924e-32 2.293892e-42 3.457839e-13 4.841063e-45 4.013902e-11 9.999998e-01 4.204364e-33 1.009724e-18 2.113825e-12 6.090028e-14 1.600000e-04 1.700000e-06 6.377465e-10 3.199994e-04 3.802281e-16 1.007094e-12 1.450000e-05 8.311829e-14 7.932946e-11 7.399992e-05
3.521506e+00 4.170334e+05 1.196914e+00 9.755403e-08 8.572629e-32 9.933903e-32 5.896915e-42 9.900295e-13 1.691269e-44 4.063970e-11 9.999997e-01 7.271951e-33 1.011547e-18 1.553823e-12 3.546803e-14 1.600000e-04 1.700000e-06 1.535327e-09 3.199985e-04 2.955854e-14 1.973147e-12 1.450000e-05 2.097139e-12 1.510675e-10 7.399985e-05
3.523404e+00 3.925561e+05 1.196859e+00 9.748589e-08 3.923616e-31 1.244859e-31 2.347582e-41 8.818540e-13 6.613842e-44 4.114203e-11 9.999997e-01 1.217535e-32 1.013214e-18 4.501124e-11 2.132735e-14 1.600000e-04 1.700000e-06 3.862656e-09 3.199961e-04 1.237715e-14 3.519592e-12 1.450000e-05 1.227932e-12 2.677241e-10 7.399973e-05
3.525068e+00 3.694262e+05 1.196794e+00 9.742257e-08 6.741579e-31 5.469988e-31 3.417256e-40 2.120654e-11 2.654272e-42 4.163194e-11 9.999997e-01 1.977392e-32 1.014691e-18 2.984494e-11 1.377068e-14 1.600000e-04 1.700000e-06 9.498079e-09 3.199905e-04 6.503864e-15 6.759098e-12 1.449999e-05 8.761881e-13 5.045742e-10 7.399949e-05
3.526475e+00 3.475598e+05 1.196703e+00 9.736583e-08 8.524473e-31 9.253751e-31 6.751486e-40 1.276487e-11 1.952096e-42 4.209365e-11 9.999996e-01 3.120181e-32 1.015953e-18 2.490488e-11 1.028263e-14 1.600000e-04 1.700000e-06 2.343108e-08 3.199760e-04 4.907954e-13 1.505896e-11 1.449998e-05 6.496126e-12 9.895760e-10 7.399900e-05
3.527618e+00 3.268981e+05 1.196565e+00 9.731697e-08 3.234395e-30 1.142098e-30 1.694727e-39 8.656877e-12 4.824339e-42 4.251290e-11 9.999996e-01 4.788276e-32 1.016987e-18 3.721481e-10 9.638313e-15 1.600000e-04 1.700000e-06 6.001659e-08 3.199396e-04 2.046147e-13 2.792432e-11 1.449997e-05 4.650167e-12 1.953344e-09 7.399804e-05
3.528523e+00 3.074355e+05 1.196273e+00 9.727587e-08 4.586474e-30 1.287825e-30 2.259907e-39 7.345177e-12 5.606242e-42 4.288545e-11 9.999995e-01 7.149353e-32 1.017813e-18 2.889370e-10 1.354835e-13 1.600000e-04 1.700000e-06 1.401159e-07 3.198596e-04 1.006095e-13 5.687735e-11 1.449994e-05 1.812488e-11 3.994612e-09 7.399599e-05
3.529238e+00 2.891365e+05 1.196028e+00 9.724142e-08 9.341430e-30 1.783164e-30 7.299900e-39 3.926502e-11 5.875309e-41 4.321662e-11 9.999995e-01 1.039680e-31 1.018471e-18 1.922771e-09 9.109277e-14 1.600000e-04 1.700000e-06 3.192498e-07 3.196788e-04 8.265588e-13 1.274148e-10 1.449987e-05 1.581436e-11 8.291829e-09 7.399145e-05
3.529822e+00 2.719922e+05 1.195815e+00 9.721159e-08 1.389919e-29 2.260292e-30 1.196338e-38 3.012013e-11 6.492982e-41 4.352110e-11 9.999994e-01 1.473627e-31 1.019010e-18 1.594297e-09 6.890782e-14 1.600000e-04 1.700000e-06 6.384580e-07 3.193599e-04 4.457849e-13 2.768508e-10 1.449972e-05 1.630600e-10 1.811230e-08 7.398172e-05
3.530320e+00 2.559377e+05 1.195627e+00 9.718460e-08 2.592235e-29 2.839153e-30 2.714882e-38 6.896890e-11 2.601194e-40 4.381506e-11 9.999993e-01 2.039357e-31 1.019472e-18 6.957078e-09 6.186937e-14 1.599999e-04 1.700000e-06 1.206965e-06 3.187861e-04 1.754162e-11 7.127011e-10 1.449927e-05 1.294177e-10 3.830349e-08 7.396157e-05
3.530764e+00 2.408961e+05 1.195477e+00 9.715900e-08 3.867081e-29 3.695163e-30 4.683904e-38 6.417450e-11 3.575235e-40 4.411228e-11 9.999992e-01 2.761255e-31 1.019887e-18 6.198370e-09 3.932553e-13 1.599998e-04 1.700000e-06 2.052326e-06 3.179415e-04 8.176362e-12 1.496115e-09 1.449850e-05 1.000551e-09 8.648055e-08 7.391252e-05
3.531174e+00 2.267855e+05 1.195276e+00 9.713398e-08 7.037071e-29 6.239451e-30 1.652063e-37 1.789914e-10 1.749122e-39 4.442436e-11 9.999991e-01 3.664285e-31 1.020272e-18 2.256060e-08 2.911186e-13 1.599998e-04 1.700000e-06 3.400306e-06 3.165771e-04 5.253978e-12 3.396723e-09 1.449660e-05 8.175906e-10 1.830179e-07 7.381616e-05
3.531559e+00 2.135211e+05 1.195095e+00 9.710912e-08 1.059540e-28 1.100419e-29 4.278865e-37 6.877707e-10 9.467727e-39 4.475633e-11 9.999990e-01 4.774800e-31 1.020634e-18 2.091700e-08 2.470583e-13 1.599993e-04 1.700000e-06 5.255758e-06 3.147233e-04 1.017529e-10 8.115006e-09 1.449178e-05 4.736740e-09 4.061627e-07 7.358910e-05
3.531921e+00 2.010350e+05 1.194980e+00 9.708426e-08 1.743929e-28 1.944855e-29 1.234287e-36 5.784779e-10 1.308497e-38 4.511553e-11 9.999988e-01 6.119027e-31 1.020977e-18 5.471743e-08 1.155384e-12 1.599994e-04 1.699999e-06 8.068621e-06 3.118767e-04 5.670645e-11 1.652017e-08 1.448342e-05 4.211508e-09 8.149499e-07 7.317335e-05
3.532264e+00 1.892942e+05 1.194714e+00 9.705939e-08 2.528048e-28 3.221510e-29 2.637761e-36 1.026569e-09 3.257178e-38 4.550204e-11 9.999987e-01 7.720625e-31 1.021303e-18 5.444969e-08 8.983848e-13 1.599990e-04 1.699999e-06 1.179104e-05 3.080969e-04 1.530866e-10 3.293959e-08 1.446691e-05 1.027457e-08 1.584463e-06 7.240250e-05
3.532588e+00 1.782354e+05 1.194455e+00 9.703444e-08 3.988034e-28 8.048578e-29 1.082544e-35 4.134896e-09 2.003602e-37 4.592537e-11 9.999985e-01 9.602022e-31 1.021613e-18 1.071665e-07 8.121811e-13 1.599959e-04 1.699999e-06 1.706607e-05 3.028268e-04 1.232697e-10 5.892400e-08 1.444034e-05 1.801053e-08 2.790418e-06 7.116175e-05
3.532897e+00 1.678183e+05 1.194241e+00 9.700925e-08 6.093354e-28 1.406074e-28 2.606801e-35 3.869055e-09 2.759763e-37 4.639172e-11 9.999982e-01 1.178380e-30 1.021910e-18 1.926115e-07 4.287915e-12 1.599909e-04 1.699996e-06 2.401006e-05 2.957973e-04 4.533612e-10 1.006060e-07 1.439894e-05 4.323026e-08 4.531958e-06 6.942481e-05
3.533194e+00 1.580078e+05 1.194007e+00 9.698361e-08 8.873790e-28 2.784632e-28 6.880443e-35 8.429618e-09 8.476505e-37 4.690831e-11 9.999979e-01 1.428534e-30 1.022196e-18 2.464846e-07 3.493212e-12 1.599839e-04 1.699997e-06 3.263217e-05 2.869714e-04 4.041424e-10 1.570389e-07 1.434070e-05 7.589726e-08 6.664563e-06 6.725954e-05
3.533481e+00 1.487785e+05 1.193576e+00 9.695740e-08 1.349641e-27 5.473379e-28 1.900725e-34 1.593461e-08 2.353501e-36 4.749293e-11 9.999976e-01 1.712360e-30 1.022475e-18 3.999047e-07 3.382534e-12 1.599356e-04 1.699970e-06 4.351779e-05 2.758999e-04 1.457218e-09 2.447049e-07 1.425384e-05 1.173145e-07 9.154789e-06 6.472317e-05
3.533758e+00 1.400811e+05 1.193058e+00 9.693064e-08 2.041355e-27 1.574974e-27 8.300578e-34 5.462017e-08 1.183073e-35 4.815179e-11 9.999971e-01 2.031263e-30 1.022745e-18 6.825527e-07 2.268891e-11 1.599454e-04 1.699977e-06 5.648940e-05 2.627362e-04 1.279085e-09 3.556360e-07 1.414308e-05 1.862028e-07 1.201280e-05 6.178997e-05
3.534023e+00 1.318931e+05 1.192304e+00 9.690355e-08 3.018371e-27 2.930347e-27 2.034789e-33 7.987158e-08 2.466843e-35 4.889638e-11 9.999966e-01 2.386625e-30 1.023004e-18 1.033660e-06 1.911371e-11 1.597531e-04 1.699981e-06 7.123320e-05 2.475645e-04 5.045085e-09 5.373297e-07 1.395763e-05 2.696928e-07 1.517894e-05 5.848223e-05
3.534273e+00 1.241786e+05 1.191306e+00 9.687651e-08 4.425517e-27 7.375275e-27 7.168809e-33 2.227166e-07 9.781832e-35 4.972848e-11 9.999959e-01 2.779857e-30 1.023250e-18 1.578746e-06 5.661269e-11 1.597773e-04 1.699943e-06 8.748502e-05 2.307323e-04 4.143394e-09 7.429585e-07 1.375290e-05 4.514534e-07 1.873844e-05 5.481010e-05
3.534504e+00 1.169183e+05 1.189897e+00 9.685001e-08 6.367892e-27 1.608892e-26 2.076304e-32 5.332276e-07 3.259871e-34 5.065031e-11 9.999951e-01 3.211401e-30 1.023480e-18 2.316905e-06 5.194228e-11 1.594668e-04 1.699948e-06 1.045409e-04 2.128465e-04 9.082726e-09 1.049445e-06 1.344147e-05 5.992380e-07 2.247194e-05 5.082250e-05
3.534717e+00 1.101092e+05 1.187829e+00 9.682436e-08 8.969232e-27 3.062957e-26 5.041689e-32 8.061052e-07 6.719958e-34 5.166359e-11 9.999941e-01 3.681370e-30 1.023690e-18 3.329383e-06 3.433752e-10 1.587286e-04 1.699657e-06 1.216556e-04 1.946202e-04 8.533175e-09 1.411636e-06 1.307983e-05 8.862980e-07 2.639582e-05 4.661424e-05
3.534912e+00 1.037555e+05 1.184663e+00 9.679951e-08 1.238536e-26 5.930642e-26 1.235908e-31 1.666127e-06 1.837517e-33 5.278668e-11 9.999929e-01 4.190241e-30 1.023884e-18 4.658864e-06 2.951736e-10 1.583339e-04 1.699705e-06 1.382038e-04 1.766253e-04 1.586145e-08 1.898470e-06 1.258567e-05 1.245010e-06 3.032416e-05 4.229153e-05
3.535094e+00 9.782959e+04 1.180308e+00 9.677507e-08 1.685199e-26 1.056848e-25 2.726671e-31 2.431285e-06 3.589174e-33 5.405669e-11 9.999914e-01 4.740817e-30 1.024064e-18 6.361919e-06 1.081599e-09 1.570743e-04 1.698918e-06 1.537389e-04 1.592495e-04 2.008478e-08 2.440656e-06 1.203926e-05 1.716474e-06 3.415126e-05 3.795138e-05
3.535267e+00 9.232572e+04 1.174216e+00 9.675063e-08 2.271068e-26 1.790936e-25 5.640783e-31 3.698814e-06 7.111941e-33 5.552689e-11 9.999895e-01 5.339920e-30 1.024235e-18 8.494955e-06 9.802203e-10 1.559841e-04 1.699020e-06 1.679254e-04 1.427747e-04 2.738118e-08 3.084613e-06 1.138650e-05 2.321189e-06 3.776094e-05 3.368824e-05
3.535435e+00 8.722091e+04 1.166205e+00 9.672579e-08 3.044374e-26 2.877102e-25 1.095182e-30 4.939143e-06 1.246155e-32 5.726598e-11 9.999872e-01 5.997325e-30 1.024399e-18 1.110934e-05 2.744243e-09 1.545823e-04 1.697256e-06 1.805097e-04 1.274058e-04 3.983810e-08 3.805420e-06 1.065474e-05 3.080855e-06 4.104344e-05 2.959030e-05
3.535600e+00 8.248936e+04 1.156058e+00 9.670024e-08 4.070907e-26 4.443923e-25 2.030314e-30 6.433412e-06 2.123927e-32 5.935831e-11 9.999843e-01 6.728219e-30 1.024559e-18 1.424219e-05 2.763021e-09 1.530343e-04 1.688845e-06 1.913069e-04 1.132948e-04 5.863799e-08 4.593628e-06 9.847734e-06 4.014465e-06 4.390017e-05 2.573776e-05
3.535764e+00 7.808411e+04 1.144493e+00 9.667372e-08 5.441263e-26 6.659080e-25 3.632409e-30 8.106928e-06 3.508781e-32 6.190952e-11 9.999808e-01 7.551838e-30 1.024715e-18 1.791733e-05 8.774318e-09 1.512898e-04 1.691226e-06 2.002222e-04 1.005191e-04 7.321455e-08 5.390646e-06 9.021146e-06 5.138690e-06 4.625622e-05 2.219014e-05
3.535930e+00 7.395189e+04 1.132621e+00 9.664585e-08 7.291721e-26 9.784473e-25 6.352132e-30 1.003274e-05 5.714459e-32 6.507172e-11 9.999764e-01 8.494428e-30 1.024870e-18 2.214980e-05 8.535818e-09 1.492654e-04 1.681536e-06 2.072793e-04 8.903446e-05 1.064747e-07 6.237462e-06 8.156064e-06 6.469198e-06 4.807188e-05 1.896934e-05
3.536101e+00 7.002780e+04 1.121832e+00 9.661612e-08 9.831348e-26 1.423997e-24 1.099158e-29 1.227063e-05 9.250729e-32 6.906522e-11 9.999708e-01 9.589347e-30 1.025026e-18 2.696664e-05 1.587607e-08 1.469043e-04 1.684124e-06 2.125555e-04 7.873553e-05 1.311134e-07 7.073598e-06 7.272586e-06 8.026836e-06 4.932655e-05 1.607375e-05
3.536279e+00 6.628304e+04 1.112865e+00 9.658382e-08 1.339928e-25 2.072310e-24 1.904138e-29 1.492224e-05 1.502732e-31 7.422657e-11 9.999637e-01 1.088894e-29 1.025182e-18 3.240556e-05 2.438799e-08 1.440957e-04 1.675612e-06 2.161490e-04 6.948280e-05 1.840912e-07 7.929341e-06 6.382015e-06 9.838378e-06 5.000896e-05 1.348613e-05
3.536467e+00 6.267923e+04 1.106436e+00 9.654818e-08 1.854855e-25 3.038653e-24 3.331889e-29 1.808594e-05 2.465765e-31 8.104133e-11 9.999544e-01 1.247614e-29 1.025341e-18 3.849998e-05 2.334988e-08 1.407423e-04 1.675034e-06 2.181452e-04 6.116993e-05 2.312250e-07 8.748293e-06 5.496971e-06 1.192909e-05 5.010971e-05 1.119392e-05
3.536668e+00 5.921895e+04 1.102203e+00 9.650842e-08 2.619191e-25 4.513079e-24 5.918463e-29 2.186732e-05 4.107506e-31 9.019070e-11 9.999423e-01 1.447250e-29 1.025501e-18 4.523491e-05 2.720430e-08 1.367358e-04 1.661328e-06 2.186356e-04 5.373330e-05 3.030434e-07 9.531142e-06 4.640236e-06 1.430851e-05 4.962992e-05 9.191075e-06
3.536883e+00 5.590517e+04 1.099535e+00 9.646388e-08 3.787182e-25 6.809677e-24 1.069471e-28 2.636117e-05 6.970387e-31 1.026079e-10 9.999263e-01 1.705604e-29 1.025661e-18 5.254950e-05 3.564302e-08 1.319962e-04 1.664357e-06 2.177530e-04 4.713172e-05 3.906191e-07 1.024058e-05 3.836205e-06 1.696519e-05 4.859785e-05 7.471889e-06
3.537111e+00 5.275031e+04 1.097877e+00 9.641402e-08 5.625898e-25 1.044884e-23 1.965836e-28 3.162396e-05 1.207791e-30 1.195576e-10 9.999051e-01 2.047882e-29 1.025817e-18 6.030071e-05 3.938274e-08 1.264728e-04 1.658377e-06 2.156879e-04 4.132687e-05 4.998317e-07 1.085203e-05 3.107407e-06 1.985305e-05 4.707710e-05 6.024819e-06
3.537354e+00 4.975270e+04 1.096836e+00 9.635838e-08 8.610000e-25 1.629677e-23 3.674879e-28 3.767313e-05 2.139451e-30 1.427607e-10 9.998771e-01 2.509074e-29 1.025967e-18 6.831969e-05 4.965127e-08 1.201749e-04 1.650349e-06 2.126811e-04 3.626266e-05 6.341724e-07 1.134569e-05 2.470094e-06 2.290405e-05 4.516551e-05 4.828344e-06
3.537610e+00 4.691269e+04 1.096055e+00 9.629671e-08 1.358860e-24 2.577550e-23 6.975780e-28 4.445434e-05 3.869740e-30 1.745118e-10 9.998397e-01 3.136191e-29 1.026104e-18 7.640089e-05 5.151979e-08 1.131736e-04 1.647131e-06 2.089968e-04 3.187526e-05 7.971337e-07 1.171038e-05 1.931981e-06 2.602566e-05 4.298477e-05 3.854824e-06
3.537878e+00 4.422938e+04 1.095171e+00 9.622894e-08 2.209693e-24 4.119198e-23 1.341975e-27 5.184915e-05 7.128418e-30 2.178879e-10 9.997895e-01 3.993898e-29 1.026226e-18 8.436543e-05 5.722998e-08 1.056168e-04 1.639063e-06 2.048882e-04 2.808770e-05 9.919619e-07 1.194405e-05 1.492065e-06 2.912126e-05 4.066410e-05 3.072009e-06
3.538155e+00 4.169683e+04 1.094032e+00 9.615521e-08 3.690129e-24 6.618895e-23 2.606986e-27 5.965123e-05 1.330645e-29 2.769277e-10 9.997219e-01 5.167633e-29 1.026324e-18 9.205414e-05 6.621925e-08 9.772864e-05 1.633781e-06 2.005745e-04 2.481807e-05 1.220816e-06 1.205251e-05 1.142868e-06 3.209419e-05 3.832650e-05 2.447654e-06
3.538438e+00 3.931432e+04 1.092149e+00 9.607609e-08 6.287692e-24 1.062409e-22 5.080682e-27 6.759069e-05 2.497463e-29 3.566884e-10 9.996309e-01 6.768243e-29 1.026389e-18 9.936201e-05 7.177605e-08 8.979902e-05 1.628224e-06 1.962261e-04 2.198929e-05 1.483869e-06 1.204801e-05 8.730142e-07 3.486072e-05 3.607915e-05 1.952518e-06
3.538723e+00 3.707880e+04 1.089082e+00 9.599252e-08 1.084294e-23 1.691845e-22 9.852693e-27 7.535814e-05 4.673866e-29 4.632973e-10 9.995091e-01 8.934797e-29 1.026408e-18 1.062299e-04 7.531320e-08 8.213003e-05 1.621478e-06 1.919481e-04 1.952793e-05 1.778166e-06 1.194808e-05 6.688863e-07 3.735716e-05 3.400082e-05 1.560713e-06
3.539006e+00 3.498842e+04 1.084473e+00 9.590562e-08 1.876884e-23 2.657197e-22 1.886341e-26 8.266977e-05 8.654170e-29 6.039453e-10 9.993480e-01 1.183832e-28 1.026363e-18 1.126731e-04 8.256026e-08 7.499141e-05 1.617440e-06 1.877764e-04 1.736430e-05 2.097209e-06 1.177437e-05 5.167155e-07 3.955107e-05 3.213623e-05 1.250002e-06
3.539285e+00 3.308665e+04 1.075690e+00 9.581574e-08 3.248266e-23 4.105376e-22 3.555178e-26 8.931798e-05 1.584311e-28 7.881944e-10 9.991320e-01 1.571134e-28 1.026225e-18 1.187750e-04 8.553604e-08 6.854884e-05 1.611668e-06 1.836617e-04 1.542611e-05 2.431629e-06 1.154943e-05 4.035264e-07 4.144774e-05 3.048907e-05 1.000992e-06
3.539558e+00 3.134806e+04 1.062634e+00 9.572298e-08 5.615945e-23 6.235934e-22 6.595815e-26 9.519756e-05 2.871197e-28 1.028835e-09 9.988445e-01 2.087634e-28 1.025943e-18 1.246867e-04 9.133307e-08 6.287473e-05 1.608454e-06 1.795000e-04 1.365152e-05 2.771220e-06 1.129342e-05 3.188002e-07 4.307756e-05 2.903950e-05 7.987518e-07
3.539831e+00 2.978073e+04 1.045167e+00 9.562488e-08 9.784019e-23 9.367650e-22 1.218133e-25 1.003365e-04 5.216660e-28 1.348579e-09 9.984456e-01 2.785776e-28 1.025423e-18 1.306407e-04 9.497799e-08 5.789752e-05 1.602582e-06 1.750786e-04 1.196693e-05 3.110190e-06 1.101911e-05 2.537018e-07 4.450250e-05 2.773499e-05 6.300474e-07
3.540113e+00 2.835367e+04 1.026098e+00 9.551501e-08 1.758850e-22 1.412251e-21 2.296345e-25 1.049261e-04 9.730969e-28 1.796894e-09 9.978567e-01 3.927961e-28 1.024426e-18 1.375704e-04 1.026231e-07 5.343102e-05 1.596217e-06 1.699829e-04 1.027288e-05 3.461270e-06 1.072830e-05 2.011346e-07 4.581809e-05 2.649189e-05 4.828694e-07
3.540418e+00 2.698706e+04 1.010273e+00 9.538288e-08 3.412378e-22 2.189752e-21 4.563096e-25 1.092737e-04 1.949511e-27 2.482632e-09 9.969615e-01 5.654658e-28 1.022450e-18 1.462674e-04 1.135270e-07 4.925322e-05 1.585126e-06 1.634300e-04 8.441550e-06 3.845808e-06 1.041237e-05 1.557810e-07 4.715442e-05 2.519809e-05 3.474406e-07
3.540759e+00 2.561977e+04 1.000647e+00 9.521945e-08 7.342869e-22 3.544207e-21 9.971080e-25 1.132780e-04 4.286008e-27 3.584140e-09 9.956415e-01 8.180921e-28 1.019006e-18 1.568318e-04 1.306895e-07 4.525733e-05 1.566837e-06 1.543482e-04 6.429877e-06 4.240101e-06 1.006374e-05 1.154222e-07 4.860434e-05 2.374147e-05 2.245451e-07
3.541133e+00 2.426020e+04 9.957626e-01 9.502526e-08 1.718112e-21 5.922251e-21 2.395059e-24 1.168473e-04 1.013392e-26 5.305534e-09 9.938786e-01 1.207638e-27 1.014578e-18 1.704513e-04 1.566211e-07 4.151691e-05 1.539654e-06 1.418881e-04 4.404365e-06 4.646729e-06 9.687832e-06 8.074186e-08 5.021087e-05 2.206016e-05 1.258349e-07
3.541528e+00 2.294769e+04 9.927539e-01 9.480826e-08 4.137683e-21 9.941227e-21 6.058480e-24 1.199068e-04 2.446597e-26 7.806639e-09 9.917433e-01 1.780167e-27 1.011665e-18 1.871085e-04 1.917111e-07 3.813876e-05 1.503599e-06 1.260275e-04 2.665942e-06 5.055828e-06 9.298245e-06 5.309181e-08 5.196802e-05 2.015792e-05 6.037573e-08
3.541938e+00 2.170560e+04 9.900734e-01 9.457335e-08 9.821897e-21 1.644985e-20 1.550133e-23 1.224667e-04 5.792549e-26 1.123397e-08 9.892821e-01 2.580412e-27 1.014480e-18 2.058820e-04 2.357168e-07 3.511762e-05 1.458750e-06 1.074481e-04 1.407416e-06 5.460014e-06 8.901856e-06 3.259890e-08 5.386379e-05 1.805976e-05 2.466794e-08
3.542365e+00 2.053875e+04 9.872080e-01 9.432015e-08 2.256474e-20 2.665118e-20 3.922947e-23 1.245838e-04 1.322815e-25 1.578214e-08 9.864891e-01 3.679768e-27 1.028443e-18 2.255229e-04 2.886593e-07 3.238029e-05 1.404672e-06 8.725587e-05 6.370293e-07 5.860054e-06 8.498260e-06 1.845123e-08 5.588826e-05 1.579388e-05 8.496885e-09
3.542820e+00 1.944554e+04 9.839654e-01 9.404228e-08 5.042119e-20 4.244594e-20 9.805172e-23 1.263261e-04 2.931537e-25 2.179431e-08 9.832900e-01 5.229559e-27 1.060631e-18 2.450973e-04 3.516042e-07 2.982133e-05 1.339939e-06 6.663302e-05 2.388248e-07 6.265400e-06 8.080170e-06 9.380154e-09 5.804051e-05 1.337432e-05 2.391948e-09
3.543311e+00 1.841956e+04 9.802684e-01 9.373339e-08 1.099660e-19 6.654419e-20 2.418696e-22 1.277239e-04 6.328734e-25 2.973155e-08 9.796216e-01 7.483218e-27 1.120022e-18 2.629570e-04 4.240310e-07 2.736963e-05 1.264526e-06 4.710285e-05 7.130497e-08 6.680673e-06 7.642819e-06 4.157692e-09 6.027654e-05 1.085418e-05 5.321615e-10
3.543842e+00 1.745927e+04 9.760826e-01 9.339086e-08 2.324173e-19 1.022137e-19 5.823929e-22 1.287646e-04 1.321943e-24 4.006032e-08 9.754615e-01 1.080006e-26 1.215769e-18 2.778204e-04 5.043679e-07 2.500488e-05 1.178961e-06 3.042614e-05 1.661026e-08 7.102872e-06 7.188648e-06 1.575224e-09 6.247299e-05 8.363350e-06 9.291027e-11
3.544426e+00 1.655984e+04 9.713070e-01 9.300460e-08 4.805328e-19 1.544177e-19 1.378027e-21 1.294395e-04 2.697043e-24 5.360101e-08 9.707077e-01 1.586378e-26 1.358543e-18 2.891457e-04 5.934659e-07 2.267357e-05 1.083578e-06 1.752096e-05 2.862518e-09 7.536335e-06 6.712363e-06 4.885533e-10 6.450543e-05 6.014060e-06 1.215331e-11
3.545076e+00 1.571605e+04 9.658405e-01 9.256360e-08 9.778283e-19 2.296197e-19 3.219229e-21 1.297136e-04 5.406133e-24 7.146232e-08 9.652589e-01 2.379335e-26 1.558236e-18 2.965295e-04 6.916081e-07 2.034522e-05 9.800444e-07 8.719124e-06 3.436427e-10 7.980572e-06 6.210831e-06 1.179529e-10 6.620468e-05 3.948481e-06 1.131403e-12
3.545809e+00 1.492258e+04 9.595552e-01 9.205484e-08 1.968953e-18 3.358255e-19 7.456735e-21 1.295283e-04 1.068571e-23 9.517248e-08 9.589880e-01 3.692075e-26 1.821899e-18 3.000644e-04 8.002616e-07 1.800541e-05 8.702075e-07 3.603575e-06 2.674599e-11 8.431444e-06 5.682270e-06 2.085895e-11 6.739202e-05 2.300189e-06 7.046635e-14
3.546645e+00 1.417615e+04 9.522862e-01 9.146327e-08 3.941954e-18 4.818963e-19 1.718426e-20 1.288029e-04 2.093149e-23 1.268227e-07 9.517315e-01 5.847032e-26 2.151195e-18 3.002729e-04 9.152480e-07 1.565776e-05 7.574284e-07 1.177634e-06 1.242827e-12 8.880120e-06 5.127196e-06 2.516404e-12 6.793197e-05 1.146505e-06 2.736140e-15
3.547602e+00 1.347445e+04 9.438335e-01 9.077216e-08 7.877696e-18 6.759340e-19 3.948589e-20 1.274380e-04 4.079513e-23 1.692459e-07 9.432912e-01 9.312966e-26 2.541428e-18 2.981523e-04 1.032092e-06 1.332551e-05 6.450203e-07 2.870548e-07 3.150255e-14 9.312016e-06 4.549528e-06 1.912593e-13 6.778948e-05 4.674587e-07 6.138602e-17
3.548707e+00 1.281581e+04 9.339623e-01 8.996201e-08 1.577820e-17 9.233646e-19 9.067939e-20 1.253192e-04 7.939013e-23 2.263516e-07 9.334329e-01 1.471999e-25 2.985184e-18 2.946409e-04 1.144595e-06 1.104683e-05 5.370553e-07 4.864653e-08 3.913667e-16 9.707090e-06 3.956294e-06 8.349123e-15 6.704720e-05 1.474010e-07 7.268643e-19
3.549983e+00 1.219752e+04 9.224576e-01 8.901404e-08 3.169045e-17 1.223895e-18 2.079524e-19 1.223365e-04 1.541813e-22 3.031957e-07 9.219423e-01 2.303575e-25 3.475683e-18 2.902635e-04 1.248020e-06 8.880450e-06 4.373201e-07 5.342083e-09 2.196293e-18 1.003862e-05 3.360261e-06 1.940544e-16 6.586052e-05 3.382204e-08 4.267855e-21
3.551462e+00 1.161762e+04 9.090648e-01 8.790557e-08 6.391976e-17 1.573193e-18 4.763745e-19 1.183843e-04 2.988981e-22 4.067300e-07 9.085652e-01 3.581188e-25 4.014552e-18 2.851346e-04 1.340100e-06 6.884761e-06 3.485121e-07 3.504372e-10 5.024180e-21 1.027701e-05 2.775826e-06 2.343080e-18 6.436886e-05 5.253248e-09 1.144514e-23
3.553173e+00 1.107487e+04 8.935779e-01 8.661718e-08 1.291510e-16 1.961680e-18 1.086326e-18 1.134007e-04 5.763626e-22 5.456694e-07 8.930954e-01 5.530143e-25 4.604910e-18 2.792856e-04 1.418280e-06 5.122591e-06 2.728426e-07 1.289584e-11 4.549270e-24 1.039068e-05 2.221730e-06 3.446375e-20 6.265409e-05 5.173085e-10 1.383802e-26
3.555154e+00 1.056894e+04 8.757670e-01 8.512695e-08 2.610905e-16 2.379697e-18 2.459933e-18 1.073642e-04 1.102965e-21 7.315982e-07 8.753032e-01 8.510610e-25 5.254241e-18 2.726017e-04 1.483271e-06 3.637219e-06 2.100580e-07 2.504485e-13 1.581547e-27 1.035188e-05 1.715220e-06 2.525989e-21 6.074196e-05 3.020885e-11 7.425262e-30
3.558282e+00 9.946695e+03 8.481039e-01 8.279528e-08 6.646357e-16 2.959323e-18 7.184664e-18 9.778147e-05 2.572315e-21 1.078090e-06 8.476673e-01 1.497490e-24 6.213349e-18 2.624940e-04 1.549527e-06 2.123562e-06 1.460268e-07 4.662716e-16 9.994398e-33 1.003043e-05 1.140394e-06 1.161560e-22 5.790153e-05 2.819619e-13 1.083340e-34
