# Cloudy 25 static HII region: Q(H)=1e49 s^-1, SB99 Z=0.014 2 Myr SED, n_H=100 cm^-3, R_in=10^16.5 cm
# r is the zone-centre distance from the source; x_X is the fraction of element X in that stage
# r_pc  T_K  n_e_cm-3  x_H+  x_He+  x_He++  x_O0  x_O+  x_O++  x_O3+  x_S0  x_S+  x_S++  x_S3+  x_N+  x_N++
1.04532e-02 1.23220e+04 1.19750e+02 1.00000e+00 4.23000e-02 9.58000e-01 2.27000e-15 3.85000e-07 9.03000e-02 9.10000e-01 9.04000e-20 4.66000e-11 5.69000e-05 1.12000e-01 9.39000e-09 9.26000e-03
1.08713e-02 1.20620e+04 1.19710e+02 1.00000e+00 4.61000e-02 9.54000e-01 2.94000e-15 4.57000e-07 9.78000e-02 9.02000e-01 1.26000e-19 5.92000e-11 6.59000e-05 1.20000e-01 1.12000e-08 1.01000e-02
1.13062e-02 1.14480e+04 1.19660e+02 1.00000e+00 5.13000e-02 9.49000e-01 4.02000e-15 5.59000e-07 1.07000e-01 8.93000e-01 1.85000e-19 7.70000e-11 7.71000e-05 1.30000e-01 1.39000e-08 1.13000e-02
1.16518e-02 1.08530e+04 1.19610e+02 1.00000e+00 5.61000e-02 9.44000e-01 5.22000e-15 6.60000e-07 1.15000e-01 8.85000e-01 2.53000e-19 9.52000e-11 8.70000e-05 1.39000e-01 1.67000e-08 1.23000e-02
1.18436e-02 1.05540e+04 1.19580e+02 1.00000e+00 5.89000e-02 9.41000e-01 5.99000e-15 7.20000e-07 1.19000e-01 8.81000e-01 2.99000e-19 1.07000e-10 9.28000e-05 1.44000e-01 1.83000e-08 1.29000e-02
1.19833e-02 1.03730e+04 1.19560e+02 1.00000e+00 6.08000e-02 9.39000e-01 6.58000e-15 7.65000e-07 1.23000e-01 8.77000e-01 3.35000e-19 1.15000e-10 9.71000e-05 1.47000e-01 1.96000e-08 1.34000e-02
1.21485e-02 1.01910e+04 1.19540e+02 1.00000e+00 6.31000e-02 9.37000e-01 7.32000e-15 8.19000e-07 1.26000e-01 8.74000e-01 3.83000e-19 1.26000e-10 1.02000e-04 1.51000e-01 2.11000e-08 1.39000e-02
1.23634e-02 9.96880e+03 1.19510e+02 1.00000e+00 6.61000e-02 9.34000e-01 8.37000e-15 8.93000e-07 1.31000e-01 8.69000e-01 4.53000e-19 1.42000e-10 1.09000e-04 1.56000e-01 2.32000e-08 1.45000e-02
1.26428e-02 9.73320e+03 1.19470e+02 1.00000e+00 6.99000e-02 9.30000e-01 9.87000e-15 9.92000e-07 1.37000e-01 8.63000e-01 5.57000e-19 1.64000e-10 1.19000e-04 1.62000e-01 2.60000e-08 1.54000e-02
1.29963e-02 9.49960e+03 1.19430e+02 1.00000e+00 7.46000e-02 9.25000e-01 1.20000e-14 1.12000e-06 1.45000e-01 8.55000e-01 7.14000e-19 1.95000e-10 1.32000e-04 1.70000e-01 2.98000e-08 1.64000e-02
1.34306e-02 9.27730e+03 1.19370e+02 1.00000e+00 8.03000e-02 9.20000e-01 1.50000e-14 1.30000e-06 1.54000e-01 8.46000e-01 9.51000e-19 2.39000e-10 1.49000e-04 1.80000e-01 3.48000e-08 1.77000e-02
1.39427e-02 9.11190e+03 1.19300e+02 1.00000e+00 8.69000e-02 9.13000e-01 1.90000e-14 1.51000e-06 1.65000e-01 8.35000e-01 1.30000e-18 2.98000e-10 1.71000e-04 1.92000e-01 4.11000e-08 1.93000e-02
1.45004e-02 8.97580e+03 1.19230e+02 1.00000e+00 9.40000e-02 9.06000e-01 2.43000e-14 1.77000e-06 1.76000e-01 8.24000e-01 1.79000e-18 3.75000e-10 1.97000e-04 2.05000e-01 4.88000e-08 2.09000e-02
1.50804e-02 8.87440e+03 1.19170e+02 1.00000e+00 1.01000e-01 8.99000e-01 3.08000e-14 2.06000e-06 1.89000e-01 8.11000e-01 2.44000e-18 4.70000e-10 2.27000e-04 2.18000e-01 5.76000e-08 2.27000e-02
1.56836e-02 8.80170e+03 1.19080e+02 1.00000e+00 1.09000e-01 8.91000e-01 3.88000e-14 2.39000e-06 2.02000e-01 7.98000e-01 3.32000e-18 5.87000e-10 2.61000e-04 2.32000e-01 6.77000e-08 2.46000e-02
1.63109e-02 8.74050e+03 1.18990e+02 1.00000e+00 1.17000e-01 8.83000e-01 4.88000e-14 2.77000e-06 2.15000e-01 7.85000e-01 4.49000e-18 7.31000e-10 2.99000e-04 2.46000e-01 7.95000e-08 2.67000e-02
1.69634e-02 8.68820e+03 1.18910e+02 1.00000e+00 1.26000e-01 8.74000e-01 6.12000e-14 3.21000e-06 2.29000e-01 7.71000e-01 6.07000e-18 9.09000e-10 3.43000e-04 2.61000e-01 9.33000e-08 2.88000e-02
1.76419e-02 8.64040e+03 1.18820e+02 1.00000e+00 1.35000e-01 8.65000e-01 7.67000e-14 3.70000e-06 2.44000e-01 7.56000e-01 8.18000e-18 1.13000e-09 3.93000e-04 2.76000e-01 1.09000e-07 3.12000e-02
1.83476e-02 8.60050e+03 1.18750e+02 1.00000e+00 1.45000e-01 8.55000e-01 9.59000e-14 4.27000e-06 2.60000e-01 7.40000e-01 1.10000e-17 1.40000e-09 4.49000e-04 2.92000e-01 1.28000e-07 3.37000e-02
1.90815e-02 8.55800e+03 1.18650e+02 1.00000e+00 1.55000e-01 8.45000e-01 1.20000e-13 4.92000e-06 2.76000e-01 7.24000e-01 1.48000e-17 1.73000e-09 5.13000e-04 3.08000e-01 1.50000e-07 3.64000e-02
1.98447e-02 8.52540e+03 1.18550e+02 1.00000e+00 1.66000e-01 8.34000e-01 1.49000e-13 5.66000e-06 2.93000e-01 7.07000e-01 1.98000e-17 2.14000e-09 5.85000e-04 3.25000e-01 1.75000e-07 3.93000e-02
2.06385e-02 8.49020e+03 1.18430e+02 1.00000e+00 1.77000e-01 8.23000e-01 1.85000e-13 6.50000e-06 3.10000e-01 6.90000e-01 2.64000e-17 2.64000e-09 6.66000e-04 3.43000e-01 2.05000e-07 4.24000e-02
2.14641e-02 8.45650e+03 1.18310e+02 1.00000e+00 1.89000e-01 8.11000e-01 2.30000e-13 7.45000e-06 3.28000e-01 6.72000e-01 3.52000e-17 3.25000e-09 7.57000e-04 3.60000e-01 2.39000e-07 4.57000e-02
2.23226e-02 8.42080e+03 1.18190e+02 1.00000e+00 2.02000e-01 7.98000e-01 2.86000e-13 8.54000e-06 3.47000e-01 6.53000e-01 4.69000e-17 3.99000e-09 8.59000e-04 3.78000e-01 2.80000e-07 4.93000e-02
2.32155e-02 8.38720e+03 1.18060e+02 1.00000e+00 2.15000e-01 7.85000e-01 3.54000e-13 9.77000e-06 3.67000e-01 6.33000e-01 6.24000e-17 4.90000e-09 9.73000e-04 3.97000e-01 3.27000e-07 5.32000e-02
2.41442e-02 8.35070e+03 1.17920e+02 1.00000e+00 2.29000e-01 7.71000e-01 4.38000e-13 1.12000e-05 3.87000e-01 6.13000e-01 8.29000e-17 6.01000e-09 1.10000e-03 4.16000e-01 3.81000e-07 5.73000e-02
2.51099e-02 8.31570e+03 1.17770e+02 1.00000e+00 2.44000e-01 7.56000e-01 5.41000e-13 1.27000e-05 4.08000e-01 5.92000e-01 1.10000e-16 7.35000e-09 1.24000e-03 4.34000e-01 4.45000e-07 6.18000e-02
2.61144e-02 8.28080e+03 1.17620e+02 1.00000e+00 2.59000e-01 7.41000e-01 6.68000e-13 1.45000e-05 4.29000e-01 5.71000e-01 1.45000e-16 8.98000e-09 1.40000e-03 4.54000e-01 5.19000e-07 6.65000e-02
2.71589e-02 8.24680e+03 1.17460e+02 1.00000e+00 2.75000e-01 7.25000e-01 8.23000e-13 1.65000e-05 4.51000e-01 5.49000e-01 1.92000e-16 1.09000e-08 1.58000e-03 4.73000e-01 6.05000e-07 7.16000e-02
2.82453e-02 8.21400e+03 1.17290e+02 1.00000e+00 2.92000e-01 7.08000e-01 1.01000e-12 1.88000e-05 4.73000e-01 5.27000e-01 2.53000e-16 1.33000e-08 1.78000e-03 4.92000e-01 7.04000e-07 7.71000e-02
2.93751e-02 8.18360e+03 1.17120e+02 1.00000e+00 3.10000e-01 6.90000e-01 1.24000e-12 2.13000e-05 4.95000e-01 5.05000e-01 3.33000e-16 1.62000e-08 1.99000e-03 5.11000e-01 8.19000e-07 8.29000e-02
3.05501e-02 8.15510e+03 1.16940e+02 1.00000e+00 3.28000e-01 6.72000e-01 1.52000e-12 2.41000e-05 5.18000e-01 4.82000e-01 4.37000e-16 1.96000e-08 2.23000e-03 5.30000e-01 9.53000e-07 8.91000e-02
3.17721e-02 8.12980e+03 1.16750e+02 1.00000e+00 3.47000e-01 6.53000e-01 1.86000e-12 2.73000e-05 5.41000e-01 4.58000e-01 5.72000e-16 2.37000e-08 2.50000e-03 5.49000e-01 1.11000e-06 9.57000e-02
3.30430e-02 8.10770e+03 1.16550e+02 1.00000e+00 3.67000e-01 6.33000e-01 2.27000e-12 3.08000e-05 5.65000e-01 4.35000e-01 7.48000e-16 2.87000e-08 2.79000e-03 5.68000e-01 1.28000e-06 1.03000e-01
3.43646e-02 8.09040e+03 1.16350e+02 1.00000e+00 3.87000e-01 6.13000e-01 2.76000e-12 3.46000e-05 5.88000e-01 4.12000e-01 9.75000e-16 3.46000e-08 3.11000e-03 5.87000e-01 1.49000e-06 1.10000e-01
3.57393e-02 8.07410e+03 1.16140e+02 1.00000e+00 4.09000e-01 5.91000e-01 3.36000e-12 3.89000e-05 6.12000e-01 3.88000e-01 1.27000e-15 4.16000e-08 3.46000e-03 6.05000e-01 1.72000e-06 1.18000e-01
3.71688e-02 8.06080e+03 1.15920e+02 1.00000e+00 4.31000e-01 5.69000e-01 4.07000e-12 4.37000e-05 6.35000e-01 3.65000e-01 1.65000e-15 5.00000e-08 3.85000e-03 6.23000e-01 2.00000e-06 1.26000e-01
3.86557e-02 8.04800e+03 1.15690e+02 1.00000e+00 4.53000e-01 5.47000e-01 4.93000e-12 4.90000e-05 6.59000e-01 3.41000e-01 2.14000e-15 6.00000e-08 4.28000e-03 6.41000e-01 2.31000e-06 1.35000e-01
4.02019e-02 8.03830e+03 1.15460e+02 1.00000e+00 4.77000e-01 5.23000e-01 5.95000e-12 5.48000e-05 6.82000e-01 3.18000e-01 2.76000e-15 7.18000e-08 4.74000e-03 6.58000e-01 2.66000e-06 1.44000e-01
4.18099e-02 8.02970e+03 1.15220e+02 1.00000e+00 5.01000e-01 4.99000e-01 7.18000e-12 6.11000e-05 7.05000e-01 2.95000e-01 3.57000e-15 8.58000e-08 5.24000e-03 6.74000e-01 3.07000e-06 1.54000e-01
4.34822e-02 8.02160e+03 1.14970e+02 1.00000e+00 5.26000e-01 4.74000e-01 8.63000e-12 6.81000e-05 7.27000e-01 2.73000e-01 4.60000e-15 1.02000e-07 5.80000e-03 6.91000e-01 3.54000e-06 1.65000e-01
4.52215e-02 8.01390e+03 1.14710e+02 1.00000e+00 5.52000e-01 4.48000e-01 1.04000e-11 7.57000e-05 7.49000e-01 2.51000e-01 5.91000e-15 1.22000e-07 6.40000e-03 7.06000e-01 4.08000e-06 1.76000e-01
4.70305e-02 8.00800e+03 1.14410e+02 1.00000e+00 5.78000e-01 4.22000e-01 1.24000e-11 8.40000e-05 7.70000e-01 2.30000e-01 7.58000e-15 1.45000e-07 7.04000e-03 7.21000e-01 4.69000e-06 1.87000e-01
4.89118e-02 7.99850e+03 1.14170e+02 1.00000e+00 6.05000e-01 3.95000e-01 1.49000e-11 9.32000e-05 7.91000e-01 2.09000e-01 9.73000e-15 1.72000e-07 7.75000e-03 7.36000e-01 5.39000e-06 1.99000e-01
5.08682e-02 7.99130e+03 1.13910e+02 1.00000e+00 6.32000e-01 3.68000e-01 1.78000e-11 1.03000e-04 8.11000e-01 1.89000e-01 1.25000e-14 2.04000e-07 8.52000e-03 7.50000e-01 6.19000e-06 2.12000e-01
5.29028e-02 7.98250e+03 1.13640e+02 1.00000e+00 6.59000e-01 3.41000e-01 2.12000e-11 1.14000e-04 8.30000e-01 1.70000e-01 1.60000e-14 2.42000e-07 9.36000e-03 7.63000e-01 7.10000e-06 2.25000e-01
5.50190e-02 7.97350e+03 1.13300e+02 1.00000e+00 6.86000e-01 3.14000e-01 2.52000e-11 1.26000e-04 8.48000e-01 1.52000e-01 2.04000e-14 2.87000e-07 1.03000e-02 7.75000e-01 8.13000e-06 2.39000e-01
5.72198e-02 7.96420e+03 1.13070e+02 1.00000e+00 7.14000e-01 2.86000e-01 3.01000e-11 1.38000e-04 8.65000e-01 1.35000e-01 2.61000e-14 3.39000e-07 1.12000e-02 7.87000e-01 9.32000e-06 2.54000e-01
5.95085e-02 7.95420e+03 1.12810e+02 1.00000e+00 7.41000e-01 2.59000e-01 3.57000e-11 1.52000e-04 8.81000e-01 1.19000e-01 3.33000e-14 4.01000e-07 1.23000e-02 7.99000e-01 1.07000e-05 2.69000e-01
6.18888e-02 7.94350e+03 1.12540e+02 1.00000e+00 7.67000e-01 2.33000e-01 4.23000e-11 1.67000e-04 8.96000e-01 1.04000e-01 4.24000e-14 4.73000e-07 1.34000e-02 8.09000e-01 1.22000e-05 2.84000e-01
6.43645e-02 7.93240e+03 1.12290e+02 1.00000e+00 7.93000e-01 2.07000e-01 5.01000e-11 1.83000e-04 9.09000e-01 9.04000e-02 5.40000e-14 5.58000e-07 1.47000e-02 8.19000e-01 1.39000e-05 3.00000e-01
6.69389e-02 7.92040e+03 1.12040e+02 1.00000e+00 8.18000e-01 1.82000e-01 5.93000e-11 2.01000e-04 9.22000e-01 7.79000e-02 6.88000e-14 6.58000e-07 1.60000e-02 8.29000e-01 1.59000e-05 3.17000e-01
6.96165e-02 7.90820e+03 1.11800e+02 1.00000e+00 8.41000e-01 1.59000e-01 7.01000e-11 2.19000e-04 9.33000e-01 6.66000e-02 8.76000e-14 7.75000e-07 1.75000e-02 8.37000e-01 1.81000e-05 3.34000e-01
7.24013e-02 7.89480e+03 1.11570e+02 1.00000e+00 8.62000e-01 1.38000e-01 8.27000e-11 2.39000e-04 9.43000e-01 5.65000e-02 1.11000e-13 9.13000e-07 1.90000e-02 8.45000e-01 2.05000e-05 3.52000e-01
7.52972e-02 7.88230e+03 1.11360e+02 1.00000e+00 8.82000e-01 1.18000e-01 9.75000e-11 2.61000e-04 9.52000e-01 4.76000e-02 1.42000e-13 1.07000e-06 2.07000e-02 8.53000e-01 2.33000e-05 3.70000e-01
7.83092e-02 7.86740e+03 1.11130e+02 1.00000e+00 9.00000e-01 9.96000e-02 1.15000e-10 2.85000e-04 9.60000e-01 3.97000e-02 1.80000e-13 1.26000e-06 2.26000e-02 8.60000e-01 2.65000e-05 3.89000e-01
8.14414e-02 7.85500e+03 1.10990e+02 1.00000e+00 9.17000e-01 8.35000e-02 1.35000e-10 3.10000e-04 9.67000e-01 3.29000e-02 2.29000e-13 1.48000e-06 2.45000e-02 8.66000e-01 3.00000e-05 4.08000e-01
8.46991e-02 7.83930e+03 1.10840e+02 1.00000e+00 9.31000e-01 6.92000e-02 1.59000e-10 3.37000e-04 9.73000e-01 2.70000e-02 2.91000e-13 1.75000e-06 2.67000e-02 8.71000e-01 3.40000e-05 4.27000e-01
8.80873e-02 7.82750e+03 1.10720e+02 1.00000e+00 9.43000e-01 5.68000e-02 1.87000e-10 3.66000e-04 9.78000e-01 2.20000e-02 3.70000e-13 2.05000e-06 2.90000e-02 8.76000e-01 3.84000e-05 4.47000e-01
9.16107e-02 7.81080e+03 1.10600e+02 1.00000e+00 9.54000e-01 4.62000e-02 2.20000e-10 3.98000e-04 9.82000e-01 1.78000e-02 4.70000e-13 2.41000e-06 3.15000e-02 8.80000e-01 4.34000e-05 4.66000e-01
9.52750e-02 7.80090e+03 1.10510e+02 1.00000e+00 9.63000e-01 3.72000e-02 2.58000e-10 4.32000e-04 9.85000e-01 1.43000e-02 5.96000e-13 2.83000e-06 3.41000e-02 8.84000e-01 4.90000e-05 4.86000e-01
9.90862e-02 7.78290e+03 1.10430e+02 1.00000e+00 9.70000e-01 2.97000e-02 3.04000e-10 4.69000e-04 9.88000e-01 1.14000e-02 7.58000e-13 3.32000e-06 3.70000e-02 8.87000e-01 5.52000e-05 5.06000e-01
1.03050e-01 7.77630e+03 1.10370e+02 1.00000e+00 9.76000e-01 2.35000e-02 3.56000e-10 5.08000e-04 9.91000e-01 8.99000e-03 9.61000e-13 3.89000e-06 4.01000e-02 8.90000e-01 6.20000e-05 5.26000e-01
1.07172e-01 7.76090e+03 1.10320e+02 1.00000e+00 9.82000e-01 1.84000e-02 4.18000e-10 5.51000e-04 9.92000e-01 7.05000e-03 1.22000e-12 4.56000e-06 4.35000e-02 8.92000e-01 6.96000e-05 5.46000e-01
1.11459e-01 7.75250e+03 1.10270e+02 1.00000e+00 9.86000e-01 1.43000e-02 4.91000e-10 5.97000e-04 9.94000e-01 5.50000e-03 1.54000e-12 5.34000e-06 4.71000e-02 8.93000e-01 7.80000e-05 5.65000e-01
1.15917e-01 7.73440e+03 1.10240e+02 1.00000e+00 9.89000e-01 1.10000e-02 5.77000e-10 6.47000e-04 9.95000e-01 4.25000e-03 1.96000e-12 6.26000e-06 5.09000e-02 8.93000e-01 8.74000e-05 5.85000e-01
1.20553e-01 7.72940e+03 1.10210e+02 1.00000e+00 9.92000e-01 8.45000e-03 6.76000e-10 7.01000e-04 9.96000e-01 3.27000e-03 2.48000e-12 7.32000e-06 5.51000e-02 8.94000e-01 9.76000e-05 6.04000e-01
1.25375e-01 7.72130e+03 1.10190e+02 1.00000e+00 9.94000e-01 6.42000e-03 7.92000e-10 7.59000e-04 9.97000e-01 2.49000e-03 3.14000e-12 8.56000e-06 5.95000e-02 8.93000e-01 1.09000e-04 6.23000e-01
1.30390e-01 7.71250e+03 1.10170e+02 1.00000e+00 9.95000e-01 4.83000e-03 9.29000e-10 8.22000e-04 9.97000e-01 1.89000e-03 3.97000e-12 1.00000e-05 6.43000e-02 8.92000e-01 1.21000e-04 6.41000e-01
1.35606e-01 7.70320e+03 1.10160e+02 1.00000e+00 9.96000e-01 3.61000e-03 1.09000e-09 8.90000e-04 9.98000e-01 1.42000e-03 5.01000e-12 1.17000e-05 6.94000e-02 8.90000e-01 1.35000e-04 6.60000e-01
1.41030e-01 7.69910e+03 1.10150e+02 1.00000e+00 9.97000e-01 2.68000e-03 1.28000e-09 9.63000e-04 9.98000e-01 1.06000e-03 6.32000e-12 1.36000e-05 7.49000e-02 8.88000e-01 1.50000e-04 6.77000e-01
1.46672e-01 7.69060e+03 1.10140e+02 1.00000e+00 9.98000e-01 1.97000e-03 1.50000e-09 1.04000e-03 9.98000e-01 7.86000e-04 7.98000e-12 1.59000e-05 8.07000e-02 8.85000e-01 1.66000e-04 6.94000e-01
1.52539e-01 7.68740e+03 1.10140e+02 1.00000e+00 9.99000e-01 1.44000e-03 1.75000e-09 1.13000e-03 9.98000e-01 5.79000e-04 1.01000e-11 1.85000e-05 8.70000e-02 8.81000e-01 1.84000e-04 7.11000e-01
1.58640e-01 7.68010e+03 1.10130e+02 1.00000e+00 9.99000e-01 1.04000e-03 2.06000e-09 1.22000e-03 9.98000e-01 4.23000e-04 1.27000e-11 2.16000e-05 9.36000e-02 8.77000e-01 2.04000e-04 7.27000e-01
1.64986e-01 7.67880e+03 1.10130e+02 1.00000e+00 9.99000e-01 7.52000e-04 2.41000e-09 1.32000e-03 9.98000e-01 3.07000e-04 1.60000e-11 2.51000e-05 1.01000e-01 8.73000e-01 2.25000e-04 7.42000e-01
1.71585e-01 7.67190e+03 1.10120e+02 1.00000e+00 9.99000e-01 5.37000e-04 2.83000e-09 1.43000e-03 9.98000e-01 2.22000e-04 2.01000e-11 2.92000e-05 1.08000e-01 8.67000e-01 2.49000e-04 7.57000e-01
1.78448e-01 7.67290e+03 1.10120e+02 1.00000e+00 1.00000e+00 3.81000e-04 3.31000e-09 1.55000e-03 9.98000e-01 1.59000e-04 2.52000e-11 3.40000e-05 1.16000e-01 8.61000e-01 2.74000e-04 7.71000e-01
1.85586e-01 7.66780e+03 1.10120e+02 1.00000e+00 1.00000e+00 2.69000e-04 3.88000e-09 1.67000e-03 9.98000e-01 1.13000e-04 3.17000e-11 3.94000e-05 1.25000e-01 8.54000e-01 3.02000e-04 7.85000e-01
1.93010e-01 7.66580e+03 1.10120e+02 1.00000e+00 1.00000e+00 1.88000e-04 4.55000e-09 1.81000e-03 9.98000e-01 8.00000e-05 3.97000e-11 4.57000e-05 1.34000e-01 8.47000e-01 3.32000e-04 7.98000e-01
2.00730e-01 7.66660e+03 1.10120e+02 1.00000e+00 1.00000e+00 1.31000e-04 5.33000e-09 1.96000e-03 9.98000e-01 5.62000e-05 4.98000e-11 5.30000e-05 1.44000e-01 8.39000e-01 3.65000e-04 8.11000e-01
2.08759e-01 7.66420e+03 1.10120e+02 1.00000e+00 1.00000e+00 9.01000e-05 6.26000e-09 2.12000e-03 9.98000e-01 3.92000e-05 6.24000e-11 6.14000e-05 1.54000e-01 8.30000e-01 4.01000e-04 8.22000e-01
2.17110e-01 7.66660e+03 1.10120e+02 1.00000e+00 1.00000e+00 6.18000e-05 7.33000e-09 2.29000e-03 9.98000e-01 2.72000e-05 7.80000e-11 7.09000e-05 1.64000e-01 8.21000e-01 4.39000e-04 8.34000e-01
2.25794e-01 7.66590e+03 1.10120e+02 1.00000e+00 1.00000e+00 4.21000e-05 8.60000e-09 2.48000e-03 9.98000e-01 1.88000e-05 9.76000e-11 8.20000e-05 1.76000e-01 8.11000e-01 4.81000e-04 8.44000e-01
2.34826e-01 7.66850e+03 1.10120e+02 1.00000e+00 1.00000e+00 2.86000e-05 1.01000e-08 2.68000e-03 9.97000e-01 1.29000e-05 1.22000e-10 9.46000e-05 1.88000e-01 8.00000e-01 5.27000e-04 8.54000e-01
2.44219e-01 7.66960e+03 1.10120e+02 1.00000e+00 1.00000e+00 1.92000e-05 1.18000e-08 2.90000e-03 9.97000e-01 8.79000e-06 1.52000e-10 1.09000e-04 2.00000e-01 7.89000e-01 5.76000e-04 8.64000e-01
2.53988e-01 7.67150e+03 1.10120e+02 1.00000e+00 1.00000e+00 1.29000e-05 1.39000e-08 3.13000e-03 9.97000e-01 5.97000e-06 1.89000e-10 1.26000e-04 2.13000e-01 7.77000e-01 6.30000e-04 8.73000e-01
2.64147e-01 7.67470e+03 1.10120e+02 1.00000e+00 1.00000e+00 8.59000e-06 1.63000e-08 3.39000e-03 9.97000e-01 4.03000e-06 2.35000e-10 1.44000e-04 2.27000e-01 7.64000e-01 6.88000e-04 8.81000e-01
2.74713e-01 7.67740e+03 1.10120e+02 1.00000e+00 1.00000e+00 5.69000e-06 1.91000e-08 3.67000e-03 9.96000e-01 2.71000e-06 2.92000e-10 1.66000e-04 2.41000e-01 7.51000e-01 7.51000e-04 8.89000e-01
2.85702e-01 7.68050e+03 1.10110e+02 1.00000e+00 1.00000e+00 3.75000e-06 2.24000e-08 3.96000e-03 9.96000e-01 1.82000e-06 3.63000e-10 1.90000e-04 2.56000e-01 7.37000e-01 8.20000e-04 8.97000e-01
2.97130e-01 7.68400e+03 1.10110e+02 1.00000e+00 1.00000e+00 2.46000e-06 2.63000e-08 4.29000e-03 9.96000e-01 1.21000e-06 4.50000e-10 2.18000e-04 2.71000e-01 7.22000e-01 8.94000e-04 9.04000e-01
3.09015e-01 7.68790e+03 1.10110e+02 1.00000e+00 1.00000e+00 1.60000e-06 3.09000e-08 4.63000e-03 9.95000e-01 8.06000e-07 5.56000e-10 2.50000e-04 2.87000e-01 7.06000e-01 9.74000e-04 9.10000e-01
3.21376e-01 7.69230e+03 1.10110e+02 1.00000e+00 1.00000e+00 1.04000e-06 3.62000e-08 5.01000e-03 9.95000e-01 5.35000e-07 6.88000e-10 2.86000e-04 3.04000e-01 6.90000e-01 1.06000e-03 9.17000e-01
3.34231e-01 7.69690e+03 1.10110e+02 1.00000e+00 1.00000e+00 6.69000e-07 4.26000e-08 5.42000e-03 9.95000e-01 3.56000e-07 8.49000e-10 3.26000e-04 3.21000e-01 6.74000e-01 1.15000e-03 9.22000e-01
3.47600e-01 7.70150e+03 1.10110e+02 1.00000e+00 1.00000e+00 4.28000e-07 5.00000e-08 5.86000e-03 9.94000e-01 2.37000e-07 1.05000e-09 3.72000e-04 3.38000e-01 6.57000e-01 1.26000e-03 9.28000e-01
3.61502e-01 7.70610e+03 1.10110e+02 1.00000e+00 1.00000e+00 2.72000e-07 5.88000e-08 6.33000e-03 9.94000e-01 1.59000e-07 1.29000e-09 4.23000e-04 3.56000e-01 6.39000e-01 1.37000e-03 9.33000e-01
3.75963e-01 7.71070e+03 1.10110e+02 1.00000e+00 1.00000e+00 1.71000e-07 6.91000e-08 6.85000e-03 9.93000e-01 0.00000e+00 1.58000e-09 4.81000e-04 3.75000e-01 6.21000e-01 1.49000e-03 9.37000e-01
3.91003e-01 7.71530e+03 1.10110e+02 1.00000e+00 1.00000e+00 1.07000e-07 8.13000e-08 7.41000e-03 9.93000e-01 0.00000e+00 1.94000e-09 5.46000e-04 3.93000e-01 6.03000e-01 1.62000e-03 9.42000e-01
4.06643e-01 7.72000e+03 1.10110e+02 1.00000e+00 1.00000e+00 6.62000e-08 9.57000e-08 8.01000e-03 9.92000e-01 0.00000e+00 2.38000e-09 6.19000e-04 4.13000e-01 5.84000e-01 1.76000e-03 9.46000e-01
4.22909e-01 7.72290e+03 1.10110e+02 1.00000e+00 1.00000e+00 4.06000e-08 1.13000e-07 8.66000e-03 9.91000e-01 0.00000e+00 2.91000e-09 7.00000e-04 4.32000e-01 5.65000e-01 1.91000e-03 9.49000e-01
4.39826e-01 7.72890e+03 1.10110e+02 1.00000e+00 1.00000e+00 2.46000e-08 1.33000e-07 9.36000e-03 9.91000e-01 0.00000e+00 3.55000e-09 7.91000e-04 4.51000e-01 5.45000e-01 2.08000e-03 9.53000e-01
4.57417e-01 7.73050e+03 1.10110e+02 1.00000e+00 1.00000e+00 1.48000e-08 1.57000e-07 1.01000e-02 9.90000e-01 0.00000e+00 4.33000e-09 8.93000e-04 4.71000e-01 5.26000e-01 2.26000e-03 9.56000e-01
4.75714e-01 7.73500e+03 1.10110e+02 1.00000e+00 1.00000e+00 8.77000e-09 1.85000e-07 1.10000e-02 9.89000e-01 0.00000e+00 5.27000e-09 1.01000e-03 4.91000e-01 5.06000e-01 2.45000e-03 9.59000e-01
4.94744e-01 7.73740e+03 1.10110e+02 1.00000e+00 1.00000e+00 5.14000e-09 2.18000e-07 1.19000e-02 9.88000e-01 0.00000e+00 6.41000e-09 1.13000e-03 5.11000e-01 4.86000e-01 2.66000e-03 9.62000e-01
5.14532e-01 7.73960e+03 1.10110e+02 1.00000e+00 1.00000e+00 2.98000e-09 2.57000e-07 1.28000e-02 9.87000e-01 0.00000e+00 7.78000e-09 1.27000e-03 5.31000e-01 4.67000e-01 2.89000e-03 9.64000e-01
5.35114e-01 7.74160e+03 1.10110e+02 1.00000e+00 1.00000e+00 1.70000e-09 3.04000e-07 1.39000e-02 9.86000e-01 0.00000e+00 9.43000e-09 1.42000e-03 5.50000e-01 4.47000e-01 3.14000e-03 9.66000e-01
5.56520e-01 7.74240e+03 1.10110e+02 1.00000e+00 1.00000e+00 9.57000e-10 3.60000e-07 1.50000e-02 9.85000e-01 0.00000e+00 1.14000e-08 1.59000e-03 5.70000e-01 4.27000e-01 3.41000e-03 9.68000e-01
5.78780e-01 7.74290e+03 1.10110e+02 1.00000e+00 1.00000e+00 5.31000e-10 4.26000e-07 1.62000e-02 9.84000e-01 0.00000e+00 1.38000e-08 1.78000e-03 5.89000e-01 4.08000e-01 3.70000e-03 9.70000e-01
6.01929e-01 7.74310e+03 1.10100e+02 1.00000e+00 1.00000e+00 2.91000e-10 5.04000e-07 1.76000e-02 9.82000e-01 0.00000e+00 1.66000e-08 1.99000e-03 6.09000e-01 3.89000e-01 4.02000e-03 9.72000e-01
6.26008e-01 7.74190e+03 1.10100e+02 1.00000e+00 1.00000e+00 1.57000e-10 5.98000e-07 1.90000e-02 9.81000e-01 0.00000e+00 2.00000e-08 2.22000e-03 6.27000e-01 3.70000e-01 4.37000e-03 9.73000e-01
6.51047e-01 7.73520e+03 1.10100e+02 1.00000e+00 1.00000e+00 8.31000e-11 7.11000e-07 2.06000e-02 9.79000e-01 0.00000e+00 2.41000e-08 2.47000e-03 6.46000e-01 3.51000e-01 4.75000e-03 9.75000e-01
6.77090e-01 7.73190e+03 1.10100e+02 1.00000e+00 1.00000e+00 4.34000e-11 8.44000e-07 2.23000e-02 9.78000e-01 0.00000e+00 2.90000e-08 2.75000e-03 6.64000e-01 3.33000e-01 5.16000e-03 9.76000e-01
7.04173e-01 7.73180e+03 1.10100e+02 1.00000e+00 1.00000e+00 2.24000e-11 1.00000e-06 2.42000e-02 9.76000e-01 0.00000e+00 3.49000e-08 3.05000e-03 6.82000e-01 3.15000e-01 5.61000e-03 9.77000e-01
7.32342e-01 7.72430e+03 1.10100e+02 1.00000e+00 1.00000e+00 1.14000e-11 1.20000e-06 2.62000e-02 9.74000e-01 0.00000e+00 4.18000e-08 3.38000e-03 6.99000e-01 2.98000e-01 6.11000e-03 9.78000e-01
7.61635e-01 7.71610e+03 1.10100e+02 1.00000e+00 1.00000e+00 5.72000e-12 1.43000e-06 2.84000e-02 9.72000e-01 0.00000e+00 5.01000e-08 3.75000e-03 7.15000e-01 2.81000e-01 6.64000e-03 9.79000e-01
7.92098e-01 7.70810e+03 1.10100e+02 1.00000e+00 9.99000e-01 2.85000e-12 1.70000e-06 3.08000e-02 9.69000e-01 0.00000e+00 5.99000e-08 4.15000e-03 7.31000e-01 2.64000e-01 7.23000e-03 9.79000e-01
8.23783e-01 7.69870e+03 1.10100e+02 1.00000e+00 9.99000e-01 1.43000e-12 2.03000e-06 3.34000e-02 9.67000e-01 0.00000e+00 7.16000e-08 4.59000e-03 7.47000e-01 2.48000e-01 7.88000e-03 9.80000e-01
8.56736e-01 7.68740e+03 1.10090e+02 1.00000e+00 9.99000e-01 7.20000e-13 2.43000e-06 3.62000e-02 9.64000e-01 0.00000e+00 8.56000e-08 5.06000e-03 7.62000e-01 2.33000e-01 8.58000e-03 9.80000e-01
8.91004e-01 7.67490e+03 1.10090e+02 1.00000e+00 9.99000e-01 3.74000e-13 2.91000e-06 3.93000e-02 9.61000e-01 0.00000e+00 1.02000e-07 5.59000e-03 7.76000e-01 2.18000e-01 9.36000e-03 9.80000e-01
9.26646e-01 7.66130e+03 1.10090e+02 1.00000e+00 9.99000e-01 2.05000e-13 3.49000e-06 4.27000e-02 9.57000e-01 0.00000e+00 1.22000e-07 6.15000e-03 7.89000e-01 2.04000e-01 1.02000e-02 9.80000e-01
9.63711e-01 7.64630e+03 1.10090e+02 1.00000e+00 9.99000e-01 1.20000e-13 4.19000e-06 4.63000e-02 9.54000e-01 0.00000e+00 1.45000e-07 6.78000e-03 8.02000e-01 1.91000e-01 1.11000e-02 9.80000e-01
1.00226e+00 7.63010e+03 1.10090e+02 1.00000e+00 9.99000e-01 7.68000e-14 5.04000e-06 5.03000e-02 9.50000e-01 0.00000e+00 1.73000e-07 7.45000e-03 8.15000e-01 1.78000e-01 1.22000e-02 9.80000e-01
1.04235e+00 7.61280e+03 1.10080e+02 1.00000e+00 9.99000e-01 5.34000e-14 6.06000e-06 5.47000e-02 9.45000e-01 0.00000e+00 2.06000e-07 8.20000e-03 8.26000e-01 1.66000e-01 1.33000e-02 9.79000e-01
1.08404e+00 7.59450e+03 1.10080e+02 1.00000e+00 9.99000e-01 3.97000e-14 7.31000e-06 5.95000e-02 9.41000e-01 0.00000e+00 2.45000e-07 9.00000e-03 8.37000e-01 1.54000e-01 1.46000e-02 9.79000e-01
1.12741e+00 7.57540e+03 1.10080e+02 1.00000e+00 9.99000e-01 3.11000e-14 8.82000e-06 6.47000e-02 9.35000e-01 0.00000e+00 2.92000e-07 9.89000e-03 8.48000e-01 1.43000e-01 1.60000e-02 9.78000e-01
1.17250e+00 7.55570e+03 1.10080e+02 1.00000e+00 9.99000e-01 2.52000e-14 1.07000e-05 7.05000e-02 9.30000e-01 0.00000e+00 3.47000e-07 1.09000e-02 8.57000e-01 1.32000e-01 1.75000e-02 9.77000e-01
1.21940e+00 7.53560e+03 1.10070e+02 1.00000e+00 9.99000e-01 2.08000e-14 1.29000e-05 7.68000e-02 9.23000e-01 0.00000e+00 4.14000e-07 1.19000e-02 8.66000e-01 1.22000e-01 1.93000e-02 9.76000e-01
1.26818e+00 7.51560e+03 1.10070e+02 1.00000e+00 9.99000e-01 1.74000e-14 1.57000e-05 8.37000e-02 9.16000e-01 0.00000e+00 4.92000e-07 1.31000e-02 8.75000e-01 1.12000e-01 2.12000e-02 9.74000e-01
1.31890e+00 7.49600e+03 1.10060e+02 1.00000e+00 9.99000e-01 1.47000e-14 1.91000e-05 9.13000e-02 9.09000e-01 0.00000e+00 5.87000e-07 1.44000e-02 8.82000e-01 1.03000e-01 2.34000e-02 9.72000e-01
1.37166e+00 7.47730e+03 1.10060e+02 1.00000e+00 9.98000e-01 1.25000e-14 2.33000e-05 9.97000e-02 9.00000e-01 0.00000e+00 7.00000e-07 1.58000e-02 8.90000e-01 9.46000e-02 2.59000e-02 9.70000e-01
1.42653e+00 7.46060e+03 1.10050e+02 1.00000e+00 9.98000e-01 1.06000e-14 2.85000e-05 1.09000e-01 8.91000e-01 0.00000e+00 8.36000e-07 1.73000e-02 8.96000e-01 8.65000e-02 2.86000e-02 9.68000e-01
1.48359e+00 7.44610e+03 1.10050e+02 1.00000e+00 9.98000e-01 9.04000e-15 3.50000e-05 1.19000e-01 8.81000e-01 0.00000e+00 9.99000e-07 1.90000e-02 9.02000e-01 7.88000e-02 3.18000e-02 9.65000e-01
1.54293e+00 7.43510e+03 1.10040e+02 1.00000e+00 9.98000e-01 7.71000e-15 4.32000e-05 1.31000e-01 8.69000e-01 0.00000e+00 1.20000e-06 2.10000e-02 9.07000e-01 7.16000e-02 3.54000e-02 9.62000e-01
1.60465e+00 7.42870e+03 1.10040e+02 9.99000e-01 9.98000e-01 6.57000e-15 5.35000e-05 1.43000e-01 8.57000e-01 0.00000e+00 1.44000e-06 2.31000e-02 9.12000e-01 6.48000e-02 3.96000e-02 9.58000e-01
1.66883e+00 7.42840e+03 1.10030e+02 9.99000e-01 9.97000e-01 5.60000e-15 6.66000e-05 1.57000e-01 8.43000e-01 0.00000e+00 1.73000e-06 2.55000e-02 9.16000e-01 5.83000e-02 4.44000e-02 9.53000e-01
1.73559e+00 7.43180e+03 1.10020e+02 9.99000e-01 9.97000e-01 4.76000e-15 8.36000e-05 1.73000e-01 8.27000e-01 0.00000e+00 2.09000e-06 2.83000e-02 9.20000e-01 5.22000e-02 5.01000e-02 9.48000e-01
1.80501e+00 7.44820e+03 1.10010e+02 9.99000e-01 9.97000e-01 4.05000e-15 1.06000e-04 1.91000e-01 8.08000e-01 0.00000e+00 2.54000e-06 3.14000e-02 9.22000e-01 4.65000e-02 5.68000e-02 9.41000e-01
1.87721e+00 7.47560e+03 1.09990e+02 9.99000e-01 9.96000e-01 3.43000e-15 1.35000e-04 2.12000e-01 7.88000e-01 0.00000e+00 3.10000e-06 3.50000e-02 9.24000e-01 4.10000e-02 6.49000e-02 9.34000e-01
1.95230e+00 7.51180e+03 1.09980e+02 9.99000e-01 9.96000e-01 2.90000e-15 1.75000e-04 2.36000e-01 7.64000e-01 0.00000e+00 3.81000e-06 3.92000e-02 9.25000e-01 3.59000e-02 7.48000e-02 9.24000e-01
2.03039e+00 7.58060e+03 1.09960e+02 9.99000e-01 9.95000e-01 2.45000e-15 2.29000e-04 2.63000e-01 7.36000e-01 0.00000e+00 4.71000e-06 4.42000e-02 9.25000e-01 3.10000e-02 8.70000e-02 9.12000e-01
2.11161e+00 7.66610e+03 1.09930e+02 9.99000e-01 9.94000e-01 2.06000e-15 3.07000e-04 2.96000e-01 7.04000e-01 0.00000e+00 5.89000e-06 5.03000e-02 9.23000e-01 2.64000e-02 1.03000e-01 8.96000e-01
2.19083e+00 7.76360e+03 1.09900e+02 9.99000e-01 9.94000e-01 1.72000e-15 4.14000e-04 3.33000e-01 6.66000e-01 0.00000e+00 7.35000e-06 5.73000e-02 9.20000e-01 2.22000e-02 1.22000e-01 8.77000e-01
2.26129e+00 7.89770e+03 1.09870e+02 9.98000e-01 9.92000e-01 1.48000e-15 5.47000e-04 3.71000e-01 6.28000e-01 0.00000e+00 8.96000e-06 6.46000e-02 9.17000e-01 1.88000e-02 1.44000e-01 8.55000e-01
2.32331e+00 8.02700e+03 1.09840e+02 9.98000e-01 9.91000e-01 1.30000e-15 7.12000e-04 4.10000e-01 5.89000e-01 0.00000e+00 1.07000e-05 7.23000e-02 9.12000e-01 1.60000e-02 1.68000e-01 8.31000e-01
2.37222e+00 8.13960e+03 1.09800e+02 9.98000e-01 9.90000e-01 1.15000e-15 8.88000e-04 4.45000e-01 5.54000e-01 0.00000e+00 1.25000e-05 7.95000e-02 9.07000e-01 1.39000e-02 1.92000e-01 8.07000e-01
2.40758e+00 8.23450e+03 1.09770e+02 9.98000e-01 9.89000e-01 1.07000e-15 1.05000e-03 4.74000e-01 5.25000e-01 0.00000e+00 1.39000e-05 8.54000e-02 9.02000e-01 1.24000e-02 2.13000e-01 7.87000e-01
2.44392e+00 8.34080e+03 1.09730e+02 9.98000e-01 9.88000e-01 1.00000e-15 1.26000e-03 5.06000e-01 4.93000e-01 0.00000e+00 1.57000e-05 9.24000e-02 8.97000e-01 1.09000e-02 2.38000e-01 7.61000e-01
2.49117e+00 8.48840e+03 1.09670e+02 9.97000e-01 9.85000e-01 8.95000e-16 1.61000e-03 5.52000e-01 4.47000e-01 0.00000e+00 1.83000e-05 1.03000e-01 8.88000e-01 9.08000e-03 2.79000e-01 7.21000e-01
2.53701e+00 8.65150e+03 1.09590e+02 9.97000e-01 9.82000e-01 7.72000e-16 2.09000e-03 6.02000e-01 3.96000e-01 0.00000e+00 2.15000e-05 1.15000e-01 8.77000e-01 7.40000e-03 3.28000e-01 6.71000e-01
2.56763e+00 8.77290e+03 1.09520e+02 9.96000e-01 9.80000e-01 7.08000e-16 2.52000e-03 6.41000e-01 3.57000e-01 0.00000e+00 2.41000e-05 1.25000e-01 8.69000e-01 6.31000e-03 3.69000e-01 6.30000e-01
2.58888e+00 8.86100e+03 1.09470e+02 9.96000e-01 9.77000e-01 6.75000e-16 2.90000e-03 6.69000e-01 3.28000e-01 0.00000e+00 2.62000e-05 1.33000e-01 8.62000e-01 5.57000e-03 4.02000e-01 5.96000e-01
2.61135e+00 8.93410e+03 1.09390e+02 9.96000e-01 9.74000e-01 6.35000e-16 3.37000e-03 7.00000e-01 2.97000e-01 0.00000e+00 2.87000e-05 1.42000e-01 8.53000e-01 4.82000e-03 4.43000e-01 5.55000e-01
2.64055e+00 9.03360e+03 1.09270e+02 9.95000e-01 9.69000e-01 5.76000e-16 4.14000e-03 7.42000e-01 2.54000e-01 0.00000e+00 3.26000e-05 1.57000e-01 8.39000e-01 3.91000e-03 5.04000e-01 4.95000e-01
2.66916e+00 9.16020e+03 1.09120e+02 9.94000e-01 9.62000e-01 5.02000e-16 5.14000e-03 7.85000e-01 2.10000e-01 0.00000e+00 3.70000e-05 1.73000e-01 8.24000e-01 3.06000e-03 5.72000e-01 4.26000e-01
2.68986e+00 9.24280e+03 1.08970e+02 9.93000e-01 9.54000e-01 4.58000e-16 6.09000e-03 8.18000e-01 1.76000e-01 0.00000e+00 4.09000e-05 1.87000e-01 8.10000e-01 2.48000e-03 6.29000e-01 3.68000e-01
2.70641e+00 9.30980e+03 1.08830e+02 9.93000e-01 9.46000e-01 4.25000e-16 7.03000e-03 8.44000e-01 1.49000e-01 0.00000e+00 4.45000e-05 2.01000e-01 7.97000e-01 2.03000e-03 6.79000e-01 3.18000e-01
2.72085e+00 9.35380e+03 1.08640e+02 9.92000e-01 9.36000e-01 3.87000e-16 8.02000e-03 8.66000e-01 1.26000e-01 0.00000e+00 4.81000e-05 2.14000e-01 7.85000e-01 1.67000e-03 7.25000e-01 2.72000e-01
2.73276e+00 9.40810e+03 1.08510e+02 9.91000e-01 9.25000e-01 3.58000e-16 8.97000e-03 8.84000e-01 1.07000e-01 0.00000e+00 5.14000e-05 2.26000e-01 7.73000e-01 1.39000e-03 7.63000e-01 2.33000e-01
2.74299e+00 9.44420e+03 1.08280e+02 9.91000e-01 9.13000e-01 3.30000e-16 9.92000e-03 8.99000e-01 9.15000e-02 0.00000e+00 5.45000e-05 2.37000e-01 7.62000e-01 1.16000e-03 7.96000e-01 1.99000e-01
2.75231e+00 9.47490e+03 1.08110e+02 9.90000e-01 8.99000e-01 3.04000e-16 1.09000e-02 9.12000e-01 7.75000e-02 0.00000e+00 5.76000e-05 2.48000e-01 7.51000e-01 9.64000e-04 8.27000e-01 1.69000e-01
2.76089e+00 9.50460e+03 1.07890e+02 9.89000e-01 8.82000e-01 2.77000e-16 1.20000e-02 9.23000e-01 6.51000e-02 0.00000e+00 6.07000e-05 2.60000e-01 7.40000e-01 7.95000e-04 8.54000e-01 1.41000e-01
2.76854e+00 9.52570e+03 1.07560e+02 9.88000e-01 8.62000e-01 2.50000e-16 1.30000e-02 9.32000e-01 5.45000e-02 0.00000e+00 6.36000e-05 2.70000e-01 7.29000e-01 6.54000e-04 8.77000e-01 1.17000e-01
2.77532e+00 9.55640e+03 1.07310e+02 9.87000e-01 8.39000e-01 2.26000e-16 1.40000e-02 9.40000e-01 4.56000e-02 0.00000e+00 6.63000e-05 2.80000e-01 7.19000e-01 5.37000e-04 8.97000e-01 9.69000e-02
2.78140e+00 9.56050e+03 1.06920e+02 9.87000e-01 8.13000e-01 2.02000e-16 1.51000e-02 9.47000e-01 3.80000e-02 0.00000e+00 6.89000e-05 2.90000e-01 7.09000e-01 4.39000e-04 9.14000e-01 7.96000e-02
2.78691e+00 9.59110e+03 1.06600e+02 9.86000e-01 7.82000e-01 1.79000e-16 1.61000e-02 9.52000e-01 3.14000e-02 0.00000e+00 7.12000e-05 2.99000e-01 7.00000e-01 3.58000e-04 9.28000e-01 6.50000e-02
2.79194e+00 9.59790e+03 1.06120e+02 9.85000e-01 7.47000e-01 1.56000e-16 1.71000e-02 9.57000e-01 2.59000e-02 0.00000e+00 7.34000e-05 3.08000e-01 6.92000e-01 2.90000e-04 9.40000e-01 5.26000e-02
2.79657e+00 9.60490e+03 1.05710e+02 9.84000e-01 7.05000e-01 1.35000e-16 1.82000e-02 9.61000e-01 2.11000e-02 0.00000e+00 7.56000e-05 3.16000e-01 6.84000e-01 2.33000e-04 9.50000e-01 4.21000e-02
2.80083e+00 9.60820e+03 1.05210e+02 9.84000e-01 6.58000e-01 1.14000e-16 1.92000e-02 9.64000e-01 1.71000e-02 0.00000e+00 7.75000e-05 3.24000e-01 6.76000e-01 1.85000e-04 9.58000e-01 3.34000e-02
2.80481e+00 9.61540e+03 1.04620e+02 9.83000e-01 6.05000e-01 9.38000e-17 2.02000e-02 9.66000e-01 1.37000e-02 0.00000e+00 7.92000e-05 3.31000e-01 6.69000e-01 1.46000e-04 9.65000e-01 2.62000e-02
2.80861e+00 9.61170e+03 1.03970e+02 9.82000e-01 5.45000e-01 7.51000e-17 2.13000e-02 9.68000e-01 1.08000e-02 0.00000e+00 8.09000e-05 3.38000e-01 6.61000e-01 1.14000e-04 9.71000e-01 2.01000e-02
2.81232e+00 9.60920e+03 1.03240e+02 9.81000e-01 4.78000e-01 5.77000e-17 2.24000e-02 9.69000e-01 8.32000e-03 0.00000e+00 8.24000e-05 3.45000e-01 6.55000e-01 8.67000e-05 9.75000e-01 1.51000e-02
2.81655e+00 9.59730e+03 1.02360e+02 9.80000e-01 3.93000e-01 4.08000e-17 2.38000e-02 9.70000e-01 6.00000e-03 0.00000e+00 8.43000e-05 3.54000e-01 6.46000e-01 6.17000e-05 9.79000e-01 1.04000e-02
2.82113e+00 9.58540e+03 1.01340e+02 9.79000e-01 2.97000e-01 2.44000e-17 2.54000e-02 9.71000e-01 4.06000e-03 0.00000e+00 8.62000e-05 3.62000e-01 6.37000e-01 4.14000e-05 9.83000e-01 6.64000e-03
2.82544e+00 9.57330e+03 1.00300e+02 9.77000e-01 2.14000e-01 1.41000e-17 2.71000e-02 9.70000e-01 2.73000e-03 0.00000e+00 8.79000e-05 3.71000e-01 6.29000e-01 2.77000e-05 9.84000e-01 4.17000e-03
2.83028e+00 9.56410e+03 9.91530e+01 9.76000e-01 1.39000e-01 7.24000e-18 2.92000e-02 9.69000e-01 1.70000e-03 0.00000e+00 9.00000e-05 3.81000e-01 6.19000e-01 1.73000e-05 9.85000e-01 2.39000e-03
2.83657e+00 9.55960e+03 9.83090e+01 9.73000e-01 7.39000e-02 2.73000e-18 3.26000e-02 9.67000e-01 8.98000e-04 0.00000e+00 9.39000e-05 3.97000e-01 6.03000e-01 9.27000e-06 9.85000e-01 1.12000e-03
2.84476e+00 9.56550e+03 9.73300e+01 9.68000e-01 3.12000e-02 7.26000e-19 3.80000e-02 9.62000e-01 3.84000e-04 0.00000e+00 9.95000e-05 4.21000e-01 5.79000e-01 4.05000e-06 9.84000e-01 4.16000e-04
2.85364e+00 9.58640e+03 9.64520e+01 9.62000e-01 1.22000e-02 1.55000e-19 4.62000e-02 9.54000e-01 1.49000e-04 0.00000e+00 1.07000e-04 4.51000e-01 5.49000e-01 1.62000e-06 9.82000e-01 1.41000e-04
2.86183e+00 9.60380e+03 9.55100e+01 9.53000e-01 5.38000e-03 4.25000e-20 5.73000e-02 9.43000e-01 6.13000e-05 0.00000e+00 1.15000e-04 4.86000e-01 5.14000e-01 6.84000e-07 9.78000e-01 5.23000e-05
2.86905e+00 9.60590e+03 9.45440e+01 9.41000e-01 2.69000e-03 1.38000e-20 7.19000e-02 9.28000e-01 2.73000e-05 0.00000e+00 1.24000e-04 5.24000e-01 4.76000e-01 3.08000e-07 9.73000e-01 2.16000e-05
2.87491e+00 9.60390e+03 9.28030e+01 9.26000e-01 1.57000e-03 5.75000e-21 8.94000e-02 9.11000e-01 1.37000e-05 0.00000e+00 1.31000e-04 5.60000e-01 4.40000e-01 1.55000e-07 9.67000e-01 1.04000e-05
2.87906e+00 9.58820e+03 9.12510e+01 9.11000e-01 1.09000e-03 3.10000e-21 1.08000e-01 8.92000e-01 8.24000e-06 0.00000e+00 1.37000e-04 5.90000e-01 4.09000e-01 0.00000e+00 9.60000e-01 6.07000e-06
2.88180e+00 9.56890e+03 8.98310e+01 8.98000e-01 8.52000e-04 2.17000e-21 1.23000e-01 8.77000e-01 5.75000e-06 0.00000e+00 1.40000e-04 6.14000e-01 3.86000e-01 0.00000e+00 9.55000e-01 4.17000e-06
2.88446e+00 9.54670e+03 8.82640e+01 8.82000e-01 6.65000e-04 1.52000e-21 1.42000e-01 8.58000e-01 3.94000e-06 0.00000e+00 1.45000e-04 6.40000e-01 3.60000e-01 0.00000e+00 9.48000e-01 2.83000e-06
2.88744e+00 9.48920e+03 8.59830e+01 8.59000e-01 5.08000e-04 9.42000e-22 1.68000e-01 8.32000e-01 2.53000e-06 0.00000e+00 1.49000e-04 6.71000e-01 3.29000e-01 0.00000e+00 9.38000e-01 1.81000e-06
2.89007e+00 9.43090e+03 8.32110e+01 8.31000e-01 4.04000e-04 6.26000e-22 2.00000e-01 8.00000e-01 1.66000e-06 0.00000e+00 1.52000e-04 7.01000e-01 2.99000e-01 0.00000e+00 9.26000e-01 1.19000e-06
2.89209e+00 9.36940e+03 8.04500e+01 8.03000e-01 3.41000e-04 4.69000e-22 2.32000e-01 7.68000e-01 1.17000e-06 0.00000e+00 1.53000e-04 7.26000e-01 2.74000e-01 0.00000e+00 9.13000e-01 8.43000e-07
2.89375e+00 9.29940e+03 7.78050e+01 7.75000e-01 2.96000e-04 3.71000e-22 2.65000e-01 7.35000e-01 8.54000e-07 0.00000e+00 1.54000e-04 7.49000e-01 2.51000e-01 0.00000e+00 9.00000e-01 6.23000e-07
2.89547e+00 9.22190e+03 7.40540e+01 7.40000e-01 2.56000e-04 2.90000e-22 3.04000e-01 6.96000e-01 6.04000e-07 0.00000e+00 1.53000e-04 7.73000e-01 2.27000e-01 0.00000e+00 8.82000e-01 4.49000e-07
2.89713e+00 9.12660e+03 6.98440e+01 6.98000e-01 2.25000e-04 2.22000e-22 3.49000e-01 6.51000e-01 4.23000e-07 0.00000e+00 1.50000e-04 7.97000e-01 2.03000e-01 0.00000e+00 8.60000e-01 3.23000e-07
2.89835e+00 9.03990e+03 6.61270e+01 6.61000e-01 2.07000e-04 1.87000e-22 3.89000e-01 6.11000e-01 3.19000e-07 0.00000e+00 1.47000e-04 8.14000e-01 1.86000e-01 0.00000e+00 8.39000e-01 2.51000e-07
2.89918e+00 8.97620e+03 6.33070e+01 6.32000e-01 1.95000e-04 1.68000e-22 4.19000e-01 5.81000e-01 2.61000e-07 0.00000e+00 1.43000e-04 8.26000e-01 1.74000e-01 0.00000e+00 8.22000e-01 2.09000e-07
2.89984e+00 8.91780e+03 6.09230e+01 6.09000e-01 1.87000e-04 1.55000e-22 4.44000e-01 5.56000e-01 2.21000e-07 0.00000e+00 1.41000e-04 8.36000e-01 1.64000e-01 0.00000e+00 8.07000e-01 1.81000e-07
2.90047e+00 8.85780e+03 5.85170e+01 5.84000e-01 1.80000e-04 1.43000e-22 4.69000e-01 5.31000e-01 1.88000e-07 0.00000e+00 1.37000e-04 8.45000e-01 1.54000e-01 0.00000e+00 7.91000e-01 1.56000e-07
2.90109e+00 8.78570e+03 5.60720e+01 5.59000e-01 1.73000e-04 1.31000e-22 4.96000e-01 5.04000e-01 1.58000e-07 0.00000e+00 1.34000e-04 8.55000e-01 1.45000e-01 0.00000e+00 7.73000e-01 1.35000e-07
2.90169e+00 8.73250e+03 5.34680e+01 5.34000e-01 1.68000e-04 1.21000e-22 5.20000e-01 4.80000e-01 1.35000e-07 0.00000e+00 1.30000e-04 8.63000e-01 1.37000e-01 0.00000e+00 7.54000e-01 1.17000e-07
2.90220e+00 8.66200e+03 5.12880e+01 5.11000e-01 1.63000e-04 1.13000e-22 5.43000e-01 4.57000e-01 1.17000e-07 0.00000e+00 1.27000e-04 8.71000e-01 1.29000e-01 0.00000e+00 7.36000e-01 1.03000e-07
2.90266e+00 8.61240e+03 4.92020e+01 4.91000e-01 1.60000e-04 1.07000e-22 5.63000e-01 4.37000e-01 1.03000e-07 0.00000e+00 1.23000e-04 8.77000e-01 1.23000e-01 0.00000e+00 7.19000e-01 9.22000e-08
2.90308e+00 8.55130e+03 4.72870e+01 4.72000e-01 1.57000e-04 1.01000e-22 5.82000e-01 4.18000e-01 9.05000e-08 0.00000e+00 1.20000e-04 8.83000e-01 1.17000e-01 0.00000e+00 7.01000e-01 8.27000e-08
2.90342e+00 8.51200e+03 4.56910e+01 4.56000e-01 1.55000e-04 9.71000e-23 5.97000e-01 4.03000e-01 8.21000e-08 0.00000e+00 1.17000e-04 8.87000e-01 1.13000e-01 0.00000e+00 6.87000e-01 7.61000e-08
2.90367e+00 8.47610e+03 4.45470e+01 4.45000e-01 1.54000e-04 9.47000e-23 6.09000e-01 3.91000e-01 7.62000e-08 0.00000e+00 1.15000e-04 8.90000e-01 1.10000e-01 0.00000e+00 6.76000e-01 7.13000e-08
2.90391e+00 8.44190e+03 4.34040e+01 4.34000e-01 1.53000e-04 9.23000e-23 6.19000e-01 3.81000e-01 7.10000e-08 0.00000e+00 1.13000e-04 8.93000e-01 1.07000e-01 0.00000e+00 6.64000e-01 6.69000e-08
2.90418e+00 8.39790e+03 4.21430e+01 4.21000e-01 1.51000e-04 8.94000e-23 6.31000e-01 3.69000e-01 6.54000e-08 0.00000e+00 1.10000e-04 8.97000e-01 1.03000e-01 0.00000e+00 6.51000e-01 6.22000e-08
2.90446e+00 8.35080e+03 4.08580e+01 4.08000e-01 1.50000e-04 8.62000e-23 6.44000e-01 3.56000e-01 5.99000e-08 0.00000e+00 1.08000e-04 9.01000e-01 9.93000e-02 0.00000e+00 6.38000e-01 5.77000e-08
2.90473e+00 8.30890e+03 3.95750e+01 3.95000e-01 1.49000e-04 8.36000e-23 6.56000e-01 3.44000e-01 5.52000e-08 0.00000e+00 1.05000e-04 9.04000e-01 9.60000e-02 0.00000e+00 6.24000e-01 5.36000e-08
2.90498e+00 8.27100e+03 3.83460e+01 3.83000e-01 1.48000e-04 8.13000e-23 6.68000e-01 3.32000e-01 5.10000e-08 0.00000e+00 1.03000e-04 9.07000e-01 9.29000e-02 0.00000e+00 6.10000e-01 5.00000e-08
2.90524e+00 8.21890e+03 3.71570e+01 3.71000e-01 1.47000e-04 7.89000e-23 6.79000e-01 3.21000e-01 4.70000e-08 0.00000e+00 1.01000e-04 9.10000e-01 8.96000e-02 0.00000e+00 5.96000e-01 4.64000e-08
2.90550e+00 8.18200e+03 3.59300e+01 3.59000e-01 1.46000e-04 7.68000e-23 6.90000e-01 3.10000e-01 4.34000e-08 0.00000e+00 9.79000e-05 9.13000e-01 8.66000e-02 0.00000e+00 5.82000e-01 4.32000e-08
2.90575e+00 8.13020e+03 3.47360e+01 3.47000e-01 1.46000e-04 7.47000e-23 7.01000e-01 2.99000e-01 4.00000e-08 0.00000e+00 9.55000e-05 9.16000e-01 8.36000e-02 0.00000e+00 5.66000e-01 4.01000e-08
2.90601e+00 8.07950e+03 3.35790e+01 3.35000e-01 1.45000e-04 7.26000e-23 7.12000e-01 2.88000e-01 3.68000e-08 0.00000e+00 9.31000e-05 9.19000e-01 8.06000e-02 0.00000e+00 5.52000e-01 3.72000e-08
2.90625e+00 8.03190e+03 3.24420e+01 3.24000e-01 1.44000e-04 7.07000e-23 7.23000e-01 2.77000e-01 3.40000e-08 0.00000e+00 9.07000e-05 9.22000e-01 7.78000e-02 0.00000e+00 5.36000e-01 3.46000e-08
2.90650e+00 7.98170e+03 3.13310e+01 3.13000e-01 1.44000e-04 6.89000e-23 7.33000e-01 2.67000e-01 3.14000e-08 0.00000e+00 8.83000e-05 9.25000e-01 7.51000e-02 0.00000e+00 5.21000e-01 3.21000e-08
2.90674e+00 7.93210e+03 3.02320e+01 3.02000e-01 1.44000e-04 6.72000e-23 7.43000e-01 2.57000e-01 2.90000e-08 0.00000e+00 8.59000e-05 9.27000e-01 7.24000e-02 0.00000e+00 5.06000e-01 2.98000e-08
2.90699e+00 7.88110e+03 2.91380e+01 2.91000e-01 1.43000e-04 6.55000e-23 7.53000e-01 2.47000e-01 2.68000e-08 0.00000e+00 8.35000e-05 9.30000e-01 6.98000e-02 0.00000e+00 4.90000e-01 2.76000e-08
2.90724e+00 7.81800e+03 2.80890e+01 2.80000e-01 1.43000e-04 6.38000e-23 7.63000e-01 2.37000e-01 2.47000e-08 0.00000e+00 8.12000e-05 9.33000e-01 6.72000e-02 0.00000e+00 4.74000e-01 2.55000e-08
2.90747e+00 7.77650e+03 2.70530e+01 2.70000e-01 1.43000e-04 6.24000e-23 7.71000e-01 2.29000e-01 2.29000e-08 0.00000e+00 7.88000e-05 9.35000e-01 6.49000e-02 0.00000e+00 4.59000e-01 2.37000e-08
2.90771e+00 7.71480e+03 2.60380e+01 2.60000e-01 1.43000e-04 6.09000e-23 7.81000e-01 2.19000e-01 2.11000e-08 0.00000e+00 7.66000e-05 9.37000e-01 6.25000e-02 0.00000e+00 4.42000e-01 2.18000e-08
2.90795e+00 7.64710e+03 2.50560e+01 2.50000e-01 1.43000e-04 5.93000e-23 7.90000e-01 2.10000e-01 1.95000e-08 0.00000e+00 7.44000e-05 9.40000e-01 6.01000e-02 0.00000e+00 4.26000e-01 2.02000e-08
2.90819e+00 7.58870e+03 2.41000e+01 2.41000e-01 1.43000e-04 5.80000e-23 7.98000e-01 2.02000e-01 1.80000e-08 0.00000e+00 7.22000e-05 9.42000e-01 5.79000e-02 0.00000e+00 4.10000e-01 1.86000e-08
2.90841e+00 7.53640e+03 2.31890e+01 2.32000e-01 1.43000e-04 5.68000e-23 8.06000e-01 1.94000e-01 1.67000e-08 0.00000e+00 7.00000e-05 9.44000e-01 5.58000e-02 0.00000e+00 3.95000e-01 1.72000e-08
2.90865e+00 7.46590e+03 2.22780e+01 2.23000e-01 1.43000e-04 5.55000e-23 8.14000e-01 1.86000e-01 1.55000e-08 0.00000e+00 6.79000e-05 9.46000e-01 5.37000e-02 0.00000e+00 3.79000e-01 1.58000e-08
2.90888e+00 7.39770e+03 2.14160e+01 2.14000e-01 1.43000e-04 5.42000e-23 8.22000e-01 1.78000e-01 1.43000e-08 0.00000e+00 6.59000e-05 9.48000e-01 5.17000e-02 0.00000e+00 3.64000e-01 1.46000e-08
2.90910e+00 7.33200e+03 2.05720e+01 2.05000e-01 1.43000e-04 5.30000e-23 8.29000e-01 1.71000e-01 1.33000e-08 0.00000e+00 6.39000e-05 9.50000e-01 4.97000e-02 0.00000e+00 3.48000e-01 1.34000e-08
2.90933e+00 7.27240e+03 1.97710e+01 1.97000e-01 1.44000e-04 5.19000e-23 8.36000e-01 1.64000e-01 1.23000e-08 0.00000e+00 6.19000e-05 9.52000e-01 4.79000e-02 0.00000e+00 3.33000e-01 1.24000e-08
2.90954e+00 7.19830e+03 1.89970e+01 1.90000e-01 1.44000e-04 5.08000e-23 8.43000e-01 1.57000e-01 1.14000e-08 0.00000e+00 6.01000e-05 9.54000e-01 4.62000e-02 0.00000e+00 3.18000e-01 1.14000e-08
2.90976e+00 7.12620e+03 1.82720e+01 1.82000e-01 1.44000e-04 4.97000e-23 8.49000e-01 1.51000e-01 1.06000e-08 0.00000e+00 5.84000e-05 9.55000e-01 4.45000e-02 0.00000e+00 3.05000e-01 1.05000e-08
2.90997e+00 7.05530e+03 1.75540e+01 1.75000e-01 1.45000e-04 4.87000e-23 8.55000e-01 1.45000e-01 9.90000e-09 0.00000e+00 5.66000e-05 9.57000e-01 4.28000e-02 0.00000e+00 2.91000e-01 9.66000e-09
2.91018e+00 6.98300e+03 1.68650e+01 1.68000e-01 1.45000e-04 4.76000e-23 8.61000e-01 1.39000e-01 9.22000e-09 0.00000e+00 5.49000e-05 9.59000e-01 4.12000e-02 0.00000e+00 2.77000e-01 8.88000e-09
2.91039e+00 6.91090e+03 1.62100e+01 1.62000e-01 1.45000e-04 4.67000e-23 8.67000e-01 1.33000e-01 8.60000e-09 0.00000e+00 5.33000e-05 9.60000e-01 3.97000e-02 0.00000e+00 2.64000e-01 8.17000e-09
2.91059e+00 6.83030e+03 1.55780e+01 1.55000e-01 1.46000e-04 4.57000e-23 8.72000e-01 1.28000e-01 8.02000e-09 0.00000e+00 5.18000e-05 9.62000e-01 3.83000e-02 0.00000e+00 2.51000e-01 7.51000e-09
2.91079e+00 6.75460e+03 1.49630e+01 1.49000e-01 1.46000e-04 4.48000e-23 8.77000e-01 1.23000e-01 7.50000e-09 0.00000e+00 5.02000e-05 9.63000e-01 3.69000e-02 0.00000e+00 2.39000e-01 6.90000e-09
2.91099e+00 6.67680e+03 1.43890e+01 1.44000e-01 1.46000e-04 4.39000e-23 8.82000e-01 1.18000e-01 7.01000e-09 0.00000e+00 4.88000e-05 9.64000e-01 3.56000e-02 0.00000e+00 2.27000e-01 6.34000e-09
2.91118e+00 6.59970e+03 1.38420e+01 1.38000e-01 1.47000e-04 4.30000e-23 8.87000e-01 1.13000e-01 6.56000e-09 0.00000e+00 4.74000e-05 9.66000e-01 3.43000e-02 0.00000e+00 2.16000e-01 5.84000e-09
2.91138e+00 6.51860e+03 1.32870e+01 1.33000e-01 1.47000e-04 4.22000e-23 8.92000e-01 1.08000e-01 6.14000e-09 0.00000e+00 4.60000e-05 9.67000e-01 3.30000e-02 0.00000e+00 2.05000e-01 5.35000e-09
2.91157e+00 6.43560e+03 1.27680e+01 1.28000e-01 1.48000e-04 4.13000e-23 8.96000e-01 1.04000e-01 5.75000e-09 0.00000e+00 4.47000e-05 9.68000e-01 3.18000e-02 0.00000e+00 1.94000e-01 4.91000e-09
2.91176e+00 6.35060e+03 1.22760e+01 1.23000e-01 1.48000e-04 4.05000e-23 9.00000e-01 9.99000e-02 5.40000e-09 0.00000e+00 4.35000e-05 9.69000e-01 3.07000e-02 0.00000e+00 1.84000e-01 4.51000e-09
2.91194e+00 6.26380e+03 1.18020e+01 1.18000e-01 1.48000e-04 3.97000e-23 9.04000e-01 9.59000e-02 5.07000e-09 0.00000e+00 4.23000e-05 9.70000e-01 2.96000e-02 0.00000e+00 1.74000e-01 4.14000e-09
2.91213e+00 6.16880e+03 1.13490e+01 1.13000e-01 1.49000e-04 3.88000e-23 9.08000e-01 9.19000e-02 4.75000e-09 0.00000e+00 4.12000e-05 9.71000e-01 2.85000e-02 0.00000e+00 1.65000e-01 3.80000e-09
2.91231e+00 6.07580e+03 1.09020e+01 1.09000e-01 1.49000e-04 3.80000e-23 9.12000e-01 8.82000e-02 4.46000e-09 0.00000e+00 4.01000e-05 9.73000e-01 2.75000e-02 0.00000e+00 1.56000e-01 3.48000e-09
2.91249e+00 5.98120e+03 1.04740e+01 1.04000e-01 1.49000e-04 3.71000e-23 9.15000e-01 8.46000e-02 4.19000e-09 0.00000e+00 3.90000e-05 9.74000e-01 2.65000e-02 0.00000e+00 1.47000e-01 3.18000e-09
2.91267e+00 5.88550e+03 1.00670e+01 1.00000e-01 1.50000e-04 3.63000e-23 9.19000e-01 8.12000e-02 3.95000e-09 0.00000e+00 3.80000e-05 9.74000e-01 2.55000e-02 0.00000e+00 1.39000e-01 2.92000e-09
2.91285e+00 5.78780e+03 9.67740e+00 9.65000e-02 1.50000e-04 3.56000e-23 9.22000e-01 7.79000e-02 3.72000e-09 0.00000e+00 3.70000e-05 9.75000e-01 2.46000e-02 0.00000e+00 1.32000e-01 2.68000e-09
2.91302e+00 5.68720e+03 9.30070e+00 9.27000e-02 1.50000e-04 3.48000e-23 9.25000e-01 7.48000e-02 3.50000e-09 0.00000e+00 3.60000e-05 9.76000e-01 2.37000e-02 0.00000e+00 1.24000e-01 2.45000e-09
2.91319e+00 5.58380e+03 8.93820e+00 8.91000e-02 1.51000e-04 3.40000e-23 9.28000e-01 7.17000e-02 3.30000e-09 0.00000e+00 3.51000e-05 9.77000e-01 2.28000e-02 0.00000e+00 1.17000e-01 2.25000e-09
2.91337e+00 5.47760e+03 8.58970e+00 8.56000e-02 1.51000e-04 3.32000e-23 9.31000e-01 6.88000e-02 3.12000e-09 0.00000e+00 3.43000e-05 9.78000e-01 2.20000e-02 0.00000e+00 1.11000e-01 2.06000e-09
2.91354e+00 5.36910e+03 8.24770e+00 8.23000e-02 1.51000e-04 3.24000e-23 9.34000e-01 6.61000e-02 2.95000e-09 0.00000e+00 3.34000e-05 9.79000e-01 2.12000e-02 0.00000e+00 1.04000e-01 1.89000e-09
2.91370e+00 5.25740e+03 7.92950e+00 7.91000e-02 1.51000e-04 3.16000e-23 9.37000e-01 6.34000e-02 2.79000e-09 0.00000e+00 3.27000e-05 9.79000e-01 2.05000e-02 0.00000e+00 9.83000e-02 1.73000e-09
2.91386e+00 5.14230e+03 7.62270e+00 7.60000e-02 1.52000e-04 3.09000e-23 9.39000e-01 6.09000e-02 2.64000e-09 0.00000e+00 3.19000e-05 9.80000e-01 1.97000e-02 0.00000e+00 9.28000e-02 1.59000e-09
2.91402e+00 5.02170e+03 7.32380e+00 7.30000e-02 1.52000e-04 3.01000e-23 9.42000e-01 5.84000e-02 2.50000e-09 0.00000e+00 3.12000e-05 9.81000e-01 1.90000e-02 0.00000e+00 8.74000e-02 1.46000e-09
2.91418e+00 4.89680e+03 7.03540e+00 7.02000e-02 1.52000e-04 2.93000e-23 9.44000e-01 5.60000e-02 2.37000e-09 0.00000e+00 3.06000e-05 9.82000e-01 1.83000e-02 0.00000e+00 8.24000e-02 1.34000e-09
2.91433e+00 4.76680e+03 6.75830e+00 6.74000e-02 1.52000e-04 2.84000e-23 9.46000e-01 5.37000e-02 2.25000e-09 0.00000e+00 3.00000e-05 9.82000e-01 1.77000e-02 0.00000e+00 7.76000e-02 1.23000e-09
2.91448e+00 4.63080e+03 6.49130e+00 6.47000e-02 1.52000e-04 2.76000e-23 9.49000e-01 5.15000e-02 2.13000e-09 0.00000e+00 2.94000e-05 9.83000e-01 1.70000e-02 0.00000e+00 7.31000e-02 1.13000e-09
2.91463e+00 4.48770e+03 6.23350e+00 6.22000e-02 1.52000e-04 2.67000e-23 9.51000e-01 4.93000e-02 2.03000e-09 0.00000e+00 2.89000e-05 9.84000e-01 1.64000e-02 0.00000e+00 6.89000e-02 1.04000e-09
2.91477e+00 4.33900e+03 5.98880e+00 5.97000e-02 1.51000e-04 2.58000e-23 9.53000e-01 4.73000e-02 1.93000e-09 0.00000e+00 2.85000e-05 9.84000e-01 1.58000e-02 0.00000e+00 6.50000e-02 9.60000e-10
2.91490e+00 4.19200e+03 5.76780e+00 5.75000e-02 1.51000e-04 2.50000e-23 9.55000e-01 4.55000e-02 1.85000e-09 0.00000e+00 2.82000e-05 9.85000e-01 1.53000e-02 0.00000e+00 6.16000e-02 8.92000e-10
2.91501e+00 4.04930e+03 5.57720e+00 5.55000e-02 1.50000e-04 2.41000e-23 9.56000e-01 4.38000e-02 1.78000e-09 0.00000e+00 2.80000e-05 9.85000e-01 1.48000e-02 0.00000e+00 5.87000e-02 8.34000e-10
2.91510e+00 3.92080e+03 5.40720e+00 5.39000e-02 1.50000e-04 2.34000e-23 9.58000e-01 4.24000e-02 1.73000e-09 0.00000e+00 2.78000e-05 9.86000e-01 1.44000e-02 0.00000e+00 5.63000e-02 7.89000e-10
2.91518e+00 3.78940e+03 5.25720e+00 5.23000e-02 1.49000e-04 2.27000e-23 9.59000e-01 4.11000e-02 1.68000e-09 0.00000e+00 2.77000e-05 9.86000e-01 1.40000e-02 0.00000e+00 5.41000e-02 7.49000e-10
2.91526e+00 3.66320e+03 5.11770e+00 5.09000e-02 1.49000e-04 2.19000e-23 9.60000e-01 3.99000e-02 1.63000e-09 0.00000e+00 2.76000e-05 9.86000e-01 1.36000e-02 0.00000e+00 5.22000e-02 7.16000e-10
2.91532e+00 3.54190e+03 4.99180e+00 4.97000e-02 1.48000e-04 2.12000e-23 9.61000e-01 3.89000e-02 1.59000e-09 0.00000e+00 2.76000e-05 9.87000e-01 1.33000e-02 0.00000e+00 5.06000e-02 6.87000e-10
2.91538e+00 3.42490e+03 4.87690e+00 4.85000e-02 1.47000e-04 2.06000e-23 9.62000e-01 3.79000e-02 1.56000e-09 0.00000e+00 2.77000e-05 9.87000e-01 1.30000e-02 0.00000e+00 4.92000e-02 6.63000e-10
2.91542e+00 3.31160e+03 4.77110e+00 4.75000e-02 1.46000e-04 1.99000e-23 9.63000e-01 3.70000e-02 1.53000e-09 0.00000e+00 2.78000e-05 9.87000e-01 1.27000e-02 0.00000e+00 4.80000e-02 6.42000e-10
2.91547e+00 3.20230e+03 4.67340e+00 4.65000e-02 1.46000e-04 1.93000e-23 9.64000e-01 3.61000e-02 1.50000e-09 0.00000e+00 2.79000e-05 9.87000e-01 1.25000e-02 0.00000e+00 4.69000e-02 6.25000e-10
2.91551e+00 3.09690e+03 4.58260e+00 4.56000e-02 1.45000e-04 1.86000e-23 9.65000e-01 3.53000e-02 1.48000e-09 0.00000e+00 2.81000e-05 9.88000e-01 1.22000e-02 0.00000e+00 4.60000e-02 6.10000e-10
2.91554e+00 2.99260e+03 4.49580e+00 4.47000e-02 1.44000e-04 1.80000e-23 9.65000e-01 3.46000e-02 1.46000e-09 0.00000e+00 2.82000e-05 9.88000e-01 1.20000e-02 0.00000e+00 4.52000e-02 5.97000e-10
2.91557e+00 2.88870e+03 4.41220e+00 4.39000e-02 1.43000e-04 1.74000e-23 9.66000e-01 3.39000e-02 1.44000e-09 0.00000e+00 2.85000e-05 9.88000e-01 1.18000e-02 0.00000e+00 4.45000e-02 5.86000e-10
2.91560e+00 2.77410e+03 4.32130e+00 4.30000e-02 1.42000e-04 1.67000e-23 9.67000e-01 3.31000e-02 1.41000e-09 0.00000e+00 2.88000e-05 9.88000e-01 1.15000e-02 0.00000e+00 4.38000e-02 5.75000e-10
2.91563e+00 2.65200e+03 4.22710e+00 4.20000e-02 1.41000e-04 1.59000e-23 9.68000e-01 3.22000e-02 1.39000e-09 0.00000e+00 2.91000e-05 9.89000e-01 1.13000e-02 0.00000e+00 4.32000e-02 5.66000e-10
2.91566e+00 2.52080e+03 4.12620e+00 4.10000e-02 1.39000e-04 1.51000e-23 9.69000e-01 3.13000e-02 1.36000e-09 0.00000e+00 2.96000e-05 9.89000e-01 1.10000e-02 0.00000e+00 4.27000e-02 5.58000e-10
2.91569e+00 2.39210e+03 4.00860e+00 4.02000e-02 1.38000e-04 1.43000e-23 9.69000e-01 3.06000e-02 1.34000e-09 0.00000e+00 3.00000e-05 9.89000e-01 1.07000e-02 0.00000e+00 4.23000e-02 5.51000e-10
2.91572e+00 2.27550e+03 3.93110e+00 3.91000e-02 1.36000e-04 1.35000e-23 9.70000e-01 2.96000e-02 1.31000e-09 0.00000e+00 3.06000e-05 9.90000e-01 1.04000e-02 0.00000e+00 4.20000e-02 5.46000e-10
2.91575e+00 2.14010e+03 3.81910e+00 3.80000e-02 1.34000e-04 1.26000e-23 9.71000e-01 2.87000e-02 1.27000e-09 0.00000e+00 3.13000e-05 9.90000e-01 1.01000e-02 0.00000e+00 4.18000e-02 5.43000e-10
2.91577e+00 2.01090e+03 3.71320e+00 3.70000e-02 1.32000e-04 1.17000e-23 9.72000e-01 2.77000e-02 1.24000e-09 0.00000e+00 3.20000e-05 9.90000e-01 9.78000e-03 0.00000e+00 4.18000e-02 5.41000e-10
2.91580e+00 1.90410e+03 3.62000e+00 3.60000e-02 1.31000e-04 1.10000e-23 9.73000e-01 2.69000e-02 1.20000e-09 0.00000e+00 3.27000e-05 9.90000e-01 9.49000e-03 0.00000e+00 4.18000e-02 5.40000e-10
2.91583e+00 1.80030e+03 3.52710e+00 3.51000e-02 1.29000e-04 1.02000e-23 9.74000e-01 2.60000e-02 1.17000e-09 0.00000e+00 3.34000e-05 9.91000e-01 9.20000e-03 0.00000e+00 4.18000e-02 5.40000e-10
2.91586e+00 1.70050e+03 3.43630e+00 3.42000e-02 1.27000e-04 9.52000e-24 9.75000e-01 2.52000e-02 1.13000e-09 0.00000e+00 3.42000e-05 9.91000e-01 8.92000e-03 0.00000e+00 4.20000e-02 5.41000e-10
2.91589e+00 1.60340e+03 3.34550e+00 3.33000e-02 1.26000e-04 8.83000e-24 9.76000e-01 2.44000e-02 1.09000e-09 0.00000e+00 3.51000e-05 9.91000e-01 8.63000e-03 0.00000e+00 4.21000e-02 5.42000e-10
2.91592e+00 1.51060e+03 3.24180e+00 3.25000e-02 1.24000e-04 8.20000e-24 9.76000e-01 2.37000e-02 1.06000e-09 0.00000e+00 3.58000e-05 9.92000e-01 8.38000e-03 0.00000e+00 4.24000e-02 5.45000e-10
2.91595e+00 1.41910e+03 3.16790e+00 3.15000e-02 1.22000e-04 7.50000e-24 9.77000e-01 2.27000e-02 1.01000e-09 0.00000e+00 3.70000e-05 9.92000e-01 8.05000e-03 0.00000e+00 4.26000e-02 5.51000e-10
2.91598e+00 1.32790e+03 3.07500e+00 3.06000e-02 1.20000e-04 6.84000e-24 9.78000e-01 2.19000e-02 9.60000e-10 0.00000e+00 3.81000e-05 9.92000e-01 7.76000e-03 0.00000e+00 4.29000e-02 5.58000e-10
2.91601e+00 1.24690e+03 2.99160e+00 2.97000e-02 1.18000e-04 6.25000e-24 9.79000e-01 2.11000e-02 9.17000e-10 0.00000e+00 3.92000e-05 9.92000e-01 7.47000e-03 0.00000e+00 4.32000e-02 5.65000e-10
2.91604e+00 1.17450e+03 2.91330e+00 2.89000e-02 1.16000e-04 5.73000e-24 9.80000e-01 2.04000e-02 8.77000e-10 0.00000e+00 4.02000e-05 9.93000e-01 7.20000e-03 0.00000e+00 4.35000e-02 5.72000e-10
2.91606e+00 1.09950e+03 2.82950e+00 2.81000e-02 1.14000e-04 5.19000e-24 9.80000e-01 1.96000e-02 8.37000e-10 0.00000e+00 4.13000e-05 9.93000e-01 6.92000e-03 0.00000e+00 4.39000e-02 5.80000e-10
2.91609e+00 1.03430e+03 2.75260e+00 2.74000e-02 1.12000e-04 4.73000e-24 9.81000e-01 1.89000e-02 7.99000e-10 0.00000e+00 4.23000e-05 9.93000e-01 6.66000e-03 0.00000e+00 4.42000e-02 5.88000e-10
2.91612e+00 9.83900e+02 2.69120e+00 2.67000e-02 1.11000e-04 4.38000e-24 9.82000e-01 1.83000e-02 7.68000e-10 0.00000e+00 4.31000e-05 9.94000e-01 6.44000e-03 0.00000e+00 4.44000e-02 5.93000e-10
2.91615e+00 9.61430e+02 2.65250e+00 2.63000e-02 1.10000e-04 4.23000e-24 9.82000e-01 1.80000e-02 7.50000e-10 0.00000e+00 4.33000e-05 9.94000e-01 6.32000e-03 0.00000e+00 4.44000e-02 5.93000e-10
2.91618e+00 9.31700e+02 2.60970e+00 2.59000e-02 1.10000e-04 3.99000e-24 9.82000e-01 1.76000e-02 7.29000e-10 0.00000e+00 4.37000e-05 9.94000e-01 6.17000e-03 0.00000e+00 4.45000e-02 5.94000e-10
2.91621e+00 9.06470e+02 2.57020e+00 2.55000e-02 1.09000e-04 3.80000e-24 9.83000e-01 1.72000e-02 7.09000e-10 0.00000e+00 4.40000e-05 9.94000e-01 6.04000e-03 0.00000e+00 4.45000e-02 5.95000e-10
2.91624e+00 8.80080e+02 2.52930e+00 2.51000e-02 1.08000e-04 3.59000e-24 9.83000e-01 1.69000e-02 6.90000e-10 0.00000e+00 4.43000e-05 9.94000e-01 5.90000e-03 0.00000e+00 4.45000e-02 5.96000e-10
2.91627e+00 8.54390e+02 2.48860e+00 2.47000e-02 1.07000e-04 3.41000e-24 9.83000e-01 1.65000e-02 6.71000e-10 0.00000e+00 4.46000e-05 9.94000e-01 5.76000e-03 0.00000e+00 4.46000e-02 5.97000e-10
2.91630e+00 8.29530e+02 2.44880e+00 2.43000e-02 1.07000e-04 3.23000e-24 9.84000e-01 1.62000e-02 6.52000e-10 0.00000e+00 4.49000e-05 9.94000e-01 5.63000e-03 0.00000e+00 4.46000e-02 5.98000e-10
2.91633e+00 8.05370e+02 2.40960e+00 2.39000e-02 1.06000e-04 3.06000e-24 9.84000e-01 1.58000e-02 6.34000e-10 0.00000e+00 4.52000e-05 9.94000e-01 5.50000e-03 0.00000e+00 4.47000e-02 5.99000e-10
2.91635e+00 7.82330e+02 2.37150e+00 2.35000e-02 1.05000e-04 2.91000e-24 9.85000e-01 1.55000e-02 6.16000e-10 0.00000e+00 4.54000e-05 9.95000e-01 5.37000e-03 0.00000e+00 4.47000e-02 5.99000e-10
2.91638e+00 7.60030e+02 2.33410e+00 2.31000e-02 1.04000e-04 2.77000e-24 9.85000e-01 1.51000e-02 5.99000e-10 0.00000e+00 4.56000e-05 9.95000e-01 5.24000e-03 0.00000e+00 4.48000e-02 6.00000e-10
2.91641e+00 7.38660e+02 2.29770e+00 2.28000e-02 1.04000e-04 2.63000e-24 9.85000e-01 1.48000e-02 5.83000e-10 0.00000e+00 4.58000e-05 9.95000e-01 5.12000e-03 0.00000e+00 4.48000e-02 6.01000e-10
2.91644e+00 7.18060e+02 2.26200e+00 2.24000e-02 1.03000e-04 2.51000e-24 9.86000e-01 1.45000e-02 5.67000e-10 0.00000e+00 4.60000e-05 9.95000e-01 5.00000e-03 0.00000e+00 4.48000e-02 6.02000e-10
2.91647e+00 6.98430e+02 2.22700e+00 2.21000e-02 1.02000e-04 2.39000e-24 9.86000e-01 1.42000e-02 5.51000e-10 0.00000e+00 4.61000e-05 9.95000e-01 4.88000e-03 0.00000e+00 4.49000e-02 6.02000e-10
2.91650e+00 6.80670e+02 2.19460e+00 2.17000e-02 1.02000e-04 2.29000e-24 9.86000e-01 1.39000e-02 5.37000e-10 0.00000e+00 4.62000e-05 9.95000e-01 4.77000e-03 0.00000e+00 4.49000e-02 6.02000e-10
2.91653e+00 6.63510e+02 2.16250e+00 2.14000e-02 1.01000e-04 2.20000e-24 9.86000e-01 1.36000e-02 5.23000e-10 0.00000e+00 4.63000e-05 9.95000e-01 4.67000e-03 0.00000e+00 4.49000e-02 6.02000e-10
2.91656e+00 6.46850e+02 2.13110e+00 2.11000e-02 1.01000e-04 2.11000e-24 9.87000e-01 1.34000e-02 5.09000e-10 0.00000e+00 4.63000e-05 9.95000e-01 4.57000e-03 0.00000e+00 4.49000e-02 6.03000e-10
2.91659e+00 6.30620e+02 2.10020e+00 2.08000e-02 1.00000e-04 2.03000e-24 9.87000e-01 1.31000e-02 4.96000e-10 0.00000e+00 4.64000e-05 9.95000e-01 4.46000e-03 0.00000e+00 4.49000e-02 6.03000e-10
2.91662e+00 6.14840e+02 2.06970e+00 2.05000e-02 9.96000e-05 1.95000e-24 9.87000e-01 1.28000e-02 4.83000e-10 0.00000e+00 4.64000e-05 9.96000e-01 4.36000e-03 0.00000e+00 4.49000e-02 6.03000e-10
2.91665e+00 5.99610e+02 2.03980e+00 2.02000e-02 9.90000e-05 1.88000e-24 9.87000e-01 1.26000e-02 4.70000e-10 0.00000e+00 4.64000e-05 9.96000e-01 4.27000e-03 0.00000e+00 4.49000e-02 6.02000e-10
2.91668e+00 5.85580e+02 2.01150e+00 1.99000e-02 9.85000e-05 1.82000e-24 9.88000e-01 1.23000e-02 4.58000e-10 0.00000e+00 4.63000e-05 9.96000e-01 4.18000e-03 0.00000e+00 4.49000e-02 6.02000e-10
2.91670e+00 5.71960e+02 1.98350e+00 1.96000e-02 9.80000e-05 1.76000e-24 9.88000e-01 1.21000e-02 4.46000e-10 0.00000e+00 4.62000e-05 9.96000e-01 4.09000e-03 0.00000e+00 4.48000e-02 6.02000e-10
2.91673e+00 5.58710e+02 1.95610e+00 1.94000e-02 9.75000e-05 1.70000e-24 9.88000e-01 1.18000e-02 4.35000e-10 0.00000e+00 4.61000e-05 9.96000e-01 4.00000e-03 0.00000e+00 4.48000e-02 6.01000e-10
2.91676e+00 5.45820e+02 1.92910e+00 1.91000e-02 9.70000e-05 1.65000e-24 9.88000e-01 1.16000e-02 4.24000e-10 0.00000e+00 4.60000e-05 9.96000e-01 3.92000e-03 0.00000e+00 4.48000e-02 6.01000e-10
2.91679e+00 5.33250e+02 1.90260e+00 1.88000e-02 9.65000e-05 1.60000e-24 9.89000e-01 1.14000e-02 4.13000e-10 0.00000e+00 4.59000e-05 9.96000e-01 3.83000e-03 0.00000e+00 4.48000e-02 6.00000e-10
2.91682e+00 5.21000e+02 1.87640e+00 1.86000e-02 9.60000e-05 1.55000e-24 9.89000e-01 1.11000e-02 4.02000e-10 0.00000e+00 4.57000e-05 9.96000e-01 3.75000e-03 0.00000e+00 4.47000e-02 6.00000e-10
2.91685e+00 5.09080e+02 1.85070e+00 1.83000e-02 9.55000e-05 1.51000e-24 9.89000e-01 1.09000e-02 3.92000e-10 0.00000e+00 4.56000e-05 9.96000e-01 3.67000e-03 0.00000e+00 4.47000e-02 5.99000e-10
2.91688e+00 4.97610e+02 1.82550e+00 1.80000e-02 9.51000e-05 1.47000e-24 9.89000e-01 1.07000e-02 3.82000e-10 0.00000e+00 4.54000e-05 9.96000e-01 3.60000e-03 0.00000e+00 4.47000e-02 5.98000e-10
2.91691e+00 4.86790e+02 1.80120e+00 1.78000e-02 9.46000e-05 1.43000e-24 9.90000e-01 1.05000e-02 3.73000e-10 0.00000e+00 4.52000e-05 9.96000e-01 3.52000e-03 0.00000e+00 4.46000e-02 5.98000e-10
2.91694e+00 4.76260e+02 1.77730e+00 1.76000e-02 9.42000e-05 1.40000e-24 9.90000e-01 1.03000e-02 3.63000e-10 0.00000e+00 4.49000e-05 9.97000e-01 3.45000e-03 0.00000e+00 4.46000e-02 5.97000e-10
2.91696e+00 4.66010e+02 1.75380e+00 1.73000e-02 9.38000e-05 1.36000e-24 9.90000e-01 1.01000e-02 3.54000e-10 0.00000e+00 4.47000e-05 9.97000e-01 3.38000e-03 0.00000e+00 4.46000e-02 5.96000e-10
2.91699e+00 4.56030e+02 1.73070e+00 1.71000e-02 9.33000e-05 1.33000e-24 9.90000e-01 9.89000e-03 3.45000e-10 0.00000e+00 4.44000e-05 9.97000e-01 3.31000e-03 0.00000e+00 4.45000e-02 5.95000e-10
2.91702e+00 4.46390e+02 1.70800e+00 1.69000e-02 9.29000e-05 1.30000e-24 9.90000e-01 9.70000e-03 3.37000e-10 0.00000e+00 4.41000e-05 9.97000e-01 3.25000e-03 0.00000e+00 4.45000e-02 5.94000e-10
2.91705e+00 4.37110e+02 1.68590e+00 1.67000e-02 9.25000e-05 1.28000e-24 9.90000e-01 9.51000e-03 3.28000e-10 0.00000e+00 4.38000e-05 9.97000e-01 3.18000e-03 0.00000e+00 4.44000e-02 5.93000e-10
2.91708e+00 4.28070e+02 1.66410e+00 1.64000e-02 9.21000e-05 1.25000e-24 9.91000e-01 9.33000e-03 3.20000e-10 0.00000e+00 4.35000e-05 9.97000e-01 3.12000e-03 0.00000e+00 4.44000e-02 5.92000e-10
2.91711e+00 4.19260e+02 1.64260e+00 1.62000e-02 9.17000e-05 1.23000e-24 9.91000e-01 9.15000e-03 3.12000e-10 0.00000e+00 4.32000e-05 9.97000e-01 3.06000e-03 0.00000e+00 4.43000e-02 5.91000e-10
2.91714e+00 4.10670e+02 1.62150e+00 1.60000e-02 9.13000e-05 1.21000e-24 9.91000e-01 8.97000e-03 3.04000e-10 0.00000e+00 4.28000e-05 9.97000e-01 3.00000e-03 0.00000e+00 4.42000e-02 5.89000e-10
2.91717e+00 4.02300e+02 1.60080e+00 1.58000e-02 9.09000e-05 1.19000e-24 9.91000e-01 8.80000e-03 2.97000e-10 0.00000e+00 4.25000e-05 9.97000e-01 2.95000e-03 0.00000e+00 4.42000e-02 5.88000e-10
2.91720e+00 3.94480e+02 1.58080e+00 1.56000e-02 9.06000e-05 1.17000e-24 9.91000e-01 8.63000e-03 2.90000e-10 0.00000e+00 4.21000e-05 9.97000e-01 2.89000e-03 0.00000e+00 4.41000e-02 5.87000e-10
2.91723e+00 3.85530e+02 1.55760e+00 1.54000e-02 9.02000e-05 1.15000e-24 9.92000e-01 8.44000e-03 2.81000e-10 0.00000e+00 4.17000e-05 9.97000e-01 2.83000e-03 0.00000e+00 4.40000e-02 5.85000e-10
2.91727e+00 3.76650e+02 1.53420e+00 1.51000e-02 8.98000e-05 1.13000e-24 9.92000e-01 8.25000e-03 2.73000e-10 0.00000e+00 4.12000e-05 9.97000e-01 2.77000e-03 0.00000e+00 4.39000e-02 5.83000e-10
2.91730e+00 3.69070e+02 1.51360e+00 1.49000e-02 8.94000e-05 1.12000e-24 9.92000e-01 8.08000e-03 2.66000e-10 0.00000e+00 4.07000e-05 9.97000e-01 2.71000e-03 0.00000e+00 4.39000e-02 5.81000e-10
2.91733e+00 3.61860e+02 1.49340e+00 1.48000e-02 8.91000e-05 1.10000e-24 9.92000e-01 7.93000e-03 2.59000e-10 0.00000e+00 4.03000e-05 9.97000e-01 2.67000e-03 0.00000e+00 4.38000e-02 5.80000e-10
2.91736e+00 3.53750e+02 1.47290e+00 1.45000e-02 8.87000e-05 1.09000e-24 9.92000e-01 7.74000e-03 2.52000e-10 0.00000e+00 3.98000e-05 9.97000e-01 2.61000e-03 0.00000e+00 4.37000e-02 5.78000e-10
2.91740e+00 3.45720e+02 1.45090e+00 1.43000e-02 8.83000e-05 1.07000e-24 9.92000e-01 7.57000e-03 2.44000e-10 0.00000e+00 3.92000e-05 9.97000e-01 2.55000e-03 0.00000e+00 4.36000e-02 5.76000e-10
2.91743e+00 3.38910e+02 1.43160e+00 1.41000e-02 8.80000e-05 1.06000e-24 9.93000e-01 7.41000e-03 2.38000e-10 0.00000e+00 3.87000e-05 9.97000e-01 2.50000e-03 0.00000e+00 4.35000e-02 5.74000e-10
2.91746e+00 3.32430e+02 1.41280e+00 1.39000e-02 8.77000e-05 1.05000e-24 9.93000e-01 7.27000e-03 2.32000e-10 0.00000e+00 3.82000e-05 9.98000e-01 2.46000e-03 0.00000e+00 4.34000e-02 5.72000e-10
2.91750e+00 3.25140e+02 1.39360e+00 1.37000e-02 8.73000e-05 1.04000e-24 9.93000e-01 7.10000e-03 2.25000e-10 0.00000e+00 3.77000e-05 9.98000e-01 2.41000e-03 0.00000e+00 4.33000e-02 5.70000e-10
2.91753e+00 3.17940e+02 1.37300e+00 1.35000e-02 8.69000e-05 1.03000e-24 9.93000e-01 6.94000e-03 2.18000e-10 0.00000e+00 3.71000e-05 9.98000e-01 2.36000e-03 0.00000e+00 4.32000e-02 5.68000e-10
2.91757e+00 3.11740e+02 1.35390e+00 1.34000e-02 8.67000e-05 1.02000e-24 9.93000e-01 6.80000e-03 2.13000e-10 0.00000e+00 3.65000e-05 9.98000e-01 2.32000e-03 0.00000e+00 4.31000e-02 5.66000e-10
2.91760e+00 3.04520e+02 1.33430e+00 1.31000e-02 8.62000e-05 1.01000e-24 9.93000e-01 6.63000e-03 2.06000e-10 0.00000e+00 3.59000e-05 9.98000e-01 2.26000e-03 0.00000e+00 4.30000e-02 5.64000e-10
2.91764e+00 2.97470e+02 1.31350e+00 1.29000e-02 8.59000e-05 1.00000e-24 9.94000e-01 6.47000e-03 1.99000e-10 0.00000e+00 3.53000e-05 9.98000e-01 2.22000e-03 0.00000e+00 4.29000e-02 5.61000e-10
2.91768e+00 2.91540e+02 1.29520e+00 1.28000e-02 8.56000e-05 9.97000e-25 9.94000e-01 6.32000e-03 1.94000e-10 0.00000e+00 3.47000e-05 9.98000e-01 2.17000e-03 0.00000e+00 4.27000e-02 5.59000e-10
2.91771e+00 2.85970e+02 1.27780e+00 1.26000e-02 8.54000e-05 9.92000e-25 9.94000e-01 6.20000e-03 1.89000e-10 0.00000e+00 3.41000e-05 9.98000e-01 2.14000e-03 0.00000e+00 4.26000e-02 5.57000e-10
2.91774e+00 2.79750e+02 1.26010e+00 1.24000e-02 8.51000e-05 9.84000e-25 9.94000e-01 6.04000e-03 1.83000e-10 0.00000e+00 3.35000e-05 9.98000e-01 2.09000e-03 0.00000e+00 4.25000e-02 5.54000e-10
2.91778e+00 2.73630e+02 1.24110e+00 1.22000e-02 8.48000e-05 9.78000e-25 9.94000e-01 5.90000e-03 1.77000e-10 0.00000e+00 3.29000e-05 9.98000e-01 2.05000e-03 0.00000e+00 4.24000e-02 5.52000e-10
2.91782e+00 2.68370e+02 1.22370e+00 1.21000e-02 8.46000e-05 9.76000e-25 9.94000e-01 5.78000e-03 1.72000e-10 0.00000e+00 3.23000e-05 9.98000e-01 2.01000e-03 0.00000e+00 4.22000e-02 5.49000e-10
2.91786e+00 2.62230e+02 1.20560e+00 1.19000e-02 8.43000e-05 9.69000e-25 9.94000e-01 5.62000e-03 1.67000e-10 0.00000e+00 3.16000e-05 9.98000e-01 1.97000e-03 0.00000e+00 4.21000e-02 5.46000e-10
2.91789e+00 2.56230e+02 1.18640e+00 1.17000e-02 8.41000e-05 9.65000e-25 9.95000e-01 5.48000e-03 1.61000e-10 0.00000e+00 3.09000e-05 9.98000e-01 1.93000e-03 0.00000e+00 4.20000e-02 5.43000e-10
2.91793e+00 2.51140e+02 1.16950e+00 1.15000e-02 8.39000e-05 9.63000e-25 9.95000e-01 5.35000e-03 1.56000e-10 0.00000e+00 3.03000e-05 9.98000e-01 1.89000e-03 0.00000e+00 4.18000e-02 5.41000e-10
2.91797e+00 2.46720e+02 1.15420e+00 1.14000e-02 8.39000e-05 9.63000e-25 9.95000e-01 5.24000e-03 1.52000e-10 0.00000e+00 2.97000e-05 9.98000e-01 1.86000e-03 0.00000e+00 4.17000e-02 5.38000e-10
2.91800e+00 2.41840e+02 1.13820e+00 1.12000e-02 8.38000e-05 9.61000e-25 9.95000e-01 5.12000e-03 1.48000e-10 0.00000e+00 2.91000e-05 9.98000e-01 1.83000e-03 0.00000e+00 4.15000e-02 5.35000e-10
2.91804e+00 2.37070e+02 1.12160e+00 1.10000e-02 8.38000e-05 9.62000e-25 9.95000e-01 4.99000e-03 1.43000e-10 0.00000e+00 2.84000e-05 9.98000e-01 1.79000e-03 0.00000e+00 4.14000e-02 5.32000e-10
2.91808e+00 2.32790e+02 1.10620e+00 1.09000e-02 8.38000e-05 9.64000e-25 9.95000e-01 4.89000e-03 1.39000e-10 0.00000e+00 2.79000e-05 9.98000e-01 1.76000e-03 0.00000e+00 4.12000e-02 5.29000e-10
2.91812e+00 2.28110e+02 1.09000e+00 1.07000e-02 8.41000e-05 9.68000e-25 9.95000e-01 4.76000e-03 1.35000e-10 0.00000e+00 2.72000e-05 9.98000e-01 1.73000e-03 0.00000e+00 4.11000e-02 5.25000e-10
2.91816e+00 2.23390e+02 1.07300e+00 1.05000e-02 8.45000e-05 9.74000e-25 9.95000e-01 4.64000e-03 1.30000e-10 0.00000e+00 2.66000e-05 9.98000e-01 1.69000e-03 0.00000e+00 4.09000e-02 5.22000e-10
2.91820e+00 2.19330e+02 1.05750e+00 1.04000e-02 8.53000e-05 9.85000e-25 9.95000e-01 4.54000e-03 1.26000e-10 0.00000e+00 2.60000e-05 9.98000e-01 1.66000e-03 0.00000e+00 4.07000e-02 5.18000e-10
2.91824e+00 2.14520e+02 1.04100e+00 1.02000e-02 8.66000e-05 1.00000e-24 9.96000e-01 4.41000e-03 1.22000e-10 0.00000e+00 2.53000e-05 9.98000e-01 1.63000e-03 0.00000e+00 4.05000e-02 5.15000e-10
2.91829e+00 2.09860e+02 1.02370e+00 1.00000e-02 8.83000e-05 1.02000e-24 9.96000e-01 4.29000e-03 1.18000e-10 0.00000e+00 2.46000e-05 9.98000e-01 1.59000e-03 0.00000e+00 4.03000e-02 5.11000e-10
2.91833e+00 2.05850e+02 1.00810e+00 9.90000e-03 9.07000e-05 1.06000e-24 9.96000e-01 4.18000e-03 1.14000e-10 0.00000e+00 2.40000e-05 9.98000e-01 1.56000e-03 0.00000e+00 4.01000e-02 5.07000e-10
2.91838e+00 2.01130e+02 9.91310e-01 9.72000e-03 9.37000e-05 1.09000e-24 9.96000e-01 4.06000e-03 1.10000e-10 0.00000e+00 2.33000e-05 9.98000e-01 1.53000e-03 0.00000e+00 3.99000e-02 5.03000e-10
2.91843e+00 1.96590e+02 9.74010e-01 9.54000e-03 9.67000e-05 1.13000e-24 9.96000e-01 3.85000e-03 1.03000e-10 0.00000e+00 2.26000e-05 9.98000e-01 1.50000e-03 0.00000e+00 3.97000e-02 4.99000e-10
2.91849e+00 1.91720e+02 9.54300e-01 9.36000e-03 1.00000e-04 1.18000e-24 9.96000e-01 3.60000e-03 9.54000e-11 0.00000e+00 2.19000e-05 9.99000e-01 1.46000e-03 0.00000e+00 3.95000e-02 4.94000e-10
2.91855e+00 1.85880e+02 9.32090e-01 9.12000e-03 1.04000e-04 1.24000e-24 9.97000e-01 3.37000e-03 8.83000e-11 0.00000e+00 2.10000e-05 9.99000e-01 1.42000e-03 0.00000e+00 3.92000e-02 4.88000e-10
2.91863e+00 1.80120e+02 9.09330e-01 8.90000e-03 1.08000e-04 1.29000e-24 9.97000e-01 3.18000e-03 8.23000e-11 0.00000e+00 2.01000e-05 9.99000e-01 1.37000e-03 0.00000e+00 3.89000e-02 4.82000e-10
2.91869e+00 1.74750e+02 8.88260e-01 8.68000e-03 1.11000e-04 1.34000e-24 9.97000e-01 3.01000e-03 7.69000e-11 0.00000e+00 1.93000e-05 9.99000e-01 1.33000e-03 0.00000e+00 3.85000e-02 4.76000e-10
2.91876e+00 1.69960e+02 8.68660e-01 8.49000e-03 1.14000e-04 1.38000e-24 9.97000e-01 2.85000e-03 7.20000e-11 0.00000e+00 1.86000e-05 9.99000e-01 1.30000e-03 0.00000e+00 3.82000e-02 4.70000e-10
2.91882e+00 1.65210e+02 8.49130e-01 8.29000e-03 1.16000e-04 1.42000e-24 9.97000e-01 2.69000e-03 6.73000e-11 0.00000e+00 1.79000e-05 9.99000e-01 1.26000e-03 0.00000e+00 3.79000e-02 4.64000e-10
2.91889e+00 1.60640e+02 8.28910e-01 8.10000e-03 1.19000e-04 1.46000e-24 9.97000e-01 2.54000e-03 6.28000e-11 0.00000e+00 1.72000e-05 9.99000e-01 1.23000e-03 0.00000e+00 3.76000e-02 4.58000e-10
2.91897e+00 1.55830e+02 8.09220e-01 7.90000e-03 1.21000e-04 1.49000e-24 9.98000e-01 2.38000e-03 5.81000e-11 0.00000e+00 1.65000e-05 9.99000e-01 1.19000e-03 0.00000e+00 3.73000e-02 4.51000e-10
2.91904e+00 1.51270e+02 7.89570e-01 7.70000e-03 1.22000e-04 1.53000e-24 9.98000e-01 2.23000e-03 5.38000e-11 0.00000e+00 1.58000e-05 9.99000e-01 1.15000e-03 0.00000e+00 3.69000e-02 4.45000e-10
2.91911e+00 1.46990e+02 7.70810e-01 7.51000e-03 1.24000e-04 1.56000e-24 9.98000e-01 2.09000e-03 4.99000e-11 0.00000e+00 1.52000e-05 9.99000e-01 1.12000e-03 0.00000e+00 3.65000e-02 4.38000e-10
2.91919e+00 1.42830e+02 7.52310e-01 7.33000e-03 1.25000e-04 1.59000e-24 9.98000e-01 1.96000e-03 4.62000e-11 0.00000e+00 1.46000e-05 9.99000e-01 1.09000e-03 0.00000e+00 3.62000e-02 4.31000e-10
2.91926e+00 1.38740e+02 7.33870e-01 7.14000e-03 1.27000e-04 1.62000e-24 9.98000e-01 1.83000e-03 4.26000e-11 0.00000e+00 1.40000e-05 9.99000e-01 1.06000e-03 0.00000e+00 3.58000e-02 4.25000e-10
2.91934e+00 1.34760e+02 7.15620e-01 6.96000e-03 1.28000e-04 1.65000e-24 9.98000e-01 1.71000e-03 3.92000e-11 0.00000e+00 1.35000e-05 9.99000e-01 1.03000e-03 0.00000e+00 3.54000e-02 4.18000e-10
2.91942e+00 1.30900e+02 6.97650e-01 6.78000e-03 1.29000e-04 1.68000e-24 9.98000e-01 1.59000e-03 3.60000e-11 0.00000e+00 1.30000e-05 9.99000e-01 9.96000e-04 0.00000e+00 3.50000e-02 4.10000e-10
2.91950e+00 1.27150e+02 6.79980e-01 6.60000e-03 1.29000e-04 1.70000e-24 9.99000e-01 1.48000e-03 3.30000e-11 0.00000e+00 1.25000e-05 9.99000e-01 9.66000e-04 0.00000e+00 3.46000e-02 4.03000e-10
2.91958e+00 1.23510e+02 6.62600e-01 6.43000e-03 1.30000e-04 1.73000e-24 9.99000e-01 1.37000e-03 3.02000e-11 0.00000e+00 1.21000e-05 9.99000e-01 9.36000e-04 0.00000e+00 3.42000e-02 3.96000e-10
2.91966e+00 1.20070e+02 6.45130e-01 6.27000e-03 1.31000e-04 1.76000e-24 9.99000e-01 1.27000e-03 2.76000e-11 0.00000e+00 1.17000e-05 9.99000e-01 9.09000e-04 0.00000e+00 3.37000e-02 3.88000e-10
2.91975e+00 1.16510e+02 6.28360e-01 6.09000e-03 1.31000e-04 1.78000e-24 9.99000e-01 1.17000e-03 2.51000e-11 0.00000e+00 1.13000e-05 9.99000e-01 8.79000e-04 0.00000e+00 3.33000e-02 3.80000e-10
2.91984e+00 1.13270e+02 6.11400e-01 5.93000e-03 1.32000e-04 1.81000e-24 9.99000e-01 1.08000e-03 2.28000e-11 0.00000e+00 1.09000e-05 9.99000e-01 8.53000e-04 0.00000e+00 3.28000e-02 3.72000e-10
2.91992e+00 1.10030e+02 5.94960e-01 5.76000e-03 1.32000e-04 1.83000e-24 9.99000e-01 9.93000e-04 2.07000e-11 0.00000e+00 1.06000e-05 9.99000e-01 8.26000e-04 0.00000e+00 3.23000e-02 3.63000e-10
2.92002e+00 1.06850e+02 5.78640e-01 5.60000e-03 1.33000e-04 1.85000e-24 9.99000e-01 9.10000e-04 1.87000e-11 0.00000e+00 1.02000e-05 9.99000e-01 8.00000e-04 0.00000e+00 3.17000e-02 3.54000e-10
2.92011e+00 1.03780e+02 5.62700e-01 5.44000e-03 1.33000e-04 1.88000e-24 9.99000e-01 8.32000e-04 1.68000e-11 0.00000e+00 9.95000e-06 9.99000e-01 7.74000e-04 0.00000e+00 3.11000e-02 3.44000e-10
2.92020e+00 1.00830e+02 5.47120e-01 5.28000e-03 1.33000e-04 1.89000e-24 9.99000e-01 7.60000e-04 1.51000e-11 0.00000e+00 9.68000e-06 9.99000e-01 7.49000e-04 0.00000e+00 3.04000e-02 3.34000e-10
2.92030e+00 9.80270e+01 5.31870e-01 5.13000e-03 1.32000e-04 1.90000e-24 9.99000e-01 6.93000e-04 1.36000e-11 0.00000e+00 9.41000e-06 9.99000e-01 7.26000e-04 0.00000e+00 2.97000e-02 3.23000e-10
