# F10: density-weighted radial profiles of the Tigris runs T6_multi_ion/F10_bands/run64_b<n>
# and their wall time
# r [pc], T [K], xhp = x_H+, wall [s]
@ r_b3 31
0.09375
0.28125
0.46875
0.65625
0.84375
1.03125
1.21875
1.40625
1.59375
1.78125
1.96875
2.15625
2.34375
2.53125
2.71875
2.90625
3.09375
3.28125
3.46875
3.65625
3.84375
4.03125
4.21875
4.40625
4.59375
4.78125
4.96875
5.15625
5.34375
5.53125
5.71875
@ T_b3 31
5687.9725177352584
6308.0899658795124
6542.6587774097743
6698.7963484665142
6805.7688595628824
6890.2351884769396
6970.726814997468
7050.8640512901247
7133.9447622658472
7229.7686111342455
7348.257162954711
7504.3567810777704
7726.7160461634348
8024.3021702778187
8152.2297618032444
3588.7003566174599
10.036240978620866
9.440575254976892
9.4405013258737611
9.4404221980871146
9.440338067690055
9.4402498296674509
9.4401595766647919
9.4400659698796456
9.4399649065437536
9.4398598102777491
9.4397495265509601
9.4396375690911576
9.4395182155342532
9.439401480768387
9.4392725094616523
@ xhp_b3 31
0.99999722838401794
0.99998687207698822
0.9999657983963306
0.99993660052617395
0.9998978718238718
0.99984915703535082
0.99978343567677908
0.9996996377171441
0.99959134183123577
0.99944315979377829
0.99923521207495669
0.99891651223352806
0.99831913155767149
0.99686272234480455
0.9371409766525457
0.23061811618175235
6.7476270828226452e-05
4.5082783467557442e-07
4.5082376704284956e-07
4.5081941204717057e-07
4.5081477946656033e-07
4.5080992026022591e-07
4.5080495151264504e-07
4.5079979911179585e-07
4.5079423512760259e-07
4.5078844953392427e-07
4.5078237777974805e-07
4.5077621290137767e-07
4.5076964356963213e-07
4.5076321620790684e-07
4.5075611439786761e-07
@ wall_b3 
24.829999999999998
@ r_b5 31
0.09375
0.28125
0.46875
0.65625
0.84375
1.03125
1.21875
1.40625
1.59375
1.78125
1.96875
2.15625
2.34375
2.53125
2.71875
2.90625
3.09375
3.28125
3.46875
3.65625
3.84375
4.03125
4.21875
4.40625
4.59375
4.78125
4.96875
5.15625
5.34375
5.53125
5.71875
@ T_b5 31
5658.081508602585
6292.9859587075744
6527.0571315441539
6682.7431676323422
6788.0308801897772
6870.458146046517
6946.9824189407182
7019.7217892450653
7093.8824452927129
7172.9653899970381
7264.2002850328872
7379.0722680999688
7542.7912418565902
7789.0910488664658
8021.095884456452
3277.3478560977182
10.106349848881029
9.4405752566488434
9.440501328083263
9.4404221995779327
9.4403380716004612
9.440249832728469
9.4401595821270181
9.4400659750440532
9.4399649124656086
9.4398598165614267
9.4397495327035301
9.4396375758475219
9.4395182225878269
9.4394014897875511
9.4392725192189797
@ xhp_b5 31
0.99999724328517914
0.99998688449462259
0.99996585685473227
0.99993671104311943
0.99989803595577964
0.99984937657912576
0.99978367696915349
0.99969986326653848
0.99959122752531981
0.99944199568076098
0.99923098995082682
0.9989037294708305
0.99827893373538867
0.99670373105808441
0.91805709209986952
0.19066511899935126
2.7350124410270809e-05
4.508278348104876e-07
4.5082376718812778e-07
4.508194121838134e-07
4.5081477967951537e-07
4.5080992053466305e-07
4.5080495176641034e-07
4.5079979937698657e-07
4.507942353795681e-07
4.5078844986137953e-07
4.5078237804836004e-07
4.5077621325574041e-07
4.5076964389848298e-07
4.5076321660700023e-07
4.5075611485957463e-07
@ wall_b5 
25.199999999999999
@ r_b6 31
0.09375
0.28125
0.46875
0.65625
0.84375
1.03125
1.21875
1.40625
1.59375
1.78125
1.96875
2.15625
2.34375
2.53125
2.71875
2.90625
3.09375
3.28125
3.46875
3.65625
3.84375
4.03125
4.21875
4.40625
4.59375
4.78125
4.96875
5.15625
5.34375
5.53125
5.71875
@ T_b6 31
5660.6580882879925
6292.4115723629302
6526.8200243781666
6682.401919077678
6787.8287691996084
6870.3098700792925
6946.7885776061139
7019.6954594349691
7093.8512505539256
7172.9055191561074
7264.2460264458186
7379.0493110237876
7542.7528930948611
7789.1993997552099
8021.1518618201972
3279.1936560156646
10.193558078535414
9.4405755668035489
9.4405013336074539
9.4404222032225373
9.4403380750764985
9.4402498357894888
9.4401595848581117
9.4400659797390674
9.4399649147741673
9.4398598212742062
9.4397495381428271
9.4396375789722615
9.4395182246254219
9.4394014943698519
9.439272523758774
@ xhp_b6 31
0.99999725818634033
0.99998688201109565
0.99996585972034013
0.99993671062919831
0.9998980350792408
0.9998493835330009
0.99978368239743365
0.99969985082068225
0.99959122026577973
0.99944199862883243
0.99923103760885101
0.9989037479662416
0.99827885447808029
0.99670415069314022
0.91808238574290346
0.19069722297512659
2.7736561187967587e-05
4.508282023514595e-07
4.5082376726737047e-07
4.508194122551053e-07
4.5081477977300785e-07
4.5080992065441747e-07
4.5080495190442303e-07
4.5079979953273348e-07
4.5079423554514541e-07
4.5078844999869945e-07
4.5078237816667725e-07
4.5077621349501097e-07
4.5076964415706657e-07
4.5076321683915259e-07
4.507561151050083e-07
@ wall_b6 
25.640000000000001
@ r_b7 31
0.09375
0.28125
0.46875
0.65625
0.84375
1.03125
1.21875
1.40625
1.59375
1.78125
1.96875
2.15625
2.34375
2.53125
2.71875
2.90625
3.09375
3.28125
3.46875
3.65625
3.84375
4.03125
4.21875
4.40625
4.59375
4.78125
4.96875
5.15625
5.34375
5.53125
5.71875
@ T_b7 31
5661.610870007582
6299.9418619075568
6536.8780435249755
6698.7612187836794
6816.2683584490514
6916.4721487937604
7018.3755196033326
7123.8736126249023
7238.1886217846832
7375.473410325847
7542.9938863213283
7755.6463500423197
8048.2566733237018
8456.1318338386154
8972.7146568996177
6759.4313775122337
128.04440779209
9.4405752583207914
9.4405013398681401
9.4404222111743028
9.4403380792764793
9.4402498433027429
9.4401595899476742
9.4400659879551583
9.4399649222013053
9.4398598285395252
9.4397495467028278
9.4396375873331078
9.4395182356759992
9.4394015078258366
9.4392725364297316
@ xhp_b7 31
0.99999726563692093
0.99998687704404199
0.99996582074807239
0.99993663529554999
0.99989786568809957
0.99984899014234541
0.99978285442505566
0.99969805336811324
0.9995876477442236
0.99943552503911715
0.9992200630749094
0.99888668228034394
0.9982606823151966
0.99680090404075128
0.97449562196916018
0.40793937010351161
0.0025757064670669369
4.5082783505782842e-07
4.5082376754471986e-07
4.508194125640369e-07
4.5081478011061956e-07
4.5080992098873179e-07
4.5080495223832469e-07
4.5079980003785867e-07
4.5079423620025573e-07
4.5078845049516394e-07
4.5078237863035277e-07
4.5077621406138564e-07
4.5076964479509351e-07
4.5076321749126594e-07
4.5075611583887939e-07
@ wall_b7 
25.989999999999998
