# F11: density-weighted radial profiles of the Tigris runs T6_multi_ion/recomb_ots/ots_{true,false}
# r [pc], T [K], xhp = x_H+
@ r_ots_true 119
0.1640625
0.3046875
0.3984375
0.4921875
0.5390625
0.6328125
0.6796875
0.7265625
0.7734375
0.8203125
0.8671875
0.9140625
0.9609375
1.0078125
1.0546875
1.1015625
1.1484375
1.1953125
1.2421875
1.2890625
1.3359375
1.3828125
1.4296875
1.4765625
1.5234375
1.5703125
1.6171875
1.6640625
1.7109375
1.7578125
1.8046875
1.8515625
1.8984375
1.9453125
1.9921875
2.0390625
2.0859375
2.1328125
2.1796875
2.2265625
2.2734375
2.3203125
2.3671875
2.4140625
2.4609375
2.5078125
2.5546875
2.6015625
2.6484375
2.6953125
2.7421875
2.7890625
2.8359375
2.8828125
2.9296875
2.9765625
3.0234375
3.0703125
3.1171875
3.1640625
3.2109375
3.2578125
3.3046875
3.3515625
3.3984375
3.4453125
3.4921875
3.5390625
3.5859375
3.6328125
3.6796875
3.7265625
3.7734375
3.8203125
3.8671875
3.9140625
3.9609375
4.0078125
4.0546875
4.1015625
4.1484375
4.1953125
4.2421875
4.2890625
4.3359375
4.3828125
4.4296875
4.4765625
4.5234375
4.5703125
4.6171875
4.6640625
4.7109375
4.7578125
4.8046875
4.8515625
4.8984375
4.9453125
4.9921875
5.0390625
5.0859375
5.1328125
5.1796875
5.2265625
5.2734375
5.3203125
5.3671875
5.4140625
5.4609375
5.5078125
5.5546875
5.6015625
5.6484375
5.6953125
5.7421875
5.7890625
5.8359375
5.8828125
5.9296875
@ T_ots_true 119
5671.8598280959995
6299.4581990852585
6436.1546240545613
6526.3783320563571
6593.7973183426966
6645.8026341954337
6688.8874955345027
6723.1468669212618
6755.9435713869652
6784.8933660703979
6811.067450312732
6846.1191896575701
6874.3803764007007
6895.0390366458405
6926.958481440558
6948.3957879999225
6975.268122179491
6998.2175670133929
7025.5118678001918
7055.5505606963507
7075.589495057824
7100.6348321446985
7121.9740593490897
7156.3896102580329
7181.8702781413531
7209.229834278759
7242.7371034834296
7277.8340658299012
7317.5018130767248
7344.8276586692955
7383.4969869429215
7427.3322044034867
7474.2015335247033
7513.7259015535064
7558.9314791011066
7608.1353501227659
7655.4912462580878
7713.9570135996
7769.5050439548413
7841.7359729573354
7904.4890405165697
7985.9578623374728
8064.9788366301418
8162.4867193840118
8274.4057731813609
8362.8407090470755
8493.5405923297458
8632.0375739509964
8763.1834267890245
8889.8113130615166
9020.5436251228184
9129.3542213475757
8964.2710825439754
8583.0829026364499
7518.3748079618126
3504.4503921287915
521.19437355478817
74.070009793945999
34.750389959122309
9.4413839743383381
9.4406019189946271
9.4405873452210542
9.4405662869928886
9.4405481612701578
9.4405301781789728
9.4405120487355756
9.4404927881654288
9.4404738314943604
9.4404539356278789
9.4404351694860082
9.4404157661930963
9.440392225128738
9.4403746655976892
9.4403518491569773
9.4403308691224161
9.4403073122484997
9.4402878239790571
9.4402669917476167
9.4402427126844639
9.4402175093075122
9.4401940981958408
9.4401738480976078
9.4401486529476895
9.4401282371381114
9.4401049515639635
9.4400822497340258
9.440056800466456
9.4400312897766927
9.440006706649152
9.4399797154421918
9.4399593419661834
9.4399259574738608
9.4399015553837042
9.4398763593536952
9.4398495130828639
9.4398226900452222
9.4397928730532801
9.4397694440702082
9.4397404313247062
9.439708865650287
9.439683138295516
9.439658421416576
9.4396242975097913
9.439599299592242
9.4395704179288256
9.4395386992926955
9.4395037964048782
9.4394736141468627
9.4394507978208466
9.4394209298550571
9.4393839748811157
9.4393523388603242
9.4393212514567963
9.4392805372248549
9.4392555402942797
9.4392299192846778
9.4391984566569249
9.4391746863224206
9.4391429773394204
@ xhp_ots_true 119
0.99999726563692093
0.99998687704404199
0.99997742970784509
0.99996794573962688
0.99995860333244002
0.9999491348862648
0.9999395149449507
0.99993055065472924
0.9999204774697622
0.99991060793399811
0.9999008956882689
0.9998855799436569
0.99987208926015425
0.99986161043246591
0.99984346152771086
0.99983037014802301
0.99981351824183218
0.99979817370573676
0.99977806086341536
0.99975589662790298
0.99974010388056433
0.99971878244763324
0.99970084854534691
0.99966869196471042
0.99964410977231133
0.99961752754946553
0.9995834815005461
0.99954704749278533
0.99950261827972198
0.99947243404609187
0.99942700937390327
0.99937357791723347
0.99931470538471256
0.99926237099700499
0.99919880691327545
0.99912888603284955
0.99905645640359986
0.99896098770525144
0.99886580556631088
0.99873457228144014
0.99860917633039914
0.99843181694547334
0.99823405038492352
0.99796409259751895
0.99761346913874149
0.99728525057435036
0.99667686727224736
0.99588494052489596
0.99463666058503664
0.99288470298051834
0.97927439178932796
0.94589364469835635
0.8163080781343437
0.6256675046687532
0.35489602487595884
0.092268696698765001
0.010476134106352212
0.001449632512676387
0.00093334223734566665
4.547021820703177e-07
4.5082930249781098e-07
4.5082850070092959e-07
4.5082734014082839e-07
4.5082634474940482e-07
4.5082535235237073e-07
4.5082435658668391e-07
4.5082329910052911e-07
4.5082225332682653e-07
4.5082115974322057e-07
4.5082012441651404e-07
4.5081905894636183e-07
4.5081776149359515e-07
4.508167951943583e-07
4.5081553650192474e-07
4.5081438323007042e-07
4.5081308670378948e-07
4.5081201309279658e-07
4.5081086457286327e-07
4.5080952856758347e-07
4.5080814047447019e-07
4.5080685049573874e-07
4.5080573582690351e-07
4.5080435064207055e-07
4.5080322793989353e-07
4.5080194337878228e-07
4.5080069455138982e-07
4.5079929571478773e-07
4.507978903529579e-07
4.5079653663141761e-07
4.5079505139095947e-07
4.507939279476516e-07
4.5079209130233765e-07
4.5079074763133451e-07
4.507893597400659e-07
4.5078788336338192e-07
4.5078640571598637e-07
4.5078476495300872e-07
4.507834745193048e-07
4.5078187703340639e-07
4.5078013756837339e-07
4.5077872140721843e-07
4.5077736074900982e-07
4.5077548287346597e-07
4.5077410621766033e-07
4.5077251761482239e-07
4.5077077194641288e-07
4.5076885002841167e-07
4.5076718755996969e-07
4.5076593037960164e-07
4.5076428650197505e-07
4.5076225249898114e-07
4.5076051125090809e-07
4.5075879840102317e-07
4.5075655578856967e-07
4.5075518001946316e-07
4.5075376950514223e-07
4.5075203577699275e-07
4.5075072910008476e-07
4.5074898250065634e-07
@ r_ots_false 119
0.1640625
0.3046875
0.3984375
0.4921875
0.5390625
0.6328125
0.6796875
0.7265625
0.7734375
0.8203125
0.8671875
0.9140625
0.9609375
1.0078125
1.0546875
1.1015625
1.1484375
1.1953125
1.2421875
1.2890625
1.3359375
1.3828125
1.4296875
1.4765625
1.5234375
1.5703125
1.6171875
1.6640625
1.7109375
1.7578125
1.8046875
1.8515625
1.8984375
1.9453125
1.9921875
2.0390625
2.0859375
2.1328125
2.1796875
2.2265625
2.2734375
2.3203125
2.3671875
2.4140625
2.4609375
2.5078125
2.5546875
2.6015625
2.6484375
2.6953125
2.7421875
2.7890625
2.8359375
2.8828125
2.9296875
2.9765625
3.0234375
3.0703125
3.1171875
3.1640625
3.2109375
3.2578125
3.3046875
3.3515625
3.3984375
3.4453125
3.4921875
3.5390625
3.5859375
3.6328125
3.6796875
3.7265625
3.7734375
3.8203125
3.8671875
3.9140625
3.9609375
4.0078125
4.0546875
4.1015625
4.1484375
4.1953125
4.2421875
4.2890625
4.3359375
4.3828125
4.4296875
4.4765625
4.5234375
4.5703125
4.6171875
4.6640625
4.7109375
4.7578125
4.8046875
4.8515625
4.8984375
4.9453125
4.9921875
5.0390625
5.0859375
5.1328125
5.1796875
5.2265625
5.2734375
5.3203125
5.3671875
5.4140625
5.4609375
5.5078125
5.5546875
5.6015625
5.6484375
5.6953125
5.7421875
5.7890625
5.8359375
5.8828125
5.9296875
@ T_ots_false 119
7456.6447946572753
7637.8984624773293
7676.8280337776023
7691.4897807705966
7693.4401827624924
7688.7442191552373
7680.9425586557236
7671.5876005072114
7659.0588202379913
7645.9300427023854
7633.418652367809
7614.701533190464
7598.5852699706675
7585.8429555893381
7568.3742095796533
7556.20027550539
7543.2119379757851
7530.5664550830788
7515.6360918577611
7507.4131845999054
7500.611939616314
7490.5035758421518
7490.5294046334711
7481.8687256467392
7477.9360981136651
7479.7108722727626
7481.9287677987077
7487.4832493246895
7493.3511369555981
7501.6810040012024
7515.5793537808031
7532.0002580423752
7553.5958380556249
7572.413768790896
7597.3664654251161
7627.4677823368647
7655.9878616263577
7692.9756343927857
7735.2448986745767
7792.4523108626445
7844.4524364116778
7910.3745475339229
7976.8803126172425
8064.3326860722609
8168.2149369664103
8250.0697872075343
8383.303405898665
8524.1544595037867
8659.7719053015353
8778.9128292150835
8878.2902702614138
8921.4507262562893
8778.2430195917714
8450.7094926481223
7701.1343780038305
4313.6864870737545
554.15609367926891
71.911925908929547
19.553702569601093
13.303175882224959
10.62364409507577
10.201966548316461
10.125697115091132
10.118376466109918
10.117337509009481
10.117263188150259
10.117241427783854
10.117225574738963
10.117210290177097
10.117195829519881
10.117180891963734
10.117162808875143
10.117149346234678
10.117131744987264
10.117115642018327
10.117097573439571
10.117082596632553
10.117066542048555
10.117047873330428
10.117028513213967
10.117010507681611
10.116994955025271
10.11697566909571
10.116959967761099
10.11694207584274
10.116924662518306
10.11690514761864
10.116885544831442
10.116866618375614
10.116845889647662
10.116830264554482
10.116804591197969
10.116785873943794
10.116766555631388
10.11674588926585
10.116725249739769
10.116702371921068
10.116684363945886
10.116662079206485
10.116637825755776
10.116618053236824
10.116599073229441
10.116572861485151
10.116553658091114
10.116531480770806
10.116507140932308
10.116480298491656
10.11645713322255
10.116439562473632
10.116416639811675
10.116388273564379
10.116363980416807
10.116340087991958
10.116308795375208
10.116289602007624
10.11626994786447
10.116245758386993
10.116227481356075
10.116209312208886
@ xhp_ots_false 119
0.99999599158763885
0.99998014668623603
0.99996592601140344
0.99995190277695656
0.99993827690680825
0.99992469946543372
0.99991117417812347
0.99989871846305001
0.99988493820031488
0.99987165310553139
0.99985877010557389
0.99983870834112165
0.99982133507728577
0.99980807056029641
0.99978530619825634
0.99976906925439835
0.99974851467107473
0.99973027159770333
0.99970661128560701
0.99968038913276458
0.99966194791098439
0.99963767365330747
0.99961695075035095
0.99958064122235069
0.99955329009228278
0.99952345372488105
0.99948600307106972
0.99944604092683542
0.99939829552615134
0.99936555657121873
0.99931709662727686
0.99926027349936652
0.99919789313685659
0.99914281732506227
0.99907761080223212
0.99900373475005233
0.99892865659462082
0.99883139748936112
0.99873355137450359
0.99859603797947916
0.99846617982052921
0.99828536038597426
0.99808820512364893
0.99780855320163608
0.99744039277235663
0.99710955435321447
0.99649636055293833
0.99563468011717005
0.9943889772089628
0.99258944726940512
0.9875661782412366
0.96396577449744203
0.85802149323243948
0.6748138544046216
0.40863203330081888
0.13382507498462071
0.020021600165852794
0.0041294529867414859
0.0014107614669435537
0.0003460824626444257
5.425399745474766e-05
1.57650096126667e-05
8.7284366099993348e-06
8.069486463463599e-06
7.9575870921603417e-06
7.9509754537336139e-06
7.9500976598551615e-06
7.9499658843201891e-06
7.9499530951317982e-06
7.9499476599822737e-06
7.949943064767723e-06
7.9499376363871996e-06
7.9499336347046015e-06
7.9499284138166892e-06
7.9499236434434686e-06
7.9499182618866436e-06
7.949913812653239e-06
7.9499090583827195e-06
7.9499035024489886e-06
7.9498977444158154e-06
7.9498923929084194e-06
7.9498877602553817e-06
7.9498820335121477e-06
7.9498773662930744e-06
7.9498720486577449e-06
7.9498668637107162e-06
7.9498610659811678e-06
7.9498552335264941e-06
7.9498496271905115e-06
7.9498434622148364e-06
7.9498388136072877e-06
7.949831196716754e-06
7.9498256168748913e-06
7.9498198596677176e-06
7.9498137462398791e-06
7.949807621225914e-06
7.9498008138519559e-06
7.9497954563366212e-06
7.9497888488258248e-06
7.9497816169069477e-06
7.9497757436859589e-06
7.9497701154583336e-06
7.9497623131386268e-06
7.949756612058565e-06
7.9497500089948491e-06
7.9497427797045711e-06
7.9497348002854335e-06
7.9497279177112551e-06
7.9497227065732866e-06
7.9497159006791662e-06
7.949707452326038e-06
7.9497002283917865e-06
7.9496931285132469e-06
7.9496838174308276e-06
7.94967797205294e-06
7.9496721044980782e-06
7.9496649106085443e-06
7.949659486298929e-06
7.9492928600156195e-06
