# F11: density-weighted radial profiles of the Tigris runs T6_multi_ion/recomb_ots/ots_{true,false}_r20
# r [pc], T [K], xhp = x_H+
@ r_ots_true 119
0.1640625
0.3046875
0.3984375
0.4921875
0.5390625
0.6328125
0.6796875
0.7265625
0.7734375
0.8203125
0.8671875
0.9140625
0.9609375
1.0078125
1.0546875
1.1015625
1.1484375
1.1953125
1.2421875
1.2890625
1.3359375
1.3828125
1.4296875
1.4765625
1.5234375
1.5703125
1.6171875
1.6640625
1.7109375
1.7578125
1.8046875
1.8515625
1.8984375
1.9453125
1.9921875
2.0390625
2.0859375
2.1328125
2.1796875
2.2265625
2.2734375
2.3203125
2.3671875
2.4140625
2.4609375
2.5078125
2.5546875
2.6015625
2.6484375
2.6953125
2.7421875
2.7890625
2.8359375
2.8828125
2.9296875
2.9765625
3.0234375
3.0703125
3.1171875
3.1640625
3.2109375
3.2578125
3.3046875
3.3515625
3.3984375
3.4453125
3.4921875
3.5390625
3.5859375
3.6328125
3.6796875
3.7265625
3.7734375
3.8203125
3.8671875
3.9140625
3.9609375
4.0078125
4.0546875
4.1015625
4.1484375
4.1953125
4.2421875
4.2890625
4.3359375
4.3828125
4.4296875
4.4765625
4.5234375
4.5703125
4.6171875
4.6640625
4.7109375
4.7578125
4.8046875
4.8515625
4.8984375
4.9453125
4.9921875
5.0390625
5.0859375
5.1328125
5.1796875
5.2265625
5.2734375
5.3203125
5.3671875
5.4140625
5.4609375
5.5078125
5.5546875
5.6015625
5.6484375
5.6953125
5.7421875
5.7890625
5.8359375
5.8828125
5.9296875
@ T_ots_true 119
5666.6160056591616
6299.6376813548832
6435.8842725904606
6527.3580984425143
6593.4673748715395
6645.5694942904338
6688.9240376480702
6723.7183381528403
6755.4626039410077
6783.8978711326909
6810.0450219521863
6846.8638261545921
6875.8354929461821
6894.7420400357369
6926.6522447460247
6948.5211283220333
6975.5755849201214
6997.9707834129267
7022.6995382897676
7055.9587920383892
7075.8360808248362
7098.6423499284929
7122.8898791525471
7155.6912216405817
7180.035170746296
7208.9608630106004
7242.342709796616
7277.8092768100023
7316.6435267999705
7344.2627147157
7383.3053118442922
7426.6468480876529
7473.8190036956121
7512.6354217170028
7558.0145499997097
7607.3217219339658
7654.5102071089659
7710.6218710205094
7767.3559166930181
7841.7141057887229
7905.3340687063883
7984.7892221158863
8061.4819112065315
8158.4837763998275
8273.3620711200056
8358.9466269125405
8490.5226059625493
8630.3641567397772
8762.5412605540623
8889.061054628588
9039.9187551495688
9164.6863859126861
8976.427538175627
8622.5696791048686
7951.6868602172526
4062.0135159771776
141.50160774617959
20.871161187182345
10.210770056997534
9.4406223523800374
9.440602984367624
9.4405870402656298
9.440566404547452
9.4405492381352794
9.440530843833665
9.4405125419948419
9.4404942536320462
9.4404733016177467
9.4404546711052877
9.440436037667542
9.4404160200048128
9.4403942773397471
9.4403746086183808
9.4403538900192228
9.440332686315692
9.4403087241634527
9.4402882041280751
9.4402695446786087
9.4402449305934137
9.440221138609509
9.4401959202509769
9.4401747445954367
9.4401535930440517
9.4401300118263531
9.4401058361025729
9.4400836069131469
9.4400600349092603
9.4400348256343598
9.4400087649807229
9.4399846891129826
9.4399598972134449
9.4399309146808257
9.4399050406388945
9.4398795936355171
9.4398533403857048
9.4398258270729638
9.4397990670369261
9.4397758606853603
9.4397465282422175
9.4397167158296718
9.4396899334481255
9.4396655011984034
9.4396350821120762
9.4396055112786037
9.4395779388186956
9.4395507707094115
9.4395204880606869
9.439488362469362
9.4394573374249475
9.4394280604037579
9.4393980616892303
9.4393676242760645
9.43933572650025
9.439304385605352
9.4392725923522978
9.4392409005573388
9.4392095625891876
9.4391802122986537
9.4391475661718065
@ xhp_ots_true 119
0.99999728053808212
0.99998687704404199
0.99997742474079132
0.99996794015169144
0.9999586443106333
0.99994913240273797
0.99993955592314399
0.9999304032988019
0.99992069353659951
0.99991105284009663
0.99990127235651016
0.99988560080528255
0.99987181358867216
0.99986150736610091
0.99984372513634823
0.99983045872714782
0.99981311316552912
0.99979832768440247
0.99978120848536489
0.99975602577129996
0.99974060493210948
0.99972161047515418
0.99970022730884101
0.99966988624895325
0.99964660074975753
0.99961806492259109
0.99958414066996837
0.9995468600820272
0.99950440917853955
0.99947332342465722
0.99942779524818715
0.99937497633389938
0.99931537491433764
0.99926415334145224
0.9992016881965754
0.99913044910257065
0.99905886790818643
0.99896939827696141
0.99887226935889983
0.99873547711306143
0.99860944219848569
0.99843659947315855
0.99825050944791116
0.99798445595601171
0.9976198849578698
0.9973147626788843
0.99674478519642562
0.99595598876476288
0.99478394499956035
0.99311995495488681
0.98868603614920925
0.95889211073517799
0.82020216222320286
0.62746031375394928
0.35665212804451585
0.085247604872403154
0.006607478209312647
0.00054243109294689054
1.8009375017939418e-05
4.5083326128622841e-07
4.5082936273812276e-07
4.5082847806108749e-07
4.5082734999368769e-07
4.5082640244810657e-07
4.5082538979643938e-07
4.5082438460131158e-07
4.5082338058834685e-07
4.5082222575886998e-07
4.5082120014188143e-07
4.5082017467260965e-07
4.5081907081196115e-07
4.5081787574802616e-07
4.5081679231503476e-07
4.5081565240277244e-07
4.5081448465549117e-07
4.5081316597595628e-07
4.5081202814128297e-07
4.5081100617665327e-07
4.5080964930933606e-07
4.508083398636933e-07
4.5080695075039872e-07
4.5080578541371567e-07
4.5080462254657387e-07
4.5080332399980569e-07
4.5080199474752756e-07
4.5080076712024132e-07
4.5079947446069469e-07
4.5079808605980453e-07
4.5079664980204905e-07
4.5079532438281291e-07
4.5079396093086993e-07
4.5079236309091509e-07
4.507909394940219e-07
4.5078953862487748e-07
4.5078809407801856e-07
4.5078658066647979e-07
4.5078510515494938e-07
4.5078382706114877e-07
4.5078221169682144e-07
4.5078057119811372e-07
4.5077909776379758e-07
4.5077775190278588e-07
4.5077607563254104e-07
4.5077444840758558e-07
4.5077292961248666e-07
4.5077143120156923e-07
4.5076976882476383e-07
4.5076799977172161e-07
4.5076629324982936e-07
4.5076468079151431e-07
4.5076303103034234e-07
4.5076135633968937e-07
4.5075959496497758e-07
4.5075786889024385e-07
4.507561171383264e-07
4.5075437258643761e-07
4.5075264782602034e-07
4.5075103183435341e-07
4.5074923255452923e-07
@ r_ots_false 119
0.1640625
0.3046875
0.3984375
0.4921875
0.5390625
0.6328125
0.6796875
0.7265625
0.7734375
0.8203125
0.8671875
0.9140625
0.9609375
1.0078125
1.0546875
1.1015625
1.1484375
1.1953125
1.2421875
1.2890625
1.3359375
1.3828125
1.4296875
1.4765625
1.5234375
1.5703125
1.6171875
1.6640625
1.7109375
1.7578125
1.8046875
1.8515625
1.8984375
1.9453125
1.9921875
2.0390625
2.0859375
2.1328125
2.1796875
2.2265625
2.2734375
2.3203125
2.3671875
2.4140625
2.4609375
2.5078125
2.5546875
2.6015625
2.6484375
2.6953125
2.7421875
2.7890625
2.8359375
2.8828125
2.9296875
2.9765625
3.0234375
3.0703125
3.1171875
3.1640625
3.2109375
3.2578125
3.3046875
3.3515625
3.3984375
3.4453125
3.4921875
3.5390625
3.5859375
3.6328125
3.6796875
3.7265625
3.7734375
3.8203125
3.8671875
3.9140625
3.9609375
4.0078125
4.0546875
4.1015625
4.1484375
4.1953125
4.2421875
4.2890625
4.3359375
4.3828125
4.4296875
4.4765625
4.5234375
4.5703125
4.6171875
4.6640625
4.7109375
4.7578125
4.8046875
4.8515625
4.8984375
4.9453125
4.9921875
5.0390625
5.0859375
5.1328125
5.1796875
5.2265625
5.2734375
5.3203125
5.3671875
5.4140625
5.4609375
5.5078125
5.5546875
5.6015625
5.6484375
5.6953125
5.7421875
5.7890625
5.8359375
5.8828125
5.9296875
@ T_ots_false 119
7456.639521535225
7637.8789243766187
7676.7601424693366
7691.3492793941441
7693.3087891872374
7688.5883111256853
7680.8765555960899
7671.0962607457022
7659.6027412973881
7646.9753713763448
7633.9513182506662
7614.4749602600859
7597.9632469244034
7585.3262783125965
7568.4474852406947
7555.9120588105952
7541.720494854012
7530.0360048177972
7520.5564541373342
7506.3647281042504
7500.1314039338076
7493.7511312464148
7487.7167684664382
7482.4855633481211
7480.0677762888727
7479.6024912956991
7481.7061482187655
7486.0972777058532
7494.3164284894865
7501.4714540691602
7514.7944080406514
7531.7357793964102
7552.7373437751667
7572.5388331932045
7596.6588972201798
7626.3621354684437
7655.6277517910903
7694.9826531035606
7734.7883782640256
7790.7839879059884
7842.6301867831589
7908.7288105852567
7976.0940289441578
8064.2156434288063
8166.7195620259445
8249.3474608814849
8382.3093226258989
8524.391542495292
8660.2615198916428
8780.2734217426168
8883.850299587164
8929.0531782655125
8777.6165633094915
8460.2462779917569
7818.4553663773295
5022.9688244693089
249.82397974311564
31.655930445177273
19.495036464980451
13.09194200614616
10.625457371133587
10.241570847428976
10.189322323730964
10.18508413017536
10.184303213644636
10.184245314728878
10.184225877973178
10.184209188292945
10.184195144036057
10.184181182487846
10.184166065625872
10.184149796755346
10.184135032144189
10.184119392362437
10.184103526140511
10.18408543728111
10.184069922336146
10.184055951537452
10.184037427730322
10.184019516274855
10.184000553318883
10.183984713010382
10.18396880492778
10.183951074673484
10.183932855265581
10.183916155035746
10.183898483394964
10.183879482404256
10.183859905784114
10.183841797741598
10.183823131459116
10.183801349500973
10.183781885890301
10.183762742050046
10.183743023416604
10.18372229807245
10.183702218751321
10.183684744486149
10.183662705711651
10.183640238312497
10.183620105153247
10.183601734146761
10.183578817670519
10.183556650951726
10.18353586329124
10.183515476619453
10.183492773197209
10.183468544176639
10.183445265915635
10.183423323077658
10.183400774635983
10.183377868951476
10.183353780373466
10.183330228482889
10.18330632219241
10.183282444523856
10.183258918936598
10.18323680159201
10.183218774756359
@ xhp_ots_false 119
0.99999599158763885
0.99998014668623603
0.99996592601140344
0.99995190277695656
0.99993831788500154
0.99992470443248749
0.99991121888160706
0.9998985156416893
0.99988521387179696
0.99987223318644936
0.99985926515526247
0.99983872671922047
0.99982097662157488
0.9998079426586628
0.99978559251342503
0.99976915866136551
0.99974802646197769
0.99973022192716599
0.99970979392528536
0.99968016851279473
0.99966214286784327
0.99964023842698047
0.99961589170353748
0.99958162382245064
0.99955563950869775
0.99952394639452302
0.99948651840289437
0.9994458802617513
0.99939981461675076
0.99936636344150265
0.9993175404227298
0.99926137446593011
0.99919832643924977
0.9991443591813246
0.99907898092479042
0.99900451426704728
0.99893025764160681
0.99883694622827612
0.99873704309501343
0.99859631006364469
0.99846564259445458
0.99828729604681332
0.9980956641774551
0.9978184676969174
0.99744368356962998
0.99712394514963743
0.99651914606230296
0.99566426500678062
0.99443088605617869
0.99267213003358978
0.98855738062411547
0.96813205440054861
0.85967923830898985
0.67638559742934179
0.41032112934626641
0.13868660550472234
0.016875532110448767
0.0035709932096150178
0.0013435688821651062
0.0003135794146444386
5.175662380053294e-05
1.5600018670346461e-05
1.02255030848634e-05
9.7293212375175414e-06
9.6380447131333388e-06
9.6331896581129204e-06
9.6324598317373424e-06
9.6323604615703114e-06
9.6323500687586527e-06
9.6323449878039155e-06
9.6323401647977226e-06
9.6323351223641617e-06
9.6323305727494349e-06
9.6323257781952396e-06
9.6323208463917795e-06
9.6323152782896055e-06
9.6323104993111552e-06
9.6323061889996328e-06
9.6323005088650983e-06
9.6322949631053816e-06
9.6322891327316137e-06
9.6322842214668527e-06
9.6322793168900385e-06
9.6322738499049247e-06
9.632268268537476e-06
9.6322630724898772e-06
9.6322576572068396e-06
9.632251799775514e-06
9.6322457517657257e-06
9.6322401680613928e-06
9.632234440249266e-06
9.6322276967441468e-06
9.6322217002993561e-06
9.6322158016065754e-06
9.6322097387877494e-06
9.6322033534109267e-06
9.632197133650304e-06
9.6321917598791382e-06
9.632184950861638e-06
9.6321780474502374e-06
9.6321718369540392e-06
9.6321661691979019e-06
9.6321591132169227e-06
9.6321522801050079e-06
9.6321458601108804e-06
9.6321395610130235e-06
9.6321325576378487e-06
9.6321251075472521e-06
9.6321179316621252e-06
9.632111124899564e-06
9.6321041868826966e-06
9.6320971322562637e-06
9.6320897073499691e-06
9.6320824431772006e-06
9.6320749042746776e-06
9.632067538777651e-06
9.6320602798475946e-06
9.6320534539424411e-06
9.6316317647757253e-06
