# F09: density-weighted radial profiles of the Tigris run T6_multi_ion/F10_bands/run64_b7
# r [pc], T [K], ne [cm^-3], ions as fractions of the element
@ r 31
0.09375
0.28125
0.46875
0.65625
0.84375
1.03125
1.21875
1.40625
1.59375
1.78125
1.96875
2.15625
2.34375
2.53125
2.71875
2.90625
3.09375
3.28125
3.46875
3.65625
3.84375
4.03125
4.21875
4.40625
4.59375
4.78125
4.96875
5.15625
5.34375
5.53125
5.71875
@ T 31
5661.610870007582
6299.9418619075568
6536.8780435249755
6698.7612187836794
6816.2683584490514
6916.4721487937604
7018.3755196033326
7123.8736126249023
7238.1886217846832
7375.473410325847
7542.9938863213283
7755.6463500423197
8048.2566733237018
8456.1318338386154
8972.7146568996177
6759.4313775122337
128.04440779209
9.4405752583207914
9.4405013398681401
9.4404222111743028
9.4403380792764793
9.4402498433027429
9.4401595899476742
9.4400659879551583
9.4399649222013053
9.4398598285395252
9.4397495467028278
9.4396375873331078
9.4395182356759992
9.4394015078258366
9.4392725364297316
@ ne 31
110.1176541205445
110.11380378395685
110.10942063422739
110.10415325794422
110.09749707548968
110.08927118385783
110.07828197792885
110.0643130654356
110.04625185172176
110.0215286184264
109.98667743025571
109.93284074613958
109.83097829801672
109.58478734087744
105.89688684808668
42.00915492059228
0.27769271337496704
0.017664859996114893
0.017664833623951753
0.017664805416595594
0.017664775395095804
0.017664743910991727
0.017664711713338752
0.017664678326811702
0.017664642278794673
0.017664604775176434
0.017664565453368045
0.017664525510117508
0.017664482939061341
0.017664441296719485
0.0176643952914739
@ He+ 31
0.99998624995350838
0.99993352467815078
0.99982640347801721
0.99967776487270987
0.99948021090205974
0.99923117065595257
0.9988944676837751
0.99846259034662088
0.99789929464777816
0.99712014030799168
0.99600605725514135
0.99424988901869737
0.99079056063069493
0.9816182528595454
0.8378593037425297
0.11818664585990626
0.0002426101692544476
3.4694469519536142e-17
3.4694469519536142e-17
3.4694469519536142e-17
3.4694469519536142e-17
3.4694469519536142e-17
3.4694469519536142e-17
3.4694469519536142e-17
3.4694469519536142e-17
3.4694469519536142e-17
3.4694469519536142e-17
3.4694469519536142e-17
3.4694469519536142e-17
3.4694469519536142e-17
3.4694469519536142e-17
@ H+ 31
0.99999726563692093
0.99998687704404199
0.99996582074807239
0.99993663529554999
0.99989786568809957
0.99984899014234541
0.99978285442505566
0.99969805336811324
0.9995876477442236
0.99943552503911715
0.9992200630749094
0.99888668228034394
0.9982606823151966
0.99680090404075128
0.97449562196916018
0.40793937010351161
0.0025757064670669369
4.5082783505782842e-07
4.5082376754471986e-07
4.508194125640369e-07
4.5081478011061956e-07
4.5080992098873179e-07
4.5080495223832469e-07
4.5079980003785867e-07
4.5079423620025573e-07
4.5078845049516394e-07
4.5078237863035277e-07
4.5077621406138564e-07
4.5076964479509351e-07
4.5076321749126594e-07
4.5075611583887939e-07
@ O+ 31
0.0010396774774434903
0.0052530381082031381
0.013724358552189222
0.025271866189847794
0.040174829329941986
0.058222386935350791
0.081282351394358035
0.1087111191935073
0.14123760110625228
0.18125150092941203
0.2305478875721344
0.2955524519080226
0.39328525050858038
0.55511603899498885
0.82917575350607575
0.37271245203034714
0.0018785298990951957
8.6567203573339205e-14
8.6567074812375057e-14
8.6566936973556455e-14
8.6566790315117356e-14
8.6566636508387031e-14
8.6566479220247516e-14
8.656631612520424e-14
8.6566140015866219e-14
8.6565956852650015e-14
8.6565764716476906e-14
8.656556952298647e-14
8.6565361575460487e-14
8.6565158115906391e-14
8.656493334824237e-14
@ O++ 31
0.94464710400643503
0.98456252241400444
0.98222215701053528
0.97265836542545792
0.95850696465383978
0.94087171772924982
0.91812279557806098
0.89091401478795373
0.85845215623607152
0.81849169580943948
0.76920450610408608
0.70423466480696417
0.60604271084230277
0.44184626131398191
0.14069804988186921
0.00048916655214584475
5.4129675005083858e-09
3.8957319473921904e-14
3.8957319473921904e-14
3.8957319473921904e-14
3.8957319473921879e-14
3.8957319473920945e-14
3.8957319473918503e-14
3.8957319473917405e-14
3.8957319473914634e-14
3.8957319473914274e-14
3.8957319473912804e-14
3.895731947391204e-14
3.895731947391105e-14
3.8957319473910128e-14
3.895731947390932e-14
@ O_high 31
0.049517137057364373
0.010101689026006019
0.003987024399521033
0.0019962881483673004
0.0012097786909503374
0.00079251213850698799
0.00053728192692511654
0.00037374461902853451
0.0002632765649839863
0.00018439372801441585
0.00012694129160584084
8.2114754488651033e-05
4.5948706489295845e-05
1.7883009603721262e-05
2.1506138735741952e-06
8.2247263764166271e-10
1.0842021724855043e-14
1.0842021724855043e-14
1.0842021724855043e-14
1.0842021724855043e-14
1.0842021724855043e-14
1.0842021724855043e-14
1.0842021724855043e-14
1.0842021724855043e-14
1.0842021724855043e-14
1.0842021724855043e-14
1.0842021724855043e-14
1.0842021724855043e-14
1.0842021724855043e-14
1.0842021724855043e-14
1.0842021724855043e-14
@ S+ 31
2.5151062028069533e-05
0.00030066712210629281
0.0014113356489970409
0.0032994708863767503
0.0060197463889900592
0.0094991234971576605
0.014124824761160174
0.019841640002210784
0.026887561244896857
0.035898553377266995
0.047427664614144403
0.063104778515828616
0.087404480313457988
0.1300738452439972
0.30119954054832809
0.90012788323314963
0.99948381223504179
0.99999851332690803
0.99999834280060296
0.99999815967140704
0.99999796631173932
0.99999776197186951
0.99999755377313759
0.99999733762303478
0.99999710401943365
0.99999686125161547
0.99999660601963547
0.99999634784936642
0.99999607248803679
0.9999958029323226
0.9999955049333038
@ S++ 31
0.078032956770553497
0.29732008646658797
0.52173647294144021
0.67436879970575658
0.76692434277453747
0.82580663032528245
0.86498114510258384
0.88998888927306274
0.90512898949357223
0.91288377008808919
0.91420735775098472
0.90912857523276436
0.8940781026526633
0.85972131698909959
0.69618863056619829
0.099758845060165413
0.00051295465887751519
2.1714576792542739e-08
2.1714687668485157e-08
2.1714806317972695e-08
2.1714932555989129e-08
2.17150649612079e-08
2.1715200350068239e-08
2.1715340770325699e-08
2.1715492393425847e-08
2.1715650049490059e-08
2.1715815525742257e-08
2.1715983484120482e-08
2.1716162494294427e-08
2.1716337637245785e-08
2.1716531163259461e-08
@ S_high 31
0.9219418816114896
0.70237924199151247
0.47684770906540147
0.32233098669529181
0.22705591087356022
0.1646942457830694
0.12089055695500503
0.090169303942647397
0.067978730108860894
0.051211318875821463
0.038354620340973471
0.027755384839028983
0.018478270800418715
0.010061293148058979
0.0024369806176209783
5.8774709985915145e-06
2.6332819744261078e-11
2.3927220358299867e-13
2.3927220358300674e-13
2.392722035830127e-13
2.3927220358301952e-13
2.3927220358302133e-13
2.3927220358302623e-13
2.392722035830284e-13
2.3927220358301533e-13
2.392722035830123e-13
2.3927220358299993e-13
2.3927220358299347e-13
2.3927220358298508e-13
2.3927220358297736e-13
2.3927220358297054e-13
@ N+ 31
0.00017658869861876203
0.0010877773836836682
0.0030185066846136932
0.0057195931621198178
0.0093347929181564551
0.013910520691551962
0.020125075318459938
0.028129395989683871
0.03862286693665809
0.053214672047199554
0.074162033456382989
0.10718433837518281
0.170864524907065
0.31912656979577897
0.7400936024517909
0.46149139301508962
0.0020318378622667045
1.9672700796016476e-11
1.9672700761302646e-11
1.967270072541274e-11
1.9672699971120675e-11
1.9672699364163705e-11
1.9672699254750308e-11
1.9672698644347588e-11
1.9672697950803722e-11
1.9672697718549853e-11
1.9672696976963496e-11
1.9672696435669835e-11
1.9672695873496209e-11
1.9672695214593708e-11
1.9672694631964217e-11
@ N++ 31
0.69202903088463819
0.91669714189871854
0.9623718473290287
0.97623857952355086
0.97939536012333472
0.97847239328427715
0.97451042214792438
0.96794083228099903
0.95846491135790868
0.94463632872684034
0.92424326104327192
0.89167198926456903
0.82811794406465633
0.6786447852511801
0.24355036824725215
0.00088384439300211322
8.5534547005468755e-09
4.6884418269639957e-14
4.6884418269639156e-14
4.6884418269638562e-14
4.6884418269637887e-14
4.6884418269637704e-14
4.6884418269637218e-14
4.6884418269637004e-14
4.6884418269636454e-14
4.6884418269636385e-14
4.6884418269636095e-14
4.6884418269635943e-14
4.6884418269635748e-14
4.6884418269635565e-14
4.6884418269635407e-14
@ N_high 31
0.30779437098759888
0.082208161175331376
0.034590165590678817
0.01804118121762267
0.011269846128210016
0.0076170857782715106
0.0053529970962940786
0.003884282693469097
0.0028779094312083239
0.0021449449417778816
0.001594705108912753
0.0011436729239410837
0.000742929136398283
0.00036577262950534845
5.8700709316532848e-05
3.0158787153035177e-08
4.697680718169132e-14
4.6884418269639957e-14
4.6884418269639156e-14
4.6884418269638562e-14
4.6884418269637887e-14
4.6884418269637704e-14
4.6884418269637218e-14
4.6884418269637004e-14
4.6884418269636454e-14
4.6884418269636385e-14
4.6884418269636095e-14
4.6884418269635943e-14
4.6884418269635748e-14
4.6884418269635565e-14
4.6884418269635407e-14
