# post-processing: at most 200 iterations, dt = 0.002, abund_floor = 0.001
# thresholds (negative is off): threshold_abund_max = -1 threshold_abund_mean = 0.001 threshold_temp = 0.01 threshold_rad = 0.01
# change since the previous iteration
# abund: abs(dx)/max(x, x_prev, 0.001), largest over cells and species, and its volume-weighted mean
# temp: abs(dP)/P, largest over cells
# rad[band]: sum abs(dE) dV / sum E dV
# iter abund_max abund_mean temp_max rad[0] rad[1] rad[2] rad[3] rad[4] rad[5] rad[6]
2 1 0.392323 660.33 0.978173 0.990208 0.989163 0.994906 0.99713 2.93095e-17 3.02131e-17
3 1 0.311947 987.185 0.379914 0.377663 0.376157 0.37753 0.38406 2.93822e-17 3.14491e-17
4 1 0.251424 1082.79 0.266546 0.265583 0.265324 0.264177 0.267132 3.69568e-17 3.89968e-17
5 1 0.211686 1202.72 0.197607 0.201001 0.199614 0.202407 0.208058 3.37193e-17 3.80217e-17
6 1 0.182798 1413.24 0.151923 0.154985 0.155041 0.157623 0.158913 3.36787e-17 3.26156e-17
7 1 0.160924 1115.15 0.127098 0.126747 0.128243 0.128077 0.128771 2.02006e-17 2.36386e-17
8 1 0.143865 1283.03 0.10576 0.107491 0.108891 0.110937 0.11262 2.58078e-17 3.38001e-17
9 1 0.112085 1255.63 0.0911999 0.0928756 0.0941863 0.0954212 0.0940195 2.95599e-17 3.19621e-17
10 1 0.0899204 1272.62 0.0805276 0.0792495 0.0822133 0.081062 0.0790629 2.43872e-17 2.41524e-17
11 1 0.0737019 1041.75 0.0706778 0.0698346 0.0726934 0.0722892 0.0709201 2.47117e-17 3.16936e-17
12 1 0.0617331 1141.83 0.0631658 0.061507 0.0649493 0.0638035 0.0616748 3.1619e-17 3.64574e-17
13 1 0.0526762 934.236 0.0566519 0.0557346 0.0590115 0.0583907 0.0556718 3.37047e-17 3.51819e-17
14 1 0.0456677 1019.35 0.0505444 0.0477218 0.0519701 0.0495897 0.0464615 3.81103e-17 3.64e-17
15 1 0.0401023 907.636 0.0468047 0.0441683 0.0487394 0.0464568 0.0426189 4.29922e-17 4.60921e-17
16 1 0.0355224 933.741 0.041999 0.0389515 0.0437902 0.0413434 0.03782 3.57795e-17 4.19845e-17
17 1 0.0319182 849.654 0.038843 0.0356481 0.0409277 0.0382026 0.0339256 4.27876e-17 4.13368e-17
18 1 0.0288412 860.256 0.035219 0.0316914 0.0371418 0.0341256 0.0298262 4.31958e-17 3.99651e-17
19 1 0.0264679 853.293 0.0315002 0.0279013 0.0333502 0.0304387 0.0263021 4.13236e-17 3.66124e-17
20 0.999999 0.0245124 811.505 0.0296289 0.0256693 0.031958 0.0283641 0.0232704 4.24026e-17 3.61149e-17
21 0.999999 0.0226223 791.095 0.0258776 0.0220821 0.0276466 0.0245822 0.0203828 4.14464e-17 4.20443e-17
22 1 0.0211764 688.404 0.0240909 0.019886 0.0263394 0.0225086 0.0175615 3.73997e-17 3.84472e-17
23 0.999946 0.0198974 632.27 0.02165 0.0175068 0.0237093 0.0200933 0.0154873 2.51876e-17 2.73439e-17
24 0.999982 0.018726 651.563 0.0196725 0.0155174 0.0218852 0.0181607 0.0133743 1.54603e-17 2.09823e-17
25 0.999868 0.0178184 447.202 0.0177281 0.0135059 0.0198867 0.0160262 0.0114322 2.53398e-17 2.66508e-17
26 0.999688 0.0169772 302.047 0.0159031 0.0118542 0.0180828 0.0143564 0.00993543 2.21912e-17 2.35394e-17
27 0.999643 0.0162275 384.537 0.0143621 0.0101716 0.0165898 0.0125787 0.00826044 1.82937e-17 1.88878e-17
28 0.999757 0.0156625 219.8 0.0129677 0.00901389 0.015233 0.0114549 0.00718998 3.66744e-17 3.65984e-17
29 0.998804 0.0149101 184.391 0.0111321 0.00746789 0.0131283 0.00961659 0.00592675 3.44311e-17 3.55169e-17
30 0.996551 0.0142739 159.105 0.0100871 0.00636115 0.0123228 0.00849645 0.00478942 3.52143e-17 3.22831e-17
31 0.996307 0.0138938 111.364 0.00873228 0.00544495 0.0107562 0.00744815 0.00414204 3.18362e-17 3.23737e-17
32 0.994152 0.0134413 90.4399 0.00753485 0.00436666 0.00954869 0.00614913 0.00319226 3.31229e-17 3.56069e-17
33 0.99237 0.0128504 74.045 0.00675101 0.00372785 0.00884673 0.005502 0.00264937 3.29761e-17 2.9604e-17
34 0.987049 0.0123433 55.4739 0.00572632 0.00308243 0.00756124 0.00467775 0.00218145 3.19491e-17 2.68836e-17
35 0.982585 0.0117669 38.6563 0.00475533 0.00242351 0.00643148 0.00378994 0.00166926 2.6341e-17 2.58747e-17
36 0.977156 0.0112961 30.253 0.00400956 0.00192429 0.00566247 0.00313697 0.00129118 2.54176e-17 2.95892e-17
37 0.973466 0.0107127 22.214 0.00333865 0.00152741 0.0048772 0.00262423 0.00101848 3.31469e-17 3.2329e-17
38 0.964649 0.0100292 18.3714 0.00271132 0.00118251 0.00408271 0.00210852 0.00077885 3.85744e-17 3.59002e-17
39 0.958594 0.0093798 14.0765 0.00217814 0.000891442 0.00349005 0.00167441 0.000586279 3.75706e-17 3.81861e-17
40 0.943399 0.0088033 10.4561 0.00178603 0.000684881 0.00299848 0.00139045 0.000452925 3.21113e-17 4.41883e-17
41 0.920251 0.0082522 8.82441 0.00142004 0.000516077 0.00244212 0.00111275 0.000340916 2.96233e-17 3.02513e-17
42 0.886741 0.0077129 4.94592 0.0010992 0.000387101 0.00194131 0.000859361 0.000257662 3.60515e-17 3.78003e-17
43 0.91375 0.00715005 7.01666 0.000848916 0.000299461 0.00155056 0.000665045 0.000210961 3.89746e-17 4.69754e-17
44 0.868741 0.00654302 5.6338 0.000628429 0.000213728 0.0012239 0.000494781 0.000155717 3.63145e-17 3.86363e-17
45 0.771547 0.00595551 2.97412 0.000466419 0.000149998 0.000985888 0.000373583 0.000113332 3.14033e-17 3.09887e-17
46 0.722739 0.00540724 1.79591 0.000347075 0.000109622 0.000794538 0.000287543 8.87492e-05 3.45773e-17 3.40652e-17
47 0.743481 0.00492138 1.60189 0.000258263 8.34642e-05 0.000637485 0.000225779 7.59489e-05 2.79163e-17 2.87019e-17
48 0.634559 0.00447443 1.33566 0.000189577 6.08089e-05 0.000502341 0.0001744 6.11712e-05 4.1862e-17 3.76337e-17
49 0.572089 0.00406336 1.07793 0.000140497 4.74535e-05 0.000393961 0.00013743 5.39883e-05 3.21903e-17 3.14092e-17
50 0.504078 0.00369724 0.88787 0.000103256 3.64355e-05 0.000304144 0.000106402 4.59559e-05 2.05501e-17 2.13728e-17
51 0.413747 0.00337113 0.699045 7.87987e-05 3.47722e-05 0.000235767 8.7282e-05 4.89292e-05 3.19967e-17 3.44892e-17
52 0.349749 0.00308548 0.575019 5.80725e-05 2.87723e-05 0.000180587 6.82545e-05 4.3071e-05 3.44739e-17 4.41068e-17
53 0.300491 0.00283747 0.529414 4.30687e-05 2.42585e-05 0.000138404 5.4941e-05 3.95997e-05 3.22899e-17 3.52412e-17
54 0.277247 0.00261886 0.472931 3.22047e-05 2.07483e-05 0.000105729 4.35542e-05 3.52969e-05 3.7798e-17 4.16604e-17
55 0.228373 0.00242322 0.415951 2.54862e-05 2.02511e-05 8.24562e-05 3.77215e-05 3.60921e-05 3.79233e-17 3.3261e-17
56 0.198959 0.0022498 0.361307 2.05708e-05 1.94308e-05 6.4261e-05 3.17901e-05 3.39597e-05 2.75096e-17 2.95776e-17
57 0.199102 0.00209587 0.308609 1.74226e-05 1.93869e-05 5.12714e-05 2.87429e-05 3.41389e-05 2.63471e-17 2.89138e-17
58 0.173027 0.00195841 0.255681 1.33581e-05 1.55222e-05 4.06324e-05 2.43267e-05 3.00789e-05 3.04661e-17 2.88063e-17
59 0.148898 0.00183657 0.217249 1.4051e-05 2.02508e-05 3.46657e-05 2.61184e-05 3.72931e-05 3.17984e-17 4.27471e-17
60 0.127502 0.00172685 0.201855 1.24716e-05 1.95205e-05 2.84243e-05 2.36091e-05 3.54184e-05 3.66386e-17 3.86588e-17
61 0.119491 0.00162735 0.186542 1.38075e-05 2.3823e-05 2.56096e-05 2.6005e-05 4.15732e-05 2.81279e-17 2.94404e-17
62 0.104471 0.00153783 0.171426 1.14626e-05 2.0262e-05 2.1322e-05 2.29654e-05 3.73883e-05 2.64825e-17 2.61357e-17
63 0.0875766 0.00145642 0.156985 8.3882e-06 1.44912e-05 1.7327e-05 1.8841e-05 2.97505e-05 1.65076e-17 1.79509e-17
64 0.0775668 0.00138233 0.143506 7.59403e-06 1.34381e-05 1.45227e-05 1.66265e-05 2.6859e-05 1.99138e-17 1.92025e-17
65 0.0689026 0.00131427 0.131187 8.87891e-06 1.67551e-05 1.38999e-05 1.85312e-05 3.15378e-05 3.80934e-17 4.12714e-17
66 0.0618771 0.00125145 0.120048 7.94667e-06 1.53331e-05 1.23614e-05 1.74358e-05 2.98857e-05 3.78752e-17 3.85015e-17
67 0.0544715 0.0011933 0.110023 1.05461e-05 2.06656e-05 1.35152e-05 2.1864e-05 3.81517e-05 3.51778e-17 3.61654e-17
68 0.0462424 0.00113914 0.100957 9.10947e-06 1.80011e-05 1.16947e-05 1.92625e-05 3.39706e-05 3.46155e-17 3.28815e-17
69 0.0407838 0.00108859 0.0981613 9.99071e-06 1.98745e-05 1.18354e-05 2.07706e-05 3.67248e-05 2.95672e-17 3.34867e-17
70 0.0377616 0.00104115 0.0863529 9.01432e-06 1.81999e-05 1.06953e-05 1.92175e-05 3.44181e-05 2.70284e-17 2.95174e-17
71 0.0364952 0.000996683 0.102237 8.33856e-06 1.65862e-05 1.00491e-05 1.83116e-05 3.21013e-05 2.74982e-17 3.32334e-17
72 0.0349676 0.000954794 0.0874819 8.29635e-06 1.6529e-05 9.22908e-06 1.71305e-05 3.05329e-05 3.51747e-17 3.54849e-17
73 0.0333463 0.0009154 0.100238 8.67602e-06 1.74964e-05 9.24383e-06 1.77266e-05 3.18163e-05 3.56247e-17 3.49931e-17
74 0.0316811 0.000878128 0.0852935 7.06182e-06 1.43152e-05 8.35908e-06 1.59973e-05 2.83915e-05 2.80724e-17 3.3538e-17
75 0.0299953 0.000842932 0.10127 8.33523e-06 1.70132e-05 8.99838e-06 1.79597e-05 3.2509e-05 3.42639e-17 3.19211e-17
76 0.0283049 0.000809621 0.0832442 7.65967e-06 1.58039e-05 8.37965e-06 1.68263e-05 3.05087e-05 3.97492e-17 3.37241e-17
77 0.0266398 0.000777978 0.0973833 9.99079e-06 2.02816e-05 1.01096e-05 2.0717e-05 3.72827e-05 3.47518e-17 3.12216e-17
78 0.0250222 0.000747984 0.0834159 8.84212e-06 1.80486e-05 9.21508e-06 1.88406e-05 3.42081e-05 3.82237e-17 3.62373e-17
79 0.0234554 0.00071951 0.0988667 7.28668e-06 1.45867e-05 8.34723e-06 1.67745e-05 2.94879e-05 2.87956e-17 3.47822e-17
80 0.0219464 0.00069217 0.0821279 6.62459e-06 1.33664e-05 7.48975e-06 1.51427e-05 2.69079e-05 4.03662e-17 4.37796e-17
81 0.0204952 0.000666193 0.0921608 9.68695e-06 1.96957e-05 9.11623e-06 1.91324e-05 3.4894e-05 3.74586e-17 4.03625e-17
82 0.0190978 0.000641484 0.0868826 8.44195e-06 1.74442e-05 8.53348e-06 1.78331e-05 3.25702e-05 3.29155e-17 3.4393e-17
83 0.0177433 0.000617934 0.0988986 8.08454e-06 1.64112e-05 8.67296e-06 1.80121e-05 3.21208e-05 2.79183e-17 3.03229e-17
84 0.0164399 0.000595304 0.0844444 7.10017e-06 1.4411e-05 7.77737e-06 1.6055e-05 2.87343e-05 3.03884e-17 3.48285e-17
85 0.0152083 0.000573826 0.100132 9.31049e-06 1.9059e-05 9.1146e-06 1.9309e-05 3.53064e-05 3.25098e-17 3.54017e-17
86 0.0140492 0.000553231 0.0860658 8.34942e-06 1.73032e-05 8.59093e-06 1.81201e-05 3.31692e-05 3.91142e-17 4.65788e-17
87 0.0129457 0.000533494 0.100739 9.99794e-06 2.02926e-05 9.75592e-06 2.06239e-05 3.72396e-05 3.60108e-17 4.14128e-17
88 0.0118927 0.000514547 0.0847461 8.72696e-06 1.78312e-05 8.73911e-06 1.83424e-05 3.33272e-05 3.93787e-17 3.66839e-17
89 0.010896 0.000496549 0.100546 7.55904e-06 1.53167e-05 8.13738e-06 1.69198e-05 3.0235e-05 3.70229e-17 4.04501e-17
90 0.00996431 0.000479107 0.0854527 6.96462e-06 1.42402e-05 7.61603e-06 1.58939e-05 2.86105e-05 2.82825e-17 3.3694e-17
91 0.00909416 0.000462413 0.100728 8.89277e-06 1.81599e-05 9.03322e-06 1.9099e-05 3.45635e-05 3.78599e-17 4.05102e-17
92 0.00827905 0.000446396 0.0855515 7.97449e-06 1.63803e-05 8.30311e-06 1.74703e-05 3.1748e-05 4.12958e-17 4.03298e-17
93 0.00751925 0.000431071 0.10163 9.42979e-06 1.92781e-05 9.16035e-06 1.94565e-05 3.54141e-05 3.95711e-17 4.06593e-17
94 0.00681338 0.000416273 0.0871297 8.50025e-06 1.75796e-05 8.60567e-06 1.82696e-05 3.34904e-05 3.41776e-17 3.09347e-17
95 0.0061513 0.000402119 0.100251 7.27203e-06 1.46772e-05 8.22355e-06 1.70724e-05 3.00968e-05 2.84966e-17 2.65794e-17
96 0.00553617 0.000388391 0.086864 7.28113e-06 1.4607e-05 7.56131e-06 1.56773e-05 2.79223e-05 3.07504e-17 3.36165e-17
97 0.00498026 0.000375312 0.101155 1.02637e-05 2.10245e-05 9.28638e-06 1.99325e-05 3.66567e-05 3.56667e-17 3.90878e-17
98 0.00447928 0.000362641 0.0845963 9.07431e-06 1.87246e-05 8.73747e-06 1.8602e-05 3.40769e-05 3.60426e-17 3.39477e-17
99 0.00401087 0.000350507 0.100371 9.14932e-06 1.87718e-05 8.84922e-06 1.88846e-05 3.44535e-05 2.81085e-17 3.64431e-17
100 0.00378527 0.000338767 0.0830241 7.75855e-06 1.5981e-05 8.006e-06 1.69319e-05 3.07428e-05 3.5065e-17 3.69719e-17
101 0.00381843 0.000327502 0.0982797 7.93026e-06 1.6111e-05 8.34793e-06 1.75505e-05 3.13771e-05 3.35044e-17 3.35727e-17
102 0.00375544 0.00031666 0.0873665 7.13593e-06 1.459e-05 7.8463e-06 1.64579e-05 2.96189e-05 3.66294e-17 4.10467e-17
103 0.00357506 0.000306228 0.101504 7.71366e-06 1.57162e-05 8.15402e-06 1.7202e-05 3.09058e-05 3.97014e-17 3.90406e-17
104 0.00329522 0.000296067 0.0865097 8.51612e-06 1.74017e-05 8.10215e-06 1.7193e-05 3.13089e-05 3.856e-17 3.91903e-17
105 0.00297981 0.000286362 0.102003 1.10917e-05 2.28342e-05 9.70061e-06 2.09652e-05 3.86409e-05 3.52489e-17 2.99093e-17
106 0.00266845 0.000276966 0.0851159 9.12006e-06 1.86691e-05 8.78478e-06 1.85755e-05 3.36767e-05 2.91561e-17 2.81055e-17
107 0.00247425 0.000268046 0.101044 8.18899e-06 1.67294e-05 8.27126e-06 1.74932e-05 3.1664e-05 2.58535e-17 2.70734e-17
108 0.00237933 0.000259242 0.0834537 6.73375e-06 1.38212e-05 7.37857e-06 1.54685e-05 2.77309e-05 3.08894e-17 3.35005e-17
109 0.00237934 0.000250727 0.0947091 1.06824e-05 2.18322e-05 9.80637e-06 2.11426e-05 3.87329e-05 2.52989e-17 2.54792e-17
110 0.00245311 0.000242705 0.0841886 9.35304e-06 1.93238e-05 9.08988e-06 1.93894e-05 3.56744e-05 2.73708e-17 2.9823e-17
111 0.00245303 0.000234973 0.0999104 7.2542e-06 1.46458e-05 8.18536e-06 1.70294e-05 3.00524e-05 3.30898e-17 3.65977e-17
112 0.0023493 0.000227205 0.0775896 6.59152e-06 1.33425e-05 7.23703e-06 1.50889e-05 2.6842e-05 2.85826e-17 3.18839e-17
113 0.00234874 0.000219884 0.0913276 8.72279e-06 1.78187e-05 8.59393e-06 1.8323e-05 3.326e-05 2.23717e-17 2.70492e-17
114 0.0024764 0.000212886 0.0847834 7.85645e-06 1.61813e-05 8.03123e-06 1.69948e-05 3.09186e-05 8.40818e-18 1.08984e-17
115 0.00247565 0.000206137 0.100569 6.82509e-06 1.38655e-05 7.57554e-06 1.58405e-05 2.82086e-05 4.08811e-17 3.717e-17
116 0.00244582 0.000199439 0.0831118 6.2303e-06 1.27123e-05 7.06316e-06 1.47542e-05 2.62973e-05 3.64864e-17 3.85043e-17
117 0.00244576 0.000193047 0.0984412 9.65574e-06 1.96677e-05 9.14099e-06 1.95617e-05 3.56708e-05 3.52517e-17 4.38018e-17
118 0.00248475 0.000186966 0.0860872 8.58887e-06 1.77093e-05 8.57307e-06 1.81934e-05 3.33113e-05 3.27536e-17 4.0686e-17
119 0.00248397 0.000181075 0.102246 8.9613e-06 1.82346e-05 8.97089e-06 1.89874e-05 3.42147e-05 3.61536e-17 3.91105e-17
120 0.0022875 0.000175206 0.085623 7.97e-06 1.63409e-05 8.181e-06 1.73142e-05 3.14339e-05 3.30861e-17 3.46998e-17
121 0.00228691 0.000169724 0.0947744 7.9631e-06 1.63688e-05 8.09169e-06 1.71975e-05 3.13561e-05 3.44962e-17 3.71907e-17
122 0.00246403 0.0001644 0.0863096 7.43916e-06 1.54399e-05 7.7347e-06 1.64482e-05 3.00797e-05 3.19143e-17 3.39303e-17
123 0.00246327 0.000159181 0.101124 7.2451e-06 1.49524e-05 7.92214e-06 1.68135e-05 3.0354e-05 2.98209e-17 3.29522e-17
124 0.00241905 0.000154057 0.0843251 6.65437e-06 1.36932e-05 7.39677e-06 1.55739e-05 2.8003e-05 3.81387e-17 4.11559e-17
125 0.00241901 0.000149211 0.0977082 1.13744e-05 2.33224e-05 1.02898e-05 2.22973e-05 4.1133e-05 2.92503e-17 2.95926e-17
126 0.00250429 0.000144622 0.0866036 1.00874e-05 2.09172e-05 9.62654e-06 2.06348e-05 3.81989e-05 3.51871e-17 3.24588e-17
127 0.00251125 0.000140166 0.101601 7.51031e-06 1.50375e-05 8.45341e-06 1.74689e-05 3.0574e-05 3.01784e-17 3.21076e-17
128 0.00243619 0.000135583 0.084975 7.42291e-06 1.48499e-05 7.74937e-06 1.61362e-05 2.8715e-05 2.83915e-17 3.08249e-17
129 0.00243547 0.000131368 0.0992301 9.3543e-06 1.90768e-05 8.76343e-06 1.86775e-05 3.40541e-05 3.26816e-17 3.56093e-17
130 0.00250333 0.000127267 0.0865832 7.55996e-06 1.55249e-05 7.87137e-06 1.65684e-05 2.99402e-05 3.0022e-17 3.17314e-17
131 0.00250947 0.000123298 0.102071 7.35468e-06 1.51192e-05 7.92847e-06 1.68202e-05 3.03784e-05 2.88378e-17 2.98485e-17
132 0.0024829 0.00011938 0.0851257 7.40969e-06 1.52475e-05 7.68311e-06 1.63161e-05 2.9576e-05 2.81556e-17 2.92699e-17
133 0.00248214 0.000115646 0.100951 1.0933e-05 2.25432e-05 9.60398e-06 2.09261e-05 3.88641e-05 3.44902e-17 3.56674e-17
134 0.00248607 0.000112066 0.0867644 9.11005e-06 1.8921e-05 8.85412e-06 1.89423e-05 3.4801e-05 3.8819e-17 3.99905e-17
135 0.00249318 0.000108627 0.100817 8.27439e-06 1.66623e-05 8.74767e-06 1.83127e-05 3.24858e-05 3.1551e-17 3.21596e-17
136 0.00244818 0.000105212 0.0863806 8.06961e-06 1.62604e-05 8.1251e-06 1.70111e-05 3.05941e-05 3.55437e-17 3.8368e-17
137 0.00244747 0.00010198 0.0982207 9.40388e-06 1.92181e-05 8.9515e-06 1.90601e-05 3.47021e-05 3.15445e-17 3.16142e-17
138 0.00248476 9.87442e-05 0.0865028 7.77974e-06 1.60067e-05 8.04483e-06 1.69885e-05 3.07474e-05 2.90075e-17 3.01121e-17
139 0.00249089 9.56771e-05 0.10196 7.39383e-06 1.51231e-05 7.86845e-06 1.66346e-05 2.99901e-05 4.18556e-17 3.43739e-17
140 0.00250308 9.27329e-05 0.0873257 7.62506e-06 1.56768e-05 7.80107e-06 1.65576e-05 3.01004e-05 4.01772e-17 3.68459e-17
141 0.00250988 8.98819e-05 0.0993536 9.485e-06 1.94523e-05 8.9923e-06 1.92801e-05 3.51473e-05 3.40397e-17 3.46509e-17
142 0.00248522 8.7086e-05 0.0870777 8.62678e-06 1.7632e-05 8.29543e-06 1.75525e-05 3.18396e-05 3.48902e-17 3.61356e-17
143 0.00249183 8.44949e-05 0.100695 9.07502e-06 1.85619e-05 8.76839e-06 1.8647e-05 3.39119e-05 2.99339e-17 2.90729e-17
144 0.00246737 8.18625e-05 0.0850341 8.20487e-06 1.67926e-05 8.41031e-06 1.77232e-05 3.20164e-05 4.00847e-17 4.9525e-17
145 0.00246689 7.93146e-05 0.100935 1.01091e-05 2.07886e-05 9.55986e-06 2.05612e-05 3.77094e-05 2.65561e-17 2.95163e-17
146 0.00246395 7.68269e-05 0.0840141 8.49352e-06 1.75331e-05 8.59174e-06 1.82462e-05 3.32242e-05 2.68945e-17 2.89722e-17
147 0.00246387 7.44472e-05 0.0996359 9.4623e-06 1.91202e-05 9.40586e-06 1.9918e-05 3.56898e-05 3.11472e-17 3.90928e-17
148 0.00252051 7.21362e-05 0.0875969 8.1849e-06 1.66287e-05 8.42663e-06 1.76814e-05 3.1852e-05 2.83326e-17 3.26912e-17
149 0.00252746 6.99752e-05 0.0987458 9.10068e-06 1.84638e-05 9.25556e-06 1.95783e-05 3.51921e-05 2.75043e-17 3.28275e-17
150 0.00245903 6.77464e-05 0.086267 9.1258e-06 1.86534e-05 8.80251e-06 1.87204e-05 3.41177e-05 3.63284e-17 4.17296e-17
151 0.00245827 6.57116e-05 0.101362 8.85728e-06 1.80163e-05 8.71501e-06 1.84294e-05 3.31223e-05 3.55524e-17 3.33251e-17
152 0.00245317 6.36051e-05 0.0860258 7.24232e-06 1.47246e-05 7.9015e-06 1.65132e-05 2.93991e-05 2.72502e-17 2.86648e-17
153 0.00245244 6.1704e-05 0.0998888 8.66671e-06 1.76253e-05 8.85771e-06 1.87644e-05 3.39569e-05 3.54627e-17 3.70814e-17
154 0.00249985 5.98474e-05 0.0863025 7.86558e-06 1.61114e-05 8.25898e-06 1.73702e-05 3.14819e-05 3.30998e-17 3.69954e-17
155 0.00249972 5.8047e-05 0.102571 1.09721e-05 2.23409e-05 1.02127e-05 2.18525e-05 3.98433e-05 3.24592e-17 3.78776e-17
156 0.0023461 5.62144e-05 0.0799198 9.57608e-06 1.97272e-05 9.39565e-06 1.99787e-05 3.65388e-05 2.84784e-17 2.68154e-17
157 0.00234618 5.45373e-05 0.0941179 8.8798e-06 1.78773e-05 9.58428e-06 2.00674e-05 3.5504e-05 2.64508e-17 2.52725e-17
158 0.00243222 5.27654e-05 0.0832163 7.98724e-06 1.60713e-05 8.30522e-06 1.73523e-05 3.10657e-05 3.49514e-17 4.08664e-17
159 0.0024315 5.12502e-05 0.0985973 8.5005e-06 1.71927e-05 8.72772e-06 1.83372e-05 3.28438e-05 2.93816e-17 2.51785e-17
160 0.00247882 4.9608e-05 0.0862827 7.40448e-06 1.50769e-05 8.01766e-06 1.67765e-05 3.00186e-05 4.00811e-17 3.47317e-17
161 0.00247804 4.80799e-05 0.102546 8.36253e-06 1.69488e-05 8.8037e-06 1.8563e-05 3.32356e-05 2.94707e-17 3.14273e-17
162 0.00247856 4.65951e-05 0.0862689 7.6648e-06 1.55593e-05 8.07777e-06 1.69241e-05 3.03687e-05 2.82081e-17 3.01341e-17
163 0.00247777 4.5232e-05 0.102469 9.61638e-06 1.94789e-05 9.41139e-06 1.99481e-05 3.59416e-05 1.73776e-17 1.41527e-17
164 0.00233711 4.38082e-05 0.0806397 8.53108e-06 1.74436e-05 8.88148e-06 1.87058e-05 3.37594e-05 1.55537e-17 1.43284e-17
165 0.00233717 4.25121e-05 0.0920542 9.76442e-06 1.97305e-05 9.89683e-06 2.0931e-05 3.75829e-05 1.11535e-17 1.18926e-17
166 0.00227576 4.11913e-05 0.0843247 8.92612e-06 1.81248e-05 8.94161e-06 1.87779e-05 3.39292e-05 3.45127e-17 4.18669e-17
167 0.00227601 4.00105e-05 0.0904988 1.00621e-05 2.03077e-05 9.81293e-06 2.07049e-05 3.71785e-05 2.61576e-17 3.02841e-17
168 0.00250759 3.8716e-05 0.0873312 8.57675e-06 1.73745e-05 8.88135e-06 1.85394e-05 3.31792e-05 2.79388e-17 3.45485e-17
169 0.0025143 3.75872e-05 0.100319 6.82885e-06 1.36408e-05 8.21508e-06 1.69461e-05 2.96323e-05 4.29454e-17 3.71991e-17
170 0.00237711 3.6365e-05 0.0835284 7.91136e-06 1.57426e-05 8.05489e-06 1.67214e-05 2.96187e-05 3.22184e-17 3.46881e-17
171 0.00248828 3.52931e-05 0.0947866 1.45989e-05 2.98733e-05 1.18967e-05 2.59087e-05 4.81521e-05 4.03387e-17 3.63337e-17
172 0.00241704 3.42551e-05 0.0817457 1.12647e-05 2.32283e-05 1.07415e-05 2.28584e-05 4.17864e-05 4.07318e-17 3.74698e-17
173 0.00241656 3.32687e-05 0.096568 8.40867e-06 1.67242e-05 9.54252e-06 1.9752e-05 3.44804e-05 2.4006e-17 2.74199e-17
174 0.00249409 3.21566e-05 0.0867175 7.77244e-06 1.54651e-05 8.3727e-06 1.73432e-05 3.064e-05 2.65909e-17 2.9713e-17
175 0.002808 3.12606e-05 0.101874 8.7149e-06 1.74907e-05 8.82994e-06 1.84624e-05 3.29343e-05 2.82262e-17 2.76125e-17
176 0.00266834 3.03179e-05 0.085317 8.58236e-06 1.73416e-05 8.82279e-06 1.84173e-05 3.29901e-05 2.05266e-17 2.86003e-17
177 0.00245412 2.94059e-05 0.100296 1.26147e-05 2.56284e-05 1.15953e-05 2.48527e-05 4.5286e-05 2.46091e-17 2.94748e-17
178 0.00260788 2.84778e-05 0.0841258 1.07373e-05 2.1924e-05 1.03692e-05 2.1931e-05 3.9832e-05 2.49789e-17 3.02838e-17
179 0.00307796 2.7729e-05 0.0933708 1.03482e-05 2.08298e-05 1.01202e-05 2.12966e-05 3.81407e-05 3.39845e-17 4.1082e-17
180 0.00295489 2.67978e-05 0.0868778 8.98886e-06 1.82127e-05 9.38022e-06 1.96516e-05 3.52109e-05 3.19853e-17 3.00104e-17
181 0.00249129 2.60107e-05 0.102603 8.19211e-06 1.64006e-05 9.2291e-06 1.91671e-05 3.37814e-05 2.89349e-17 2.76012e-17
182 0.00292837 2.52166e-05 0.0867591 8.54524e-06 1.70168e-05 8.63222e-06 1.78961e-05 3.17251e-05 3.12557e-17 3.06411e-17
183 0.0031369 2.44854e-05 0.0981903 1.27399e-05 2.59693e-05 1.11289e-05 2.39572e-05 4.39751e-05 3.66054e-17 4.27717e-17
184 0.00301498 2.3669e-05 0.085228 1.03034e-05 2.10657e-05 1.03376e-05 2.18194e-05 3.93833e-05 3.47727e-17 3.48121e-17
185 0.00246502 2.30293e-05 0.101295 9.20129e-06 1.85582e-05 9.692e-06 2.03522e-05 3.64171e-05 3.23996e-17 3.16267e-17
186 0.00320131 2.23456e-05 0.0857973 9.19057e-06 1.85575e-05 9.06195e-06 1.90184e-05 3.41353e-05 3.23678e-17 3.33299e-17
187 0.00304504 2.16875e-05 0.0951954 9.29811e-06 1.88711e-05 9.22812e-06 1.94611e-05 3.51727e-05 3.01852e-17 3.2646e-17
188 0.00247858 2.10824e-05 0.0865666 8.64591e-06 1.76183e-05 9.41204e-06 1.9768e-05 3.55137e-05 4.07143e-17 3.66585e-17
189 0.00248465 2.0474e-05 0.102071 8.00732e-06 1.62484e-05 8.72325e-06 1.83697e-05 3.30681e-05 3.49272e-17 3.6927e-17
190 0.00351248 1.98282e-05 0.0810959 9.13646e-06 1.83808e-05 8.86968e-06 1.85844e-05 3.31782e-05 4.1316e-17 4.07349e-17
191 0.00334321 1.92032e-05 0.0958462 1.33525e-05 2.73756e-05 1.15135e-05 2.49611e-05 4.62e-05 2.71728e-17 3.36901e-17
192 0.002442 1.8695e-05 0.083959 1.12087e-05 2.29504e-05 1.12713e-05 2.38635e-05 4.3237e-05 3.40537e-17 3.39255e-17
193 0.00505342 1.82132e-05 0.0994971 8.90909e-06 1.78445e-05 1.02193e-05 2.12304e-05 3.73093e-05 3.49076e-17 3.83009e-17
194 0.00502852 1.75555e-05 0.0871164 8.38159e-06 1.65603e-05 8.61904e-06 1.77555e-05 3.11301e-05 3.71325e-17 3.80474e-17
195 0.00429222 1.69974e-05 0.101429 9.61268e-06 1.94197e-05 9.39346e-06 1.98428e-05 3.58074e-05 3.31159e-17 4.08982e-17
196 0.00425175 1.64912e-05 0.0876108 8.72919e-06 1.7797e-05 9.57818e-06 2.01238e-05 3.6048e-05 2.47848e-17 2.52337e-17
197 0.00250416 1.60461e-05 0.100699 9.40552e-06 1.91131e-05 9.66193e-06 2.04781e-05 3.71647e-05 1.26066e-17 1.27292e-17
198 0.00270624 1.56744e-05 0.0877826 1.13862e-05 2.31512e-05 1.01732e-05 2.16447e-05 3.95132e-05 3.15297e-17 3.42268e-17
199 0.00259625 1.52036e-05 0.097756 1.20413e-05 2.4699e-05 1.0866e-05 2.33434e-05 4.28252e-05 4.38637e-17 3.90599e-17
200 0.00249483 1.46616e-05 0.0871589 9.4231e-06 1.91346e-05 9.95973e-06 2.09151e-05 3.74068e-05 3.65564e-17 3.58773e-17
# did not converge in 200 iterations; the output is the last iterate
