# N k t_Myr T x_H2 x_CO x_C+ x_HCO+ x_e x_OHx x_CHx; N=0 is the reference
0 0 0.0000e+00 1.00000e+02 0.00000e+00 0.00000e+00 1.60000e-04 0.00000e+00 2.61700e-04 0.00000e+00 0.00000e+00
0 1 1.8334e-01 1.21647e+01 1.46569e-01 6.62051e-06 1.79260e-08 5.11329e-11 2.41360e-06 1.13242e-07 1.62590e-10
0 2 3.6667e-01 1.25405e+01 2.49899e-01 3.40742e-05 3.62452e-08 9.66249e-10 1.86088e-06 3.89045e-07 5.58722e-10
0 3 5.5001e-01 1.52996e+01 3.22669e-01 8.39356e-05 4.12108e-08 6.53278e-09 1.45034e-06 9.83390e-07 8.40818e-10
0 4 7.3334e-01 2.57709e+01 3.73870e-01 1.31292e-04 3.56260e-08 2.83781e-08 1.21625e-06 2.70619e-06 5.73473e-10
0 5 9.1668e-01 3.82204e+01 4.09885e-01 1.45505e-04 3.17850e-08 6.03851e-08 1.09068e-06 4.71914e-06 4.36047e-10
0 6 1.1000e+00 4.09823e+01 4.35235e-01 1.48484e-04 3.02653e-08 8.07105e-08 9.95545e-07 5.78273e-06 5.29282e-10
0 7 1.2834e+00 4.21826e+01 4.53081e-01 1.49912e-04 2.93024e-08 9.66086e-08 9.30599e-07 6.52056e-06 6.83698e-10
0 8 1.4667e+00 4.28789e+01 4.65646e-01 1.50739e-04 2.86536e-08 1.08983e-07 8.86530e-07 7.04735e-06 8.96376e-10
0 9 1.6500e+00 4.33195e+01 4.74493e-01 1.51252e-04 2.82098e-08 1.18355e-07 8.56430e-07 7.42220e-06 1.17531e-09
0 10 1.8334e+00 4.36121e+01 4.80722e-01 1.51584e-04 2.79034e-08 1.25306e-07 8.35730e-07 7.68814e-06 1.52674e-09
0 11 2.0167e+00 4.38122e+01 4.85108e-01 1.51805e-04 2.76905e-08 1.30384e-07 8.21414e-07 7.87653e-06 1.95068e-09
0 12 2.2000e+00 4.39517e+01 4.88196e-01 1.51956e-04 2.75417e-08 1.34058e-07 8.11470e-07 8.00990e-06 2.43742e-09
0 13 2.3834e+00 4.40504e+01 4.90371e-01 1.52060e-04 2.74373e-08 1.36695e-07 8.04540e-07 8.10433e-06 2.96604e-09
0 14 2.5667e+00 4.41208e+01 4.91902e-01 1.52133e-04 2.73638e-08 1.38580e-07 7.99699e-07 8.17123e-06 3.50682e-09
0 15 2.7500e+00 4.41714e+01 4.92981e-01 1.52184e-04 2.73119e-08 1.39922e-07 7.96312e-07 8.21865e-06 4.02736e-09
0 16 2.9334e+00 4.42079e+01 4.93740e-01 1.52221e-04 2.72752e-08 1.40876e-07 7.93939e-07 8.25226e-06 4.49989e-09
1 0 0.0000e+00 1.00000e+02 0.00000e+00 0.00000e+00 1.60000e-04 0.00000e+00 2.61700e-04 0.00000e+00 0.00000e+00
1 1 2.9334e+00 3.80481e+01 5.00000e-01 0.00000e+00 4.05299e-09 0.00000e+00 7.96812e-07 0.00000e+00 0.00000e+00
2 0 0.0000e+00 1.00000e+02 0.00000e+00 0.00000e+00 1.60000e-04 0.00000e+00 2.61700e-04 0.00000e+00 0.00000e+00
2 1 1.4667e+00 3.80742e+01 5.00000e-01 0.00000e+00 7.83612e-09 0.00000e+00 1.18611e-06 0.00000e+00 0.00000e+00
2 2 2.9334e+00 4.53492e+00 4.94771e-01 1.58446e-04 1.82044e-08 6.49591e-08 7.99031e-07 1.82436e-06 1.47036e-06
3 0 0.0000e+00 1.00000e+02 0.00000e+00 0.00000e+00 1.60000e-04 0.00000e+00 2.61700e-04 0.00000e+00 0.00000e+00
3 1 9.7779e-01 3.81003e+01 4.99999e-01 0.00000e+00 1.16191e-08 0.00000e+00 1.57809e-06 0.00000e+00 0.00000e+00
3 2 1.9556e+00 4.57915e+00 4.95231e-01 1.58426e-04 2.04497e-08 4.45320e-08 7.54860e-07 1.66044e-06 1.50900e-06
3 3 2.9334e+00 9.24369e+02 4.93723e-01 6.69611e-05 3.23159e-08 1.05912e-08 4.93866e-07 7.37444e-06 1.27775e-10
4 0 0.0000e+00 1.00000e+02 0.00000e+00 0.00000e+00 1.60000e-04 0.00000e+00 2.61700e-04 0.00000e+00 0.00000e+00
4 1 7.3334e-01 3.81264e+01 4.99999e-01 0.00000e+00 1.54019e-08 0.00000e+00 1.97275e-06 0.00000e+00 0.00000e+00
4 2 1.4667e+00 4.62332e+00 4.95676e-01 1.58397e-04 2.28069e-08 3.27320e-08 7.23623e-07 1.52247e-06 1.54758e-06
4 3 2.2000e+00 6.94402e+02 4.94010e-01 7.34573e-05 3.29144e-08 1.23234e-08 4.99866e-07 7.47405e-06 1.88857e-10
4 4 2.9334e+00 5.17856e+02 4.99995e-01 1.57922e-04 2.96501e-08 2.02192e-06 2.89881e-06 5.53134e-06 2.00169e-08
8 0 0.0000e+00 1.00000e+02 0.00000e+00 0.00000e+00 1.60000e-04 0.00000e+00 2.61700e-04 0.00000e+00 0.00000e+00
8 1 3.6667e-01 3.03405e+01 3.43964e-01 0.00000e+00 3.05312e-08 0.00000e+00 2.59210e-06 0.00000e+00 0.00000e+00
8 2 7.3334e-01 1.01218e+01 4.49500e-01 5.19691e-05 2.60691e-08 3.41228e-09 1.59929e-06 7.01854e-07 1.37929e-09
8 3 1.1000e+00 1.21002e+01 4.81833e-01 1.46011e-04 4.71996e-08 1.02757e-08 7.82823e-07 1.04590e-06 6.57914e-09
8 4 1.4667e+00 4.14501e+01 4.91472e-01 1.59915e-04 3.39167e-08 4.73960e-08 6.71789e-07 4.90536e-06 3.54078e-09
8 5 1.8334e+00 5.69650e+01 4.93703e-01 8.32248e-05 2.97704e-08 9.16268e-08 7.73933e-07 1.03831e-05 1.22736e-11
8 6 2.2000e+00 2.23062e+01 4.97147e-01 1.59788e-04 1.75047e-08 1.74415e-07 8.34635e-07 3.67608e-06 2.00752e-08
8 7 2.5667e+00 1.68930e+02 4.95379e-01 8.46093e-05 3.05094e-08 4.33763e-08 6.26734e-07 9.46052e-06 6.43143e-11
8 8 2.9334e+00 1.23209e+02 4.97872e-01 1.59405e-04 2.28097e-08 5.47518e-07 1.31346e-06 4.78231e-06 2.50931e-08
16 0 0.0000e+00 1.00000e+02 0.00000e+00 0.00000e+00 1.60000e-04 0.00000e+00 2.61700e-04 0.00000e+00 0.00000e+00
16 1 1.8334e-01 2.48734e+01 1.72759e-01 0.00000e+00 6.07812e-08 0.00000e+00 2.68738e-06 0.00000e+00 0.00000e+00
16 2 3.6667e-01 1.29244e+01 2.85524e-01 1.18299e-05 1.32395e-08 1.99518e-10 2.53021e-06 1.96023e-07 2.14611e-10
16 3 5.5001e-01 1.25355e+01 3.58923e-01 3.50787e-05 3.06190e-08 7.70365e-10 1.74632e-06 3.70919e-07 7.91112e-10
16 4 7.3334e-01 1.24687e+01 4.06755e-01 8.00699e-05 4.23368e-08 4.32441e-09 1.30766e-06 7.13849e-07 1.80733e-09
16 5 9.1668e-01 1.45623e+01 4.37912e-01 1.39659e-04 4.50147e-08 1.45120e-08 1.02022e-06 1.29447e-06 2.55361e-09
16 6 1.1000e+00 3.18295e+01 4.58050e-01 1.59928e-04 3.75648e-08 3.35139e-08 8.76384e-07 3.52271e-06 1.27072e-09
16 7 1.2834e+00 7.90856e+01 4.70928e-01 1.05791e-04 3.13736e-08 6.05266e-08 8.62436e-07 8.49465e-06 3.12509e-12
16 8 1.4667e+00 4.90818e+01 4.80068e-01 1.59777e-04 2.61603e-08 1.93188e-07 9.84888e-07 4.30498e-06 3.94041e-09
16 9 1.6500e+00 5.22783e+01 4.85236e-01 1.05244e-04 3.06352e-08 7.90136e-08 7.92878e-07 9.08612e-06 4.57525e-12
16 10 1.8334e+00 2.47297e+01 4.89445e-01 1.59812e-04 2.28654e-08 1.57084e-07 8.54171e-07 4.13113e-06 8.48995e-09
16 11 2.0167e+00 1.09713e+02 4.91330e-01 1.07518e-04 2.99493e-08 5.64358e-08 6.83315e-07 9.28971e-06 1.60548e-11
16 12 2.2000e+00 7.79738e+01 4.93486e-01 1.59609e-04 2.59000e-08 3.52362e-07 1.09597e-06 5.07586e-06 1.26762e-08
16 13 2.3834e+00 6.24071e+01 4.93957e-01 1.04478e-04 3.02838e-08 1.03835e-07 7.76954e-07 9.41390e-06 9.69104e-12
16 14 2.5667e+00 3.24257e+01 4.95178e-01 1.59765e-04 2.30344e-08 1.91455e-07 8.65148e-07 4.38184e-06 2.02113e-08
16 15 2.7500e+00 7.55857e+01 4.95063e-01 1.06872e-04 2.99464e-08 7.02106e-08 6.89852e-07 9.60497e-06 3.20441e-11
16 16 2.9334e+00 4.46589e+01 4.95935e-01 1.59693e-04 2.34520e-08 2.60081e-07 9.55670e-07 4.76013e-06 2.32866e-08
32 0 0.0000e+00 1.00000e+02 0.00000e+00 0.00000e+00 1.60000e-04 0.00000e+00 2.61700e-04 0.00000e+00 0.00000e+00
32 1 9.1668e-02 2.30039e+01 8.65754e-02 0.00000e+00 1.21247e-07 0.00000e+00 2.87757e-06 0.00000e+00 0.00000e+00
32 2 1.8334e-01 1.33407e+01 1.58135e-01 2.36699e-06 6.84865e-09 1.04801e-11 2.90413e-06 4.98550e-08 4.72664e-11
32 3 2.7500e-01 1.27843e+01 2.17205e-01 7.86916e-06 1.47360e-08 5.50740e-11 2.39718e-06 1.17505e-07 1.76837e-10
32 4 3.6667e-01 1.24379e+01 2.65955e-01 1.82596e-05 2.37146e-08 2.78892e-10 2.10569e-06 2.34227e-07 4.02066e-10
32 5 4.5834e-01 1.23525e+01 3.06182e-01 3.38434e-05 3.25889e-08 8.54628e-10 1.82530e-06 3.69992e-07 6.88071e-10
32 6 5.5001e-01 1.25899e+01 3.39375e-01 5.52276e-05 3.92968e-08 2.16785e-09 1.58245e-06 5.39694e-07 1.01529e-09
32 7 6.4168e-01 1.33364e+01 3.66763e-01 8.18321e-05 4.29681e-08 4.83547e-09 1.38235e-06 7.70500e-07 1.31140e-09
32 8 7.3334e-01 1.50332e+01 3.89354e-01 1.10895e-04 4.33983e-08 9.78904e-09 1.22557e-06 1.13020e-06 1.45373e-09
32 9 8.2501e-01 1.88849e+01 4.07976e-01 1.36496e-04 4.10586e-08 1.82561e-08 1.11084e-06 1.78949e-06 1.29813e-09
32 10 9.1668e-01 2.85379e+01 4.23309e-01 1.48826e-04 3.70878e-08 3.14903e-08 1.03705e-06 3.13692e-06 8.26677e-10
32 11 1.0083e+00 4.25072e+01 4.35937e-01 1.46018e-04 3.33613e-08 5.28514e-08 1.00579e-06 4.99207e-06 4.62592e-10
32 12 1.1000e+00 3.99328e+01 4.46377e-01 1.50584e-04 3.16003e-08 8.31084e-08 9.97704e-07 5.44088e-06 6.40823e-10
32 13 1.1917e+00 4.32733e+01 4.54969e-01 1.47306e-04 3.03565e-08 8.11320e-08 9.39739e-07 6.23719e-06 5.45522e-10
32 14 1.2834e+00 4.06296e+01 4.62081e-01 1.53504e-04 3.00041e-08 9.99344e-08 9.26218e-07 6.15805e-06 8.91104e-10
32 15 1.3750e+00 4.61158e+01 4.67913e-01 1.44632e-04 2.91544e-08 9.38763e-08 8.82331e-07 7.28489e-06 5.65878e-10
32 16 1.4667e+00 3.94157e+01 4.72784e-01 1.59620e-04 2.93667e-08 1.23088e-07 8.95118e-07 6.27110e-06 1.56536e-09
32 17 1.5584e+00 5.56254e+01 4.76693e-01 1.28397e-04 2.81013e-08 8.87703e-08 8.26019e-07 9.17336e-06 3.33080e-11
32 18 1.6500e+00 3.62708e+01 4.80120e-01 1.59811e-04 2.75492e-08 1.57766e-07 9.02765e-07 5.26318e-06 3.94427e-09
32 19 1.7417e+00 5.97166e+01 4.82738e-01 1.27206e-04 2.90504e-08 8.28845e-08 7.79148e-07 9.20377e-06 6.10155e-12
32 20 1.8334e+00 3.85824e+01 4.85124e-01 1.59784e-04 2.76651e-08 1.82572e-07 9.09936e-07 5.38870e-06 5.51196e-09
32 21 1.9250e+00 5.67835e+01 4.86866e-01 1.27162e-04 2.89782e-08 8.75517e-08 7.63230e-07 9.35327e-06 8.01456e-12
32 22 2.0167e+00 3.61609e+01 4.88536e-01 1.59784e-04 2.71004e-08 1.81631e-07 8.86754e-07 5.42332e-06 7.38206e-09
32 23 2.1084e+00 5.98054e+01 4.89679e-01 1.27358e-04 2.88053e-08 8.67280e-08 7.42941e-07 9.48105e-06 1.13878e-11
32 24 2.2000e+00 3.83617e+01 4.90862e-01 1.59766e-04 2.71124e-08 1.97445e-07 8.96053e-07 5.55553e-06 9.29118e-09
32 25 2.2917e+00 5.70239e+01 4.91598e-01 1.27302e-04 2.87394e-08 9.04057e-08 7.38822e-07 9.55815e-06 1.40914e-11
32 26 2.3834e+00 3.61486e+01 4.92447e-01 1.59770e-04 2.67165e-08 1.92116e-07 8.77798e-07 5.54420e-06 1.15607e-08
32 27 2.4750e+00 5.98037e+01 4.92906e-01 1.27451e-04 2.86379e-08 8.88633e-08 7.26691e-07 9.62393e-06 1.85916e-11
32 28 2.5667e+00 3.82301e+01 4.93529e-01 1.59755e-04 2.68311e-08 2.04596e-07 8.89781e-07 5.63517e-06 1.35237e-08
32 29 2.6584e+00 5.71733e+01 4.93798e-01 1.27368e-04 2.86249e-08 9.16822e-08 7.27364e-07 9.65360e-06 2.14585e-11
32 30 2.7500e+00 3.61692e+01 4.94266e-01 1.59760e-04 2.65336e-08 1.97396e-07 8.74165e-07 5.60171e-06 1.56397e-08
32 31 2.8417e+00 5.97677e+01 4.94406e-01 1.27491e-04 2.85601e-08 8.98553e-08 7.19148e-07 9.68961e-06 2.61203e-11
32 32 2.9334e+00 3.81398e+01 4.94769e-01 1.59748e-04 2.66913e-08 2.07930e-07 8.86838e-07 5.67162e-06 1.71304e-08
64 0 0.0000e+00 1.00000e+02 0.00000e+00 0.00000e+00 1.60000e-04 0.00000e+00 2.61700e-04 0.00000e+00 0.00000e+00
64 1 4.5834e-02 2.25300e+01 4.33368e-02 0.00000e+00 2.42041e-07 0.00000e+00 3.25647e-06 0.00000e+00 0.00000e+00
64 2 9.1668e-02 1.35880e+01 8.29221e-02 3.90389e-07 3.88895e-09 5.15387e-13 3.06745e-06 1.14063e-08 1.07152e-11
64 3 1.3750e-01 1.28838e+01 1.19059e-01 1.56151e-06 6.96273e-09 3.60118e-12 2.67781e-06 3.29333e-08 4.34438e-11
64 4 1.8334e-01 1.26100e+01 1.52044e-01 3.87435e-06 1.10410e-08 1.87253e-11 2.55201e-06 7.10262e-08 1.00248e-10
64 5 2.2917e-01 1.24363e+01 1.82147e-01 7.28402e-06 1.58443e-08 5.57318e-11 2.41110e-06 1.16363e-07 1.73391e-10
64 6 2.7500e-01 1.23239e+01 2.09619e-01 1.18843e-05 2.08958e-08 1.32148e-10 2.26484e-06 1.69308e-07 2.64541e-10
64 7 3.2084e-01 1.22729e+01 2.34688e-01 1.77898e-05 2.58668e-08 2.72136e-10 2.11917e-06 2.29448e-07 3.72114e-10
64 8 3.6667e-01 1.22911e+01 2.57563e-01 2.51154e-05 3.04801e-08 5.09911e-10 1.97844e-06 2.97232e-07 4.93443e-10
64 9 4.1251e-01 1.23913e+01 2.78437e-01 3.39464e-05 3.45159e-08 8.92777e-10 1.84548e-06 3.74033e-07 6.24149e-10
64 10 4.5834e-01 1.25928e+01 2.97483e-01 4.43041e-05 3.78125e-08 1.48469e-09 1.72202e-06 4.62395e-07 7.57667e-10
64 11 5.0417e-01 1.29231e+01 3.14861e-01 5.61097e-05 4.02663e-08 2.37020e-09 1.60903e-06 5.66471e-07 8.84902e-10
64 12 5.5001e-01 1.34232e+01 3.30717e-01 6.91533e-05 4.18309e-08 3.65898e-09 1.50698e-06 6.92743e-07 9.94208e-10
64 13 5.9584e-01 1.41542e+01 3.45182e-01 8.30686e-05 4.25147e-08 5.49114e-09 1.41599e-06 8.51208e-07 1.07193e-09
64 14 6.4168e-01 1.52111e+01 3.58378e-01 9.73145e-05 4.23766e-08 8.04338e-09 1.33605e-06 1.05724e-06 1.10386e-09
64 15 6.8751e-01 1.67448e+01 3.70415e-01 1.11163e-04 4.15209e-08 1.15356e-08 1.26709e-06 1.33422e-06 1.07814e-09
64 16 7.3334e-01 1.89937e+01 3.81393e-01 1.23698e-04 4.00933e-08 1.62360e-08 1.20908e-06 1.71570e-06 9.90223e-10
64 17 7.7918e-01 2.22902e+01 3.91404e-01 1.33884e-04 3.82820e-08 2.24569e-08 1.16202e-06 2.24090e-06 8.49944e-10
64 18 8.2501e-01 2.70222e+01 4.00533e-01 1.40845e-04 3.63249e-08 3.05076e-08 1.12573e-06 2.92503e-06 6.88193e-10
64 19 8.7085e-01 3.24762e+01 4.08859e-01 1.44517e-04 3.45129e-08 4.06511e-08 1.09961e-06 3.69570e-06 5.52132e-10
64 20 9.1668e-01 3.66948e+01 4.16454e-01 1.46088e-04 3.30930e-08 5.17155e-08 1.07913e-06 4.36736e-06 4.80875e-10
64 21 9.6251e-01 3.87679e+01 4.23383e-01 1.46944e-04 3.21350e-08 6.10904e-08 1.05787e-06 4.83547e-06 4.69605e-10
64 22 1.0083e+00 3.97963e+01 4.29704e-01 1.47639e-04 3.15080e-08 6.77623e-08 1.03419e-06 5.16453e-06 4.86966e-10
64 23 1.0542e+00 4.04656e+01 4.35472e-01 1.48222e-04 3.10576e-08 7.32899e-08 1.01138e-06 5.44089e-06 5.12737e-10
64 24 1.1000e+00 4.09728e+01 4.40734e-01 1.48716e-04 3.06803e-08 7.83347e-08 9.90453e-07 5.68874e-06 5.43285e-10
64 25 1.1459e+00 4.13848e+01 4.45535e-01 1.49137e-04 3.03471e-08 8.30451e-08 9.71461e-07 5.91479e-06 5.77733e-10
64 26 1.1917e+00 4.17290e+01 4.49916e-01 1.49498e-04 3.00491e-08 8.74706e-08 9.54292e-07 6.12167e-06 6.15970e-10
64 27 1.2375e+00 4.20208e+01 4.53912e-01 1.49809e-04 2.97813e-08 9.16267e-08 9.38782e-07 6.31108e-06 6.58042e-10
64 28 1.2834e+00 4.22706e+01 4.57559e-01 1.50080e-04 2.95404e-08 9.55234e-08 9.24769e-07 6.48447e-06 7.04048e-10
64 29 1.3292e+00 4.24863e+01 4.60886e-01 1.50316e-04 2.93232e-08 9.91697e-08 9.12106e-07 6.64317e-06 7.54107e-10
64 30 1.3750e+00 4.26737e+01 4.63922e-01 1.50523e-04 2.91271e-08 1.02575e-07 9.00657e-07 6.78840e-06 8.08353e-10
64 31 1.4209e+00 4.28377e+01 4.66691e-01 1.50705e-04 2.89499e-08 1.05750e-07 8.90302e-07 6.92128e-06 8.66928e-10
64 32 1.4667e+00 4.29819e+01 4.69218e-01 1.50866e-04 2.87897e-08 1.08705e-07 8.80933e-07 7.04284e-06 9.29978e-10
64 33 1.5125e+00 4.31093e+01 4.71524e-01 1.51009e-04 2.86446e-08 1.11450e-07 8.72451e-07 7.15401e-06 9.97644e-10
64 34 1.5584e+00 4.32224e+01 4.73628e-01 1.51136e-04 2.85132e-08 1.13997e-07 8.64769e-07 7.25566e-06 1.07006e-09
64 35 1.6042e+00 4.33231e+01 4.75547e-01 1.51249e-04 2.83940e-08 1.16356e-07 8.57808e-07 7.34860e-06 1.14733e-09
64 36 1.6500e+00 4.34131e+01 4.77299e-01 1.51349e-04 2.82859e-08 1.18539e-07 8.51498e-07 7.43356e-06 1.22957e-09
64 37 1.6959e+00 4.34938e+01 4.78897e-01 1.51440e-04 2.81878e-08 1.20556e-07 8.45775e-07 7.51121e-06 1.31683e-09
64 38 1.7417e+00 4.35662e+01 4.80355e-01 1.51521e-04 2.80987e-08 1.22418e-07 8.40583e-07 7.58217e-06 1.40917e-09
64 39 1.7875e+00 4.36315e+01 4.81685e-01 1.51594e-04 2.80177e-08 1.24135e-07 8.35870e-07 7.64702e-06 1.50656e-09
64 40 1.8334e+00 4.36903e+01 4.82899e-01 1.51659e-04 2.79441e-08 1.25718e-07 8.31591e-07 7.70627e-06 1.60899e-09
64 41 1.8792e+00 4.37436e+01 4.84007e-01 1.51718e-04 2.78772e-08 1.27175e-07 8.27704e-07 7.76041e-06 1.71635e-09
64 42 1.9250e+00 4.37918e+01 4.85017e-01 1.51772e-04 2.78163e-08 1.28515e-07 8.24172e-07 7.80987e-06 1.82853e-09
64 43 1.9709e+00 4.38355e+01 4.85939e-01 1.51820e-04 2.77609e-08 1.29747e-07 8.20963e-07 7.85506e-06 1.94531e-09
64 44 2.0167e+00 4.38752e+01 4.86781e-01 1.51864e-04 2.77105e-08 1.30879e-07 8.18045e-07 7.89634e-06 2.06648e-09
64 45 2.0625e+00 4.39113e+01 4.87548e-01 1.51903e-04 2.76646e-08 1.31918e-07 8.15392e-07 7.93406e-06 2.19172e-09
64 46 2.1084e+00 4.39441e+01 4.88249e-01 1.51939e-04 2.76228e-08 1.32872e-07 8.12978e-07 7.96853e-06 2.32069e-09
64 47 2.1542e+00 4.39741e+01 4.88888e-01 1.51971e-04 2.75847e-08 1.33748e-07 8.10783e-07 8.00001e-06 2.45298e-09
64 48 2.2000e+00 4.40014e+01 4.89471e-01 1.52001e-04 2.75500e-08 1.34550e-07 8.08785e-07 8.02878e-06 2.58815e-09
64 49 2.2459e+00 4.40264e+01 4.90003e-01 1.52028e-04 2.75183e-08 1.35286e-07 8.06967e-07 8.05506e-06 2.72569e-09
64 50 2.2917e+00 4.40492e+01 4.90489e-01 1.52052e-04 2.74894e-08 1.35960e-07 8.05312e-07 8.07908e-06 2.86508e-09
64 51 2.3375e+00 4.40701e+01 4.90932e-01 1.52075e-04 2.74631e-08 1.36578e-07 8.03806e-07 8.10103e-06 3.00575e-09
64 52 2.3834e+00 4.40892e+01 4.91336e-01 1.52095e-04 2.74391e-08 1.37144e-07 8.02434e-07 8.12108e-06 3.14711e-09
64 53 2.4292e+00 4.41067e+01 4.91705e-01 1.52114e-04 2.74172e-08 1.37662e-07 8.01185e-07 8.13941e-06 3.28859e-09
64 54 2.4750e+00 4.41227e+01 4.92041e-01 1.52131e-04 2.73972e-08 1.38136e-07 8.00047e-07 8.15616e-06 3.42957e-09
64 55 2.5209e+00 4.41374e+01 4.92348e-01 1.52146e-04 2.73789e-08 1.38570e-07 7.99011e-07 8.17147e-06 3.56949e-09
64 56 2.5667e+00 4.41509e+01 4.92628e-01 1.52160e-04 2.73622e-08 1.38967e-07 7.98067e-07 8.18546e-06 3.70776e-09
64 57 2.6125e+00 4.41632e+01 4.92884e-01 1.52173e-04 2.73470e-08 1.39330e-07 7.97207e-07 8.19825e-06 3.84384e-09
64 58 2.6584e+00 4.41746e+01 4.93117e-01 1.52185e-04 2.73331e-08 1.39662e-07 7.96423e-07 8.20993e-06 3.97724e-09
64 59 2.7042e+00 4.41850e+01 4.93330e-01 1.52196e-04 2.73204e-08 1.39966e-07 7.95710e-07 8.22062e-06 4.10748e-09
64 60 2.7500e+00 4.41946e+01 4.93524e-01 1.52206e-04 2.73088e-08 1.40244e-07 7.95059e-07 8.23038e-06 4.23415e-09
64 61 2.7959e+00 4.42034e+01 4.93701e-01 1.52215e-04 2.72982e-08 1.40498e-07 7.94466e-07 8.23930e-06 4.35689e-09
64 62 2.8417e+00 4.42115e+01 4.93863e-01 1.52223e-04 2.72886e-08 1.40730e-07 7.93926e-07 8.24746e-06 4.47538e-09
64 63 2.8875e+00 4.42189e+01 4.94010e-01 1.52230e-04 2.72797e-08 1.40943e-07 7.93434e-07 8.25491e-06 4.58937e-09
64 64 2.9334e+00 4.42257e+01 4.94145e-01 1.52237e-04 2.72717e-08 1.41137e-07 7.92985e-07 8.26172e-06 4.69867e-09
