# case N then per variant (default, refresh_rates, energy_last, photoheat_counted, both) |dT/T| |dx/x|; reference: default, 200000 substeps
# case 0 reference T 7.438098e+03 K x 9.579997e-01; each variant at 200000: 0.00e+00 0.00e+00 1.23e-07 1.85e-10 5.79e-07 1.66e-08 8.16e-06 1.93e-07 8.22e-06 1.95e-07
0 1 4.113524e+01 4.639450e-03 4.438911e+01 1.498266e-01 7.729904e-01 4.639450e-03 1.022582e+00 4.639450e-03 1.016636e+00 4.639450e-03
0 2 9.998656e-01 4.362819e-02 9.998656e-01 8.945745e-01 1.211066e+00 5.478469e-02 2.599652e+00 3.632434e-02 2.609559e+00 3.631833e-02
0 4 5.273114e+00 5.136416e-01 1.328647e+00 1.628098e-02 6.532853e-02 3.712542e-05 1.382241e+00 1.449220e-02 1.335783e+00 1.375821e-02
0 8 5.499755e-02 3.317288e-03 1.104584e-01 2.927997e-03 1.158455e-02 6.737934e-04 4.676250e-01 9.527645e-03 4.263245e-01 8.850418e-03
0 16 1.154400e-02 5.718653e-04 1.946571e-02 5.755906e-04 4.557081e-03 2.373669e-04 1.319120e-01 3.122805e-03 1.300816e-01 3.063162e-03
0 32 3.105688e-03 1.351846e-04 4.698646e-03 1.385622e-04 2.201793e-03 9.871965e-05 5.968201e-02 1.424544e-03 5.970178e-02 1.424883e-03
0 64 1.612648e-03 6.284557e-05 2.209719e-03 6.447552e-05 1.061071e-03 4.438094e-05 2.893168e-02 6.991126e-04 2.904509e-02 7.023943e-04
0 128 9.387178e-04 3.387554e-05 1.193580e-03 3.457731e-05 5.099741e-04 2.072978e-05 1.428273e-02 3.477337e-04 1.435813e-02 3.498924e-04
0 256 5.472091e-04 1.880123e-05 6.620674e-04 1.909322e-05 2.466706e-04 9.923217e-06 7.099515e-03 1.735408e-04 7.141668e-03 1.747381e-04
0 512 3.034905e-04 1.014712e-05 3.568808e-04 1.026549e-05 1.202115e-04 4.822707e-06 3.539462e-03 8.669422e-05 3.561702e-03 8.732324e-05
0 1024 1.606163e-04 5.295389e-06 1.860903e-04 5.344567e-06 5.891125e-05 2.363940e-06 1.766895e-03 4.331950e-05 1.778327e-03 4.364213e-05
0 2048 8.242561e-05 2.698434e-06 9.482148e-05 2.719976e-06 2.880651e-05 1.158863e-06 8.824172e-04 2.164239e-05 8.882116e-04 2.180573e-05
0 4096 4.144065e-05 1.351911e-06 4.754811e-05 1.361839e-06 1.390713e-05 5.628249e-07 4.406221e-04 1.080616e-05 4.435391e-04 1.088834e-05
0 16384 9.828103e-06 3.197767e-07 1.133739e-05 3.220911e-07 2.805298e-06 1.187911e-07 1.094678e-04 2.679940e-06 1.102009e-04 2.700583e-06
# case 1 reference T 4.046458e+03 K x 3.199423e-01; each variant at 200000: 0.00e+00 0.00e+00 2.28e-06 1.59e-06 6.69e-06 1.83e-06 0.00e+00 0.00e+00 6.69e-06 1.83e-06
1 1 5.936662e-01 1.931891e-01 6.157367e-01 2.511765e-01 1.712763e+00 1.931891e-01 5.936662e-01 1.931891e-01 1.712763e+00 1.931891e-01
1 2 1.766643e-01 7.214703e-01 2.125837e-01 6.280586e-01 7.210439e-01 8.516015e-01 1.766643e-01 7.214703e-01 7.210439e-01 8.516015e-01
1 4 1.712369e-02 3.195036e-01 6.387204e-02 2.393332e-01 3.435776e-01 4.106051e-01 1.712369e-02 3.195036e-01 3.435776e-01 4.106051e-01
1 8 1.700047e-02 1.698205e-01 1.922338e-02 1.262369e-01 1.309332e-01 2.141433e-01 1.700047e-02 1.698205e-01 1.309332e-01 2.141433e-01
1 16 1.737119e-02 8.825980e-02 5.115488e-03 6.681107e-02 5.734125e-02 1.097023e-01 1.737119e-02 8.825980e-02 5.734125e-02 1.097023e-01
1 32 1.152292e-02 4.497619e-02 1.074574e-03 3.456301e-02 2.755642e-02 5.593615e-02 1.152292e-02 4.497619e-02 2.755642e-02 5.593615e-02
1 64 6.579992e-03 2.268414e-02 1.060803e-04 1.758912e-02 1.358575e-02 2.827260e-02 6.579992e-03 2.268414e-02 1.358575e-02 2.827260e-02
1 128 3.509938e-03 1.138552e-02 6.241615e-05 8.870500e-03 6.750812e-03 1.421052e-02 3.509938e-03 1.138552e-02 6.750812e-03 1.421052e-02
1 256 1.811269e-03 5.700449e-03 6.030623e-05 4.451661e-03 3.365994e-03 7.120893e-03 1.811269e-03 5.700449e-03 3.365994e-03 7.120893e-03
1 512 9.191230e-04 2.849348e-03 3.669716e-05 2.227210e-03 1.681516e-03 3.561575e-03 9.191230e-04 2.849348e-03 1.681516e-03 3.561575e-03
1 1024 4.620927e-04 1.421706e-03 1.912518e-05 1.111211e-03 8.412632e-04 1.778322e-03 4.620927e-04 1.421706e-03 8.412632e-04 1.778322e-03
1 2048 2.307978e-04 7.073675e-04 8.873061e-06 5.522648e-04 4.216435e-04 8.858014e-04 2.307978e-04 7.073675e-04 4.216435e-04 8.858014e-04
1 4096 1.144440e-04 3.500683e-04 3.371120e-06 2.725533e-04 2.119680e-04 4.393167e-04 1.144440e-04 3.500683e-04 2.119680e-04 4.393167e-04
1 16384 2.686018e-05 8.203560e-05 9.288082e-07 6.266368e-05 5.477876e-05 1.043536e-04 2.686018e-05 8.203560e-05 5.477876e-05 1.043536e-04
# case 2 reference T 4.420793e+01 K x 1.522209e-04; each variant at 200000: 0.00e+00 0.00e+00 2.78e-09 6.71e-10 2.50e-08 6.70e-10 0.00e+00 0.00e+00 2.50e-08 6.70e-10
2 1 1.393378e-01 1.000000e+00 1.393378e-01 1.000000e+00 1.914206e+00 1.000000e+00 1.393378e-01 1.000000e+00 1.914206e+00 1.000000e+00
2 2 8.974184e-01 4.089808e-02 8.984742e-01 3.639046e-02 1.260485e+00 4.121606e-02 8.974184e-01 4.089808e-02 1.260485e+00 4.121606e-02
2 4 1.071409e+01 3.745499e-02 1.749152e-01 6.122510e-01 2.190326e-01 4.973934e-02 1.071409e+01 3.745499e-02 2.190326e-01 4.973934e-02
2 8 1.787041e+00 4.719225e-02 4.529476e-01 4.958760e-02 3.837853e-01 4.828130e-01 1.787041e+00 4.719225e-02 3.837853e-01 4.828130e-01
2 16 1.020092e-02 4.908818e-02 2.192688e-03 4.999574e-02 4.564397e-01 3.070249e-01 1.020092e-02 4.908818e-02 4.564397e-01 3.070249e-01
2 32 1.372624e-01 4.944995e-02 1.852117e-01 5.009272e-02 3.553101e-01 5.009252e-02 1.372624e-01 4.944995e-02 3.553101e-01 5.009252e-02
2 64 4.028401e-04 1.072369e-04 4.099891e-04 1.087877e-04 3.480591e-04 1.087633e-04 4.028401e-04 1.072369e-04 3.480591e-04 1.087633e-04
2 128 2.093028e-04 5.454393e-05 2.132780e-04 5.545392e-05 1.762518e-04 5.544680e-05 2.093028e-04 5.454393e-05 1.762518e-04 5.544680e-05
2 256 1.065925e-04 2.748148e-05 1.086761e-04 2.797094e-05 8.859651e-05 2.796869e-05 1.065925e-04 2.748148e-05 8.859651e-05 2.796869e-05
2 512 5.373188e-05 1.377877e-05 5.479718e-05 1.403222e-05 4.435978e-05 1.403143e-05 5.373188e-05 1.377877e-05 4.435978e-05 1.403143e-05
2 1024 2.692298e-05 6.885463e-06 2.746143e-05 7.014378e-06 2.214260e-05 7.014060e-06 2.692298e-05 6.885463e-06 2.214260e-05 7.014060e-06
2 2048 1.342361e-05 3.428428e-06 1.369426e-05 3.493431e-06 1.100972e-05 3.493289e-06 1.342361e-05 3.428428e-06 1.100972e-05 3.493289e-06
2 4096 6.650152e-06 1.697325e-06 6.785823e-06 1.729960e-06 5.437256e-06 1.729894e-06 6.650152e-06 1.697325e-06 5.437256e-06 1.729894e-06
2 16384 1.559627e-06 3.978644e-07 1.593604e-06 4.060466e-07 1.255285e-06 4.060321e-07 1.559627e-06 3.978644e-07 1.255285e-06 4.060321e-07
