# case N then per variant (default, exact_map, exact_block, both) |dT/T| |dx/x| cpu[s]; reference: default, 200000 substeps
# case 0 reference T 7.438098e+03 K x 9.579997e-01; both-exact at 200000: dT/T -4.97e-07 dx/x -1.61e-08; cpu default 0.202 s, both 0.205 s
0 1 4.113524e+01 4.639450e-03 1.000e-06 4.051168e+01 3.698021e-02 1.000e-06 4.113524e+01 4.639450e-03 1.000e-06 4.051168e+01 3.698021e-02 1.000e-06
0 2 9.998656e-01 4.362819e-02 2.000e-06 9.998656e-01 4.364122e-02 2.000e-06 9.998656e-01 4.362819e-02 1.000e-06 9.998656e-01 4.364122e-02 2.000e-06
0 4 5.273114e+00 5.136416e-01 4.000e-06 8.343676e+00 4.616529e-01 4.000e-06 5.273114e+00 5.136416e-01 4.000e-06 8.343676e+00 4.616529e-01 4.000e-06
0 8 5.499755e-02 3.317288e-03 8.000e-06 9.261368e-02 4.012412e-03 9.000e-06 5.499755e-02 3.317288e-03 8.000e-06 9.261368e-02 4.012412e-03 8.000e-06
0 16 1.154400e-02 5.718653e-04 1.500e-05 1.390780e-02 5.321220e-04 1.600e-05 1.154400e-02 5.718653e-04 1.500e-05 1.390780e-02 5.321220e-04 1.700e-05
0 32 3.105688e-03 1.351846e-04 3.700e-05 1.949944e-03 7.498188e-05 3.400e-05 3.105688e-03 1.351846e-04 3.200e-05 1.949944e-03 7.498188e-05 3.300e-05
0 64 1.612648e-03 6.284557e-05 6.200e-05 9.758019e-04 3.504550e-05 6.500e-05 1.612648e-03 6.284557e-05 6.200e-05 9.758019e-04 3.504550e-05 6.500e-05
0 128 9.387178e-04 3.387554e-05 1.230e-04 5.434496e-04 1.858879e-05 1.290e-04 9.387178e-04 3.387554e-05 1.250e-04 5.434496e-04 1.858879e-05 1.300e-04
0 256 5.472091e-04 1.880123e-05 2.460e-04 2.908820e-04 9.700913e-06 2.690e-04 5.472091e-04 1.880123e-05 2.590e-04 2.908820e-04 9.700913e-06 2.630e-04
0 512 3.034905e-04 1.014712e-05 4.940e-04 1.498905e-04 4.936001e-06 5.280e-04 3.034905e-04 1.014712e-05 5.220e-04 1.498905e-04 4.936001e-06 5.150e-04
0 1024 1.606163e-04 5.295389e-06 9.840e-04 7.522330e-05 2.461143e-06 1.039e-03 1.606163e-04 5.295389e-06 9.970e-04 7.522330e-05 2.461143e-06 1.049e-03
0 2048 8.242561e-05 2.698434e-06 2.023e-03 3.705171e-05 1.208296e-06 2.086e-03 8.242561e-05 2.698434e-06 2.056e-03 3.705171e-05 1.208296e-06 2.081e-03
0 4096 4.144065e-05 1.351911e-06 3.980e-03 1.798667e-05 5.856589e-07 4.177e-03 4.144065e-05 1.351911e-06 4.090e-03 1.798667e-05 5.856589e-07 4.183e-03
0 16384 9.828103e-06 3.197767e-07 1.605e-02 3.811557e-06 1.239724e-07 1.684e-02 9.828103e-06 3.197767e-07 1.621e-02 3.811557e-06 1.239724e-07 1.686e-02
# case 1 reference T 4.046458e+03 K x 3.199423e-01; both-exact at 200000: dT/T 3.44e-06 dx/x -5.75e-06; cpu default 0.200 s, both 0.213 s
1 1 5.936662e-01 1.931891e-01 1.000e-06 8.688627e-01 8.183321e-01 2.000e-06 5.936662e-01 1.931891e-01 1.000e-06 8.688627e-01 8.183321e-01 1.000e-06
1 2 1.766643e-01 7.214703e-01 2.000e-06 3.044143e-01 8.021486e-01 2.000e-06 1.766643e-01 7.214703e-01 2.000e-06 3.044143e-01 8.021486e-01 2.000e-06
1 4 1.712369e-02 3.195036e-01 4.000e-06 1.299358e-01 1.894338e-01 4.000e-06 1.712369e-02 3.195036e-01 4.000e-06 1.299358e-01 1.894338e-01 4.000e-06
1 8 1.700047e-02 1.698205e-01 8.000e-06 6.189168e-02 8.245337e-02 8.000e-06 1.700047e-02 1.698205e-01 8.000e-06 6.189168e-02 8.245337e-02 9.000e-06
1 16 1.737119e-02 8.825980e-02 1.700e-05 2.835474e-02 4.066744e-02 1.700e-05 1.737119e-02 8.825980e-02 1.600e-05 2.835474e-02 4.066744e-02 1.700e-05
1 32 1.152292e-02 4.497619e-02 3.300e-05 1.299059e-02 2.024572e-02 3.400e-05 1.152292e-02 4.497619e-02 3.300e-05 1.299059e-02 2.024572e-02 3.500e-05
1 64 6.579992e-03 2.268414e-02 6.600e-05 6.099882e-03 1.002669e-02 6.900e-05 6.579992e-03 2.268414e-02 6.700e-05 6.099882e-03 1.002669e-02 6.900e-05
1 128 3.509938e-03 1.138552e-02 1.310e-04 2.921168e-03 4.923460e-03 1.380e-04 3.509938e-03 1.138552e-02 1.340e-04 2.921168e-03 4.923460e-03 1.380e-04
1 256 1.811269e-03 5.700449e-03 2.630e-04 1.407485e-03 2.376149e-03 2.850e-04 1.811269e-03 5.700449e-03 2.690e-04 1.407485e-03 2.376149e-03 2.640e-04
1 512 9.191230e-04 2.849348e-03 5.060e-04 6.706246e-04 1.104341e-03 5.410e-04 9.191230e-04 2.849348e-03 5.260e-04 6.706246e-04 1.104341e-03 5.430e-04
1 1024 4.620927e-04 1.421706e-03 1.054e-03 3.076727e-04 4.791150e-04 1.108e-03 4.620927e-04 1.421706e-03 1.065e-03 3.076727e-04 4.791150e-04 1.102e-03
1 2048 2.307978e-04 7.073675e-04 2.102e-03 1.359744e-04 1.985978e-04 2.204e-03 2.307978e-04 7.073675e-04 2.134e-03 1.359744e-04 1.985978e-04 2.196e-03
1 4096 1.144440e-04 3.500683e-04 4.237e-03 6.180232e-05 8.309541e-05 4.394e-03 1.144440e-04 3.500683e-04 4.262e-03 6.180232e-05 8.309541e-05 4.400e-03
1 16384 2.686018e-05 8.203560e-05 1.682e-02 1.564129e-05 1.270038e-05 1.750e-02 2.686018e-05 8.203560e-05 1.685e-02 1.564129e-05 1.270038e-05 1.744e-02
# case 2 reference T 4.420793e+01 K x 1.522209e-04; both-exact at 200000: dT/T 1.07e-07 dx/x 2.45e-08; cpu default 0.202 s, both 0.211 s
2 1 1.393378e-01 1.000000e+00 2.000e-06 1.393377e-01 1.000000e+00 2.000e-06 1.393378e-01 1.000000e+00 1.000e-06 1.393377e-01 1.000000e+00 1.000e-06
2 2 8.974184e-01 4.089808e-02 2.000e-06 8.975158e-01 4.088448e-02 2.000e-06 8.973497e-01 4.140440e-02 2.000e-06 8.974447e-01 4.139088e-02 2.000e-06
2 4 1.071409e+01 3.745499e-02 5.000e-06 1.071238e+01 3.742573e-02 6.000e-06 1.070260e+01 3.732110e-02 5.000e-06 1.070044e+01 3.729152e-02 5.000e-06
2 8 1.787041e+00 4.719225e-02 9.000e-06 2.110313e+00 4.674689e-02 9.000e-06 1.037573e+00 6.418321e-01 8.000e-06 1.025579e+00 6.412454e-01 9.000e-06
2 16 1.020095e-02 4.908818e-02 1.700e-05 1.690197e-01 4.890009e-02 1.800e-05 5.966478e-01 3.734336e-01 1.700e-05 5.250878e-01 3.734210e-01 1.800e-05
2 32 1.372624e-01 4.944995e-02 3.300e-05 1.381420e-01 4.945096e-02 3.400e-05 1.056112e-01 4.935653e-02 3.400e-05 1.837971e-01 4.945647e-02 3.500e-05
2 64 4.028401e-04 1.072369e-04 7.100e-05 4.365625e-04 1.148258e-04 6.800e-05 4.092980e-04 1.086089e-04 6.600e-05 4.429140e-04 1.161692e-04 7.000e-05
2 128 2.093028e-04 5.454393e-05 1.300e-04 2.397438e-04 6.148413e-05 1.360e-04 2.127630e-04 5.531516e-05 1.310e-04 2.431503e-04 6.224342e-05 1.360e-04
2 256 1.065925e-04 2.748148e-05 2.590e-04 1.313744e-04 3.318159e-05 2.780e-04 1.083736e-04 2.788820e-05 2.620e-04 1.331333e-04 3.358328e-05 2.740e-04
2 512 5.373188e-05 1.377877e-05 5.180e-04 7.028216e-05 1.760776e-05 5.430e-04 5.462953e-05 1.398585e-05 5.420e-04 7.117240e-05 1.781313e-05 5.450e-04
2 1024 2.692298e-05 6.885463e-06 1.014e-03 3.669848e-05 9.152736e-06 1.052e-03 2.736791e-05 6.988257e-06 1.025e-03 3.714129e-05 9.255042e-06 1.088e-03
2 2048 1.342361e-05 3.428428e-06 2.080e-03 1.898473e-05 4.717889e-06 2.179e-03 1.363944e-05 3.477956e-06 2.110e-03 1.919999e-05 4.767286e-06 2.178e-03
2 4096 6.650152e-06 1.697325e-06 4.183e-03 9.820352e-06 2.431202e-06 4.362e-03 6.750744e-06 1.719938e-06 4.188e-03 9.920798e-06 2.453782e-06 4.405e-03
2 16384 1.559627e-06 3.978644e-07 1.663e-02 2.615370e-06 6.418632e-07 1.740e-02 1.574444e-06 4.004504e-07 1.676e-02 2.630181e-06 6.444480e-07 1.757e-02
