# case N then per variant (H2 last = default, H2 first) |dT/T| |dy/y|; reference: default, 200000 substeps
# case 0 reference T 7.438098e+03 K y 9.579997e-01; H2-first at 200000: dT/T 4.88e-08 dy/y 1.41e-09
0 1 4.113524e+01 4.639450e-03 4.113524e+01 4.639557e-03
0 2 9.998656e-01 4.362819e-02 9.998656e-01 4.362809e-02
0 4 5.273114e+00 5.136416e-01 5.273401e+00 5.135757e-01
0 8 5.499755e-02 3.317288e-03 5.509525e-02 3.319822e-03
0 16 1.154400e-02 5.718653e-04 1.167907e-02 5.758780e-04
0 32 3.105688e-03 1.351846e-04 3.272439e-03 1.401699e-04
0 64 1.612648e-03 6.284557e-05 1.720280e-03 6.602949e-05
0 128 9.387178e-04 3.387554e-05 1.000482e-03 3.568492e-05
0 256 5.472091e-04 1.880123e-05 5.810216e-04 1.978528e-05
0 512 3.034905e-04 1.014712e-05 3.213624e-04 1.066526e-05
0 1024 1.606163e-04 5.295389e-06 1.698356e-04 5.562123e-06
0 4096 4.144065e-05 1.351911e-06 4.380422e-05 1.420183e-06
0 16384 9.828103e-06 3.197767e-07 1.042288e-05 3.369499e-07
# case 1 reference T 4.046458e+03 K y 3.199423e-01; H2-first at 200000: dT/T 6.74e-09 dy/y 8.20e-10
1 1 5.936662e-01 1.931891e-01 5.936663e-01 1.931891e-01
1 2 1.766643e-01 7.214703e-01 1.766339e-01 7.214696e-01
1 4 1.712369e-02 3.195036e-01 1.732136e-02 3.195165e-01
1 8 1.700047e-02 1.698205e-01 1.688127e-02 1.698332e-01
1 16 1.737119e-02 8.825980e-02 1.730134e-02 8.826786e-02
1 32 1.152292e-02 4.497619e-02 1.148446e-02 4.498079e-02
1 64 6.579992e-03 2.268414e-02 6.559824e-03 2.268658e-02
1 128 3.509938e-03 1.138552e-02 3.499623e-03 1.138677e-02
1 256 1.811269e-03 5.700449e-03 1.806055e-03 5.701083e-03
1 512 9.191230e-04 2.849348e-03 9.165020e-04 2.849666e-03
1 1024 4.620927e-04 1.421706e-03 4.607788e-04 1.421866e-03
1 4096 1.144440e-04 3.500683e-04 1.141149e-04 3.501083e-04
1 16384 2.686018e-05 8.203560e-05 2.677786e-05 8.204561e-05
# case 2 reference T 4.420793e+01 K y 1.522209e-04; H2-first at 200000: dT/T 3.07e-08 dy/y 6.90e-09
2 1 1.393378e-01 1.000000e+00 1.393379e-01 9.999999e-01
2 2 8.974184e-01 4.089808e-02 8.990522e-01 4.085247e-02
2 4 1.071409e+01 3.745499e-02 1.071312e+01 3.175121e-02
2 8 1.787041e+00 4.719225e-02 1.029955e+00 4.871109e-01
2 16 1.020095e-02 4.908818e-02 6.797908e-01 2.980564e-01
2 32 1.372624e-01 4.944995e-02 1.731006e-01 4.950227e-02
2 64 4.028401e-04 1.072369e-04 4.844955e-04 1.234984e-04
2 128 2.093028e-04 5.454393e-05 2.536556e-04 6.395299e-05
2 256 1.065925e-04 2.748148e-05 1.296550e-04 3.252221e-05
2 512 5.373188e-05 1.377877e-05 6.548515e-05 1.638525e-05
2 1024 2.692298e-05 6.885463e-06 3.285517e-05 8.210485e-06
2 4096 6.650152e-06 1.697325e-06 8.143630e-06 2.032696e-06
2 16384 1.559627e-06 3.978644e-07 1.933648e-06 4.819653e-07
# case 3 reference T 7.153105e+02 K y 8.613342e-02; H2-first at 200000: dT/T -2.18e-09 dy/y 7.61e-11
3 1 2.261658e+00 1.103900e+00 2.261661e+00 1.103908e+00
3 2 3.247740e-01 6.433427e-01 3.247768e-01 6.433809e-01
3 4 1.225492e-02 3.511409e-01 1.230231e-02 3.511500e-01
3 8 1.257314e-02 1.840100e-01 1.261674e-02 1.840130e-01
3 16 6.505196e-03 9.426036e-02 6.530239e-03 9.426155e-02
3 32 3.325449e-03 4.771011e-02 3.338589e-03 4.771064e-02
3 64 1.695456e-03 2.399951e-02 1.702160e-03 2.399976e-02
3 128 8.583379e-04 1.203327e-02 8.617203e-04 1.203339e-02
3 256 4.320039e-04 6.022149e-03 4.337026e-04 6.022210e-03
3 512 2.165421e-04 3.009559e-03 2.173933e-04 3.009589e-03
3 1024 1.082087e-04 1.501503e-03 1.086348e-04 1.501517e-03
3 4096 2.667408e-05 3.696882e-04 2.678067e-05 3.696920e-04
3 16384 6.252936e-06 8.663126e-05 6.279589e-06 8.663219e-05
