# case N then per variant (default, H+/H2 block) |dT/T| |dx_H+/x_H+| |dx_H2/x_H2| |dx_CO/x_CO|; reference: default, 200000 substeps
# case 0 reference T 7.43810e+03 H+ 9.58000e-01 H2 1.23618e-06 CO 1.12522e-16; block at 200000: dT 6.6e-08 dH+ 1.9e-09 dH2 1.1e-04 dCO 3.5e-04
0 1 4.1135e+01 4.6395e-03 5.2117e-01 1.0000e+00 4.1135e+01 4.6393e-03 9.4266e-01 9.9629e-01
0 2 9.9987e-01 4.3628e-02 6.4590e-01 4.3737e+00 9.9987e-01 4.3632e-02 9.9893e-01 9.9846e-01
0 4 5.2731e+00 5.1364e-01 6.7984e-01 1.7127e+00 5.2734e+00 5.1358e-01 1.6678e+00 9.9191e-01
0 8 5.4998e-02 3.3173e-03 4.8926e-01 7.0168e-01 5.5097e-02 3.3196e-03 6.9758e-01 9.5173e-01
0 16 1.1544e-02 5.7187e-04 2.1178e-01 4.3379e-01 1.1693e-02 5.7620e-04 5.2532e-01 8.6090e-01
0 32 3.1057e-03 1.3518e-04 6.2678e-02 1.5360e-01 3.2930e-03 1.4075e-04 3.1664e-01 6.5484e-01
0 64 1.6126e-03 6.2846e-05 4.8116e-02 1.2597e-01 1.7390e-03 6.6570e-05 1.9012e-01 4.6705e-01
0 128 9.3872e-04 3.3876e-05 2.3875e-02 6.3923e-02 1.0146e-03 3.6096e-05 1.1061e-01 3.0852e-01
0 256 5.4721e-04 1.8801e-05 1.1458e-02 3.1130e-02 5.9036e-04 2.0056e-05 6.1721e-02 1.8746e-01
0 1024 1.6062e-04 5.2954e-06 2.7292e-03 7.5219e-03 1.7287e-04 5.6502e-06 1.7213e-02 5.6666e-02
0 4096 4.1441e-05 1.3519e-06 6.6329e-04 1.8358e-03 4.4623e-05 1.4439e-06 4.4542e-03 1.5005e-02
0 16384 9.8281e-06 3.1978e-07 1.5491e-04 4.2922e-04 1.0632e-05 3.4300e-07 1.1333e-03 3.8347e-03
# case 1 reference T 4.04646e+03 H+ 3.19942e-01 H2 1.93827e-05 CO 1.33634e-14; block at 200000: dT 8.3e-08 dH+ 1.8e-08 dH2 3.8e-06 dCO 1.8e-05
1 1 5.9367e-01 1.9319e-01 9.8881e-01 1.0000e+00 5.9370e-01 1.9319e-01 2.8307e-01 9.9969e-01
1 2 1.7666e-01 7.2147e-01 3.6459e-01 9.9988e-01 1.7085e-01 7.2141e-01 3.1537e-01 2.3129e-01
1 4 1.7124e-02 3.1950e-01 3.2077e-01 7.8155e-01 1.4414e-02 3.1904e-01 1.8684e-01 4.2897e-01
1 8 1.7000e-02 1.6982e-01 1.8826e-01 5.5783e-01 1.8579e-02 1.6948e-01 1.0937e-01 2.9708e-01
1 16 1.7371e-02 8.8260e-02 1.0301e-01 3.4643e-01 1.8255e-02 8.8060e-02 6.0037e-02 1.7879e-01
1 32 1.1523e-02 4.4976e-02 5.4067e-02 1.9567e-01 1.1998e-02 4.4870e-02 3.1578e-02 9.9011e-02
1 64 6.5800e-03 2.2684e-02 2.7707e-02 1.0433e-01 6.8279e-03 2.2629e-02 1.6199e-02 5.2208e-02
1 128 3.5099e-03 1.1386e-02 1.4022e-02 5.3894e-02 3.6369e-03 1.1358e-02 8.2002e-03 2.6808e-02
1 256 1.8113e-03 5.7004e-03 7.0499e-03 2.7383e-02 1.8755e-03 5.6864e-03 4.1221e-03 1.3572e-02
1 1024 4.6209e-04 1.4217e-03 1.7639e-03 6.9057e-03 4.7831e-04 1.4182e-03 1.0287e-03 3.4017e-03
1 4096 1.1444e-04 3.5007e-04 4.3467e-04 1.7052e-03 1.1851e-04 3.4918e-04 2.5068e-04 8.2593e-04
1 16384 2.6860e-05 8.2036e-05 1.0188e-04 3.9988e-04 2.7877e-05 8.1815e-05 5.5873e-05 1.7986e-04
# case 2 reference T 4.42079e+01 H+ 5.39868e-08 H2 4.93740e-01 CO 1.52221e-04; block at 200000: dT 2.9e-07 dH+ 2.6e-05 dH2 5.8e-07 dCO 8.4e-08
2 1 1.3934e-01 6.5907e+00 1.2679e-02 1.0000e+00 2.4138e-01 7.5659e+00 1.5078e-01 1.0000e+00
2 2 8.9742e-01 2.3022e-01 2.0888e-03 4.0898e-02 7.8728e-01 4.7222e+00 6.7616e-02 3.8865e-01
2 4 1.0714e+01 3.0523e-01 1.2670e-02 3.7455e-02 1.1067e+01 1.3835e+00 2.7289e-02 5.8079e-01
2 8 1.7870e+00 1.2509e-01 8.3690e-03 4.7192e-02 1.5254e-01 7.2412e-01 1.0756e-02 4.9599e-02
2 16 1.0201e-02 4.9238e-02 4.4457e-03 4.9088e-02 1.5497e-02 3.3564e-01 4.5185e-03 4.9255e-02
2 32 1.3726e-01 2.2397e-02 2.0854e-03 4.9450e-02 2.9311e-01 1.0359e-01 2.0134e-03 1.6339e-01
2 64 4.0284e-04 3.0450e-02 8.2015e-04 1.0724e-04 4.7556e-04 5.5095e-02 9.8626e-04 1.6362e-04
2 128 2.0930e-04 1.5311e-02 4.2361e-04 5.4544e-05 2.3370e-04 2.6713e-02 4.7839e-04 7.9092e-05
2 256 1.0659e-04 7.6707e-03 2.1507e-04 2.7481e-05 1.1586e-04 1.3150e-02 2.3558e-04 3.8883e-05
2 1024 2.6923e-05 1.9138e-03 5.4192e-05 6.8855e-06 2.8866e-05 3.2552e-03 5.8400e-05 9.6200e-06
2 4096 6.6502e-06 4.7126e-04 1.3378e-05 1.6973e-06 7.3080e-06 8.1868e-04 1.4766e-05 2.4237e-06
2 16384 1.5596e-06 1.1044e-04 3.1370e-06 3.9786e-07 1.9306e-06 2.1191e-04 3.8986e-06 6.3205e-07
# case 3 reference T 7.15311e+02 H+ 7.93691e-05 H2 8.61334e-02 CO 8.28765e-08; block at 200000: dT 8.7e-09 dH+ 2.9e-06 dH2 1.6e-09 dCO 4.0e-06
3 1 2.2617e+00 4.7192e-02 1.1039e+00 3.1260e-01 2.2617e+00 1.2240e-01 1.1042e+00 2.6464e-01
3 2 3.2477e-01 1.5171e-01 6.4334e-01 5.7288e-01 3.2472e-01 9.3275e-02 6.4353e-01 2.0090e-01
3 4 1.2255e-02 5.0736e-02 3.5114e-01 7.5600e-01 1.2430e-02 4.3326e-02 3.5123e-01 5.3688e-01
3 8 1.2573e-02 2.3248e-02 1.8401e-01 4.4412e-01 1.2728e-02 3.6900e-02 1.8405e-01 3.3858e-01
3 16 6.5052e-03 1.1366e-02 9.4260e-02 2.3615e-01 6.5983e-03 2.1938e-02 9.4281e-02 1.8425e-01
3 32 3.3254e-03 5.6381e-03 4.7710e-02 1.2097e-01 3.3758e-03 1.1820e-02 4.7720e-02 9.5490e-02
3 64 1.6955e-03 2.7862e-03 2.4000e-02 6.1083e-02 1.7216e-03 6.1453e-03 2.4005e-02 4.8511e-02
3 128 8.5834e-04 1.3797e-03 1.2033e-02 3.0668e-02 8.7164e-04 3.1371e-03 1.2036e-02 2.4431e-02
3 256 4.3200e-04 6.8555e-04 6.0221e-03 1.5356e-02 4.3872e-04 1.5857e-03 6.0234e-03 1.2251e-02
3 1024 1.0821e-04 1.6995e-04 1.5015e-03 3.8300e-03 1.0990e-04 4.0028e-04 1.5018e-03 3.0562e-03
3 4096 2.6674e-05 4.1781e-05 3.6969e-04 9.4306e-04 2.7097e-05 1.0093e-04 3.6977e-04 7.4978e-04
3 16384 6.2529e-06 9.7869e-06 8.6631e-05 2.2100e-04 6.3587e-06 2.5900e-05 8.6651e-05 1.7269e-04
# case 4 reference T 6.99141e+03 H+ 9.56258e-01 H2 9.28369e-05 CO 1.19406e-09; block at 200000: dT 3.6e-06 dH+ 1.1e-07 dH2 7.0e-05 dCO 1.7e-05
4 1 6.9722e+01 9.9990e-01 1.2298e+03 1.2344e+03 5.1632e+01 5.1434e-01 5.9031e+02 1.0530e+03
4 2 9.9986e-01 9.3567e-01 4.6457e+02 2.0584e+03 9.9986e-01 5.6807e-01 2.0688e+02 1.4031e+03
4 4 9.9986e-01 8.0656e-01 2.8333e+02 2.4572e+03 8.1387e+00 5.9270e-01 2.6560e+02 1.2764e+03
4 8 2.0517e-01 4.3632e-03 1.3923e+01 5.1334e+02 3.1787e-01 7.9222e-03 5.8714e+00 3.0690e+02
4 16 2.3169e-01 1.0255e-02 9.4209e+00 9.1224e+01 2.0042e-01 8.2749e-03 7.4232e+00 1.0715e+02
4 32 1.3077e-01 4.9374e-03 4.1290e+00 4.9381e+01 1.0784e-01 3.9511e-03 3.2576e+00 5.6842e+01
4 64 6.4423e-02 2.2215e-03 1.7589e+00 3.1988e+01 5.3173e-02 1.8112e-03 1.4400e+00 4.3143e+01
4 128 3.1415e-02 1.0367e-03 7.9500e-01 2.3650e+01 2.4793e-02 8.1566e-04 6.4148e-01 2.2523e+01
4 256 1.5276e-02 4.9353e-04 3.7226e-01 8.5478e+00 1.2241e-02 3.9601e-04 3.0746e-01 8.5735e+00
4 1024 3.6808e-03 1.1716e-04 8.7424e-02 6.8769e-01 2.9634e-03 9.4764e-05 7.3175e-02 6.8651e-01
4 4096 8.9781e-04 2.8474e-05 2.1191e-02 8.2700e-02 7.2143e-04 2.3008e-05 1.7754e-02 8.3090e-02
4 16384 2.0996e-04 6.6531e-06 4.9474e-03 1.6320e-02 1.6606e-04 5.2950e-06 4.0962e-03 1.6504e-02
