# k t_code i j J_ij; species order: He+ OHx CHx CO C+ HCO+ H2 H+ H3+ H2+ O+ Si+
# t_end_code 3.000000e+00 myr_per_code 9.777922e-01
0 1.875000e-01 0 0 -2.23468345e+03
0 1.875000e-01 0 1 -1.72791176e+02
0 1.875000e-01 0 2 0.00000000e+00
0 1.875000e-01 0 3 -1.50142561e+01
0 1.875000e-01 0 4 0.00000000e+00
0 1.875000e-01 0 5 0.00000000e+00
0 1.875000e-01 0 6 -2.53549999e-04
0 1.875000e-01 0 7 0.00000000e+00
0 1.875000e-01 0 8 0.00000000e+00
0 1.875000e-01 0 9 0.00000000e+00
0 1.875000e-01 0 10 0.00000000e+00
0 1.875000e-01 0 11 0.00000000e+00
0 1.875000e-01 1 0 -6.43420584e+01
0 1.875000e-01 1 1 -2.14521243e+03
0 1.875000e-01 1 2 0.00000000e+00
0 1.875000e-01 1 3 0.00000000e+00
0 1.875000e-01 1 4 -4.36096173e+01
0 1.875000e-01 1 5 0.00000000e+00
0 1.875000e-01 1 6 6.00579745e-05
0 1.875000e-01 1 7 0.00000000e+00
0 1.875000e-01 1 8 1.14868915e+04
0 1.875000e-01 1 9 0.00000000e+00
0 1.875000e-01 1 10 6.94651926e+06
0 1.875000e-01 1 11 0.00000000e+00
0 1.875000e-01 2 0 0.00000000e+00
0 1.875000e-01 2 1 0.00000000e+00
0 1.875000e-01 2 2 -1.17426832e+06
0 1.875000e-01 2 3 0.00000000e+00
0 1.875000e-01 2 4 6.12696776e+00
0 1.875000e-01 2 5 0.00000000e+00
0 1.875000e-01 2 6 7.49355154e-07
0 1.875000e-01 2 7 0.00000000e+00
0 1.875000e-01 2 8 9.31982706e+03
0 1.875000e-01 2 9 0.00000000e+00
0 1.875000e-01 2 10 0.00000000e+00
0 1.875000e-01 2 11 0.00000000e+00
0 1.875000e-01 3 0 -3.26860092e+02
0 1.875000e-01 3 1 1.62719444e+03
0 1.875000e-01 3 2 6.76646941e+02
0 1.875000e-01 3 3 -1.62949545e+01
0 1.875000e-01 3 4 0.00000000e+00
0 1.875000e-01 3 5 1.59535026e+05
0 1.875000e-01 3 6 0.00000000e+00
0 1.875000e-01 3 7 0.00000000e+00
0 1.875000e-01 3 8 -3.47288848e+02
0 1.875000e-01 3 9 0.00000000e+00
0 1.875000e-01 3 10 0.00000000e+00
0 1.875000e-01 3 11 0.00000000e+00
0 1.875000e-01 4 0 3.26860092e+02
0 1.875000e-01 4 1 -6.90334435e+00
0 1.875000e-01 4 2 0.00000000e+00
0 1.875000e-01 4 3 1.50142561e+01
0 1.875000e-01 4 4 -1.37884258e+04
0 1.875000e-01 4 5 0.00000000e+00
0 1.875000e-01 4 6 -1.07050751e-06
0 1.875000e-01 4 7 0.00000000e+00
0 1.875000e-01 4 8 0.00000000e+00
0 1.875000e-01 4 9 0.00000000e+00
0 1.875000e-01 4 10 0.00000000e+00
0 1.875000e-01 4 11 0.00000000e+00
0 1.875000e-01 5 0 0.00000000e+00
0 1.875000e-01 5 1 6.90334436e+00
0 1.875000e-01 5 2 0.00000000e+00
0 1.875000e-01 5 3 1.11426515e+00
0 1.875000e-01 5 4 4.36096173e+01
0 1.875000e-01 5 5 -1.59535026e+05
0 1.875000e-01 5 6 0.00000000e+00
0 1.875000e-01 5 7 0.00000000e+00
0 1.875000e-01 5 8 3.47288848e+02
0 1.875000e-01 5 9 0.00000000e+00
0 1.875000e-01 5 10 0.00000000e+00
0 1.875000e-01 5 11 0.00000000e+00
0 1.875000e-01 6 0 -1.22200216e+02
0 1.875000e-01 6 1 0.00000000e+00
0 1.875000e-01 6 2 1.17359167e+06
0 1.875000e-01 6 3 1.07403263e+00
0 1.875000e-01 6 4 -8.75274882e+00
0 1.875000e-01 6 5 0.00000000e+00
0 1.875000e-01 6 6 -2.42773531e-02
0 1.875000e-01 6 7 0.00000000e+00
0 1.875000e-01 6 8 3.08549347e+04
0 1.875000e-01 6 9 5.12106552e+06
0 1.875000e-01 6 10 -7.23622966e+06
0 1.875000e-01 6 11 0.00000000e+00
0 1.875000e-01 7 0 8.96372274e+01
0 1.875000e-01 7 1 0.00000000e+00
0 1.875000e-01 7 2 0.00000000e+00
0 1.875000e-01 7 3 0.00000000e+00
0 1.875000e-01 7 4 0.00000000e+00
0 1.875000e-01 7 5 0.00000000e+00
0 1.875000e-01 7 6 1.85985842e-04
0 1.875000e-01 7 7 -3.78186660e+03
0 1.875000e-01 7 8 0.00000000e+00
0 1.875000e-01 7 9 1.39593093e+07
0 1.875000e-01 7 10 8.20316057e+06
0 1.875000e-01 7 11 0.00000000e+00
0 1.875000e-01 8 0 0.00000000e+00
0 1.875000e-01 8 1 0.00000000e+00
0 1.875000e-01 8 2 0.00000000e+00
0 1.875000e-01 8 3 -1.07402792e+00
0 1.875000e-01 8 4 0.00000000e+00
0 1.875000e-01 8 5 0.00000000e+00
0 1.875000e-01 8 6 6.71248563e-03
0 1.875000e-01 8 7 0.00000000e+00
0 1.875000e-01 8 8 -4.80392759e+04
0 1.875000e-01 8 9 8.83824377e+06
0 1.875000e-01 8 10 0.00000000e+00
0 1.875000e-01 8 11 0.00000000e+00
0 1.875000e-01 9 0 3.25630334e+01
0 1.875000e-01 9 1 0.00000000e+00
0 1.875000e-01 9 2 0.00000000e+00
0 1.875000e-01 9 3 0.00000000e+00
0 1.875000e-01 9 4 0.00000000e+00
0 1.875000e-01 9 5 0.00000000e+00
0 1.875000e-01 9 6 1.06027630e-02
0 1.875000e-01 9 7 0.00000000e+00
0 1.875000e-01 9 8 0.00000000e+00
0 1.875000e-01 9 9 -2.27975531e+07
0 1.875000e-01 9 10 0.00000000e+00
0 1.875000e-01 9 11 0.00000000e+00
0 1.875000e-01 10 0 6.43420584e+01
0 1.875000e-01 10 1 1.72791176e+02
0 1.875000e-01 10 2 0.00000000e+00
0 1.875000e-01 10 3 0.00000000e+00
0 1.875000e-01 10 4 0.00000000e+00
0 1.875000e-01 10 5 0.00000000e+00
0 1.875000e-01 10 6 -6.25627425e-05
0 1.875000e-01 10 7 3.39784653e-05
0 1.875000e-01 10 8 0.00000000e+00
0 1.875000e-01 10 9 0.00000000e+00
0 1.875000e-01 10 10 -1.54393902e+07
0 1.875000e-01 10 11 0.00000000e+00
0 1.875000e-01 11 0 0.00000000e+00
0 1.875000e-01 11 1 0.00000000e+00
0 1.875000e-01 11 2 0.00000000e+00
0 1.875000e-01 11 3 0.00000000e+00
0 1.875000e-01 11 4 0.00000000e+00
0 1.875000e-01 11 5 0.00000000e+00
0 1.875000e-01 11 6 0.00000000e+00
0 1.875000e-01 11 7 0.00000000e+00
0 1.875000e-01 11 8 0.00000000e+00
0 1.875000e-01 11 9 0.00000000e+00
0 1.875000e-01 11 10 0.00000000e+00
0 1.875000e-01 11 11 -6.70667731e+02
1 3.750000e-01 0 0 -3.83800348e+03
1 3.750000e-01 0 1 -9.91354941e+01
1 3.750000e-01 0 2 0.00000000e+00
1 3.750000e-01 0 3 -8.74007237e+00
1 3.750000e-01 0 4 0.00000000e+00
1 3.750000e-01 0 5 0.00000000e+00
1 3.750000e-01 0 6 -1.53765728e-04
1 3.750000e-01 0 7 0.00000000e+00
1 3.750000e-01 0 8 0.00000000e+00
1 3.750000e-01 0 9 0.00000000e+00
1 3.750000e-01 0 10 0.00000000e+00
1 3.750000e-01 0 11 0.00000000e+00
1 3.750000e-01 1 0 -2.17863736e+02
1 3.750000e-01 1 1 -1.74290869e+03
1 3.750000e-01 1 2 0.00000000e+00
1 3.750000e-01 1 3 0.00000000e+00
1 3.750000e-01 1 4 -1.47663199e+02
1 3.750000e-01 1 5 0.00000000e+00
1 3.750000e-01 1 6 1.03174970e-04
1 3.750000e-01 1 7 0.00000000e+00
1 3.750000e-01 1 8 1.06461221e+04
1 3.750000e-01 1 9 0.00000000e+00
1 3.750000e-01 1 10 1.21127094e+07
1 3.750000e-01 1 11 0.00000000e+00
1 3.750000e-01 2 0 0.00000000e+00
1 3.750000e-01 2 1 0.00000000e+00
1 3.750000e-01 2 2 -8.37689516e+05
1 3.750000e-01 2 3 0.00000000e+00
1 3.750000e-01 2 4 1.06266371e+01
1 3.750000e-01 2 5 0.00000000e+00
1 3.750000e-01 2 6 1.54128424e-06
1 3.750000e-01 2 7 0.00000000e+00
1 3.750000e-01 2 8 7.60936871e+03
1 3.750000e-01 2 9 0.00000000e+00
1 3.750000e-01 2 10 0.00000000e+00
1 3.750000e-01 2 11 0.00000000e+00
1 3.750000e-01 3 0 -1.68227103e+03
1 3.750000e-01 3 1 1.32164123e+03
1 3.750000e-01 3 2 6.16750005e+02
1 3.750000e-01 3 3 -1.22879167e+01
1 3.750000e-01 3 4 0.00000000e+00
1 3.750000e-01 3 5 1.20629711e+05
1 3.750000e-01 3 6 0.00000000e+00
1 3.750000e-01 3 7 0.00000000e+00
1 3.750000e-01 3 8 -1.78741297e+03
1 3.750000e-01 3 9 0.00000000e+00
1 3.750000e-01 3 10 0.00000000e+00
1 3.750000e-01 3 11 0.00000000e+00
1 3.750000e-01 4 0 1.68227103e+03
1 3.750000e-01 4 1 -1.37569615e+01
1 3.750000e-01 4 2 0.00000000e+00
1 3.750000e-01 4 3 8.74007237e+00
1 3.750000e-01 4 4 -1.38671942e+04
1 3.750000e-01 4 5 0.00000000e+00
1 3.750000e-01 4 6 -2.20183441e-06
1 3.750000e-01 4 7 0.00000000e+00
1 3.750000e-01 4 8 0.00000000e+00
1 3.750000e-01 4 9 0.00000000e+00
1 3.750000e-01 4 10 0.00000000e+00
1 3.750000e-01 4 11 0.00000000e+00
1 3.750000e-01 5 0 0.00000000e+00
1 3.750000e-01 5 1 1.37569615e+01
1 3.750000e-01 5 2 0.00000000e+00
1 3.750000e-01 5 3 3.26407726e+00
1 3.750000e-01 5 4 1.47663199e+02
1 3.750000e-01 5 5 -1.20629711e+05
1 3.750000e-01 5 6 0.00000000e+00
1 3.750000e-01 5 7 0.00000000e+00
1 3.750000e-01 5 8 1.78741297e+03
1 3.750000e-01 5 9 0.00000000e+00
1 3.750000e-01 5 10 0.00000000e+00
1 3.750000e-01 5 11 0.00000000e+00
1 3.750000e-01 6 0 -2.17059424e+02
1 3.750000e-01 6 1 0.00000000e+00
1 3.750000e-01 6 2 8.37072766e+05
1 3.750000e-01 6 3 3.22384002e+00
1 3.750000e-01 6 4 -1.51809037e+01
1 3.750000e-01 6 5 0.00000000e+00
1 3.750000e-01 6 6 -2.65235620e-02
1 3.750000e-01 6 7 0.00000000e+00
1 3.750000e-01 6 8 2.72391062e+04
1 3.750000e-01 6 9 -5.21012776e+06
1 3.750000e-01 6 10 -1.23377000e+07
1 3.750000e-01 6 11 0.00000000e+00
1 3.750000e-01 7 0 1.61539813e+02
1 3.750000e-01 7 1 0.00000000e+00
1 3.750000e-01 7 2 0.00000000e+00
1 3.750000e-01 7 3 0.00000000e+00
1 3.750000e-01 7 4 0.00000000e+00
1 3.750000e-01 7 5 0.00000000e+00
1 3.750000e-01 7 6 1.14435404e-04
1 3.750000e-01 7 7 -3.78140182e+03
1 3.750000e-01 7 8 0.00000000e+00
1 3.750000e-01 7 9 9.87813526e+06
1 3.750000e-01 7 10 5.78012728e+06
1 3.750000e-01 7 11 0.00000000e+00
1 3.750000e-01 8 0 0.00000000e+00
1 3.750000e-01 8 1 0.00000000e+00
1 3.750000e-01 8 2 0.00000000e+00
1 3.750000e-01 8 3 -3.22384003e+00
1 3.750000e-01 8 4 0.00000000e+00
1 3.750000e-01 8 5 0.00000000e+00
1 3.750000e-01 8 6 9.90757371e-03
1 3.750000e-01 8 7 0.00000000e+00
1 3.750000e-01 8 8 -4.02802771e+04
1 3.750000e-01 8 9 1.50882630e+07
1 3.750000e-01 8 10 0.00000000e+00
1 3.750000e-01 8 11 0.00000000e+00
1 3.750000e-01 9 0 5.55196499e+01
1 3.750000e-01 9 1 0.00000000e+00
1 3.750000e-01 9 2 0.00000000e+00
1 3.750000e-01 9 3 0.00000000e+00
1 3.750000e-01 9 4 0.00000000e+00
1 3.750000e-01 9 5 0.00000000e+00
1 3.750000e-01 9 6 6.48668590e-03
1 3.750000e-01 9 7 0.00000000e+00
1 3.750000e-01 9 8 0.00000000e+00
1 3.750000e-01 9 9 -2.49663983e+07
1 3.750000e-01 9 10 0.00000000e+00
1 3.750000e-01 9 11 0.00000000e+00
1 3.750000e-01 10 0 2.17863736e+02
1 3.750000e-01 10 1 9.91354941e+01
1 3.750000e-01 10 2 0.00000000e+00
1 3.750000e-01 10 3 0.00000000e+00
1 3.750000e-01 10 4 0.00000000e+00
1 3.750000e-01 10 5 0.00000000e+00
1 3.750000e-01 10 6 -1.05091420e-04
1 3.750000e-01 10 7 5.42605840e-05
1 3.750000e-01 10 8 0.00000000e+00
1 3.750000e-01 10 9 0.00000000e+00
1 3.750000e-01 10 10 -1.81178272e+07
1 3.750000e-01 10 11 0.00000000e+00
1 3.750000e-01 11 0 0.00000000e+00
1 3.750000e-01 11 1 0.00000000e+00
1 3.750000e-01 11 2 0.00000000e+00
1 3.750000e-01 11 3 0.00000000e+00
1 3.750000e-01 11 4 0.00000000e+00
1 3.750000e-01 11 5 0.00000000e+00
1 3.750000e-01 11 6 0.00000000e+00
1 3.750000e-01 11 7 0.00000000e+00
1 3.750000e-01 11 8 0.00000000e+00
1 3.750000e-01 11 9 0.00000000e+00
1 3.750000e-01 11 10 0.00000000e+00
1 3.750000e-01 11 11 -6.70105470e+02
2 5.625000e-01 0 0 -6.72525458e+03
2 5.625000e-01 0 1 -5.14452853e+01
2 5.625000e-01 0 2 0.00000000e+00
2 5.625000e-01 0 3 -4.98568389e+00
2 5.625000e-01 0 4 0.00000000e+00
2 5.625000e-01 0 5 0.00000000e+00
2 5.625000e-01 0 6 -1.12652771e-04
2 5.625000e-01 0 7 0.00000000e+00
2 5.625000e-01 0 8 0.00000000e+00
2 5.625000e-01 0 9 0.00000000e+00
2 5.625000e-01 0 10 0.00000000e+00
2 5.625000e-01 0 11 0.00000000e+00
2 5.625000e-01 1 0 -5.00976132e+02
2 5.625000e-01 1 1 -1.06442323e+03
2 5.625000e-01 1 2 0.00000000e+00
2 5.625000e-01 1 3 0.00000000e+00
2 5.625000e-01 1 4 -3.39550490e+02
2 5.625000e-01 1 5 0.00000000e+00
2 5.625000e-01 1 6 1.24048616e-04
2 5.625000e-01 1 7 0.00000000e+00
2 5.625000e-01 1 8 8.51008390e+03
2 5.625000e-01 1 9 0.00000000e+00
2 5.625000e-01 1 10 1.57703719e+07
2 5.625000e-01 1 11 0.00000000e+00
2 5.625000e-01 2 0 0.00000000e+00
2 5.625000e-01 2 1 0.00000000e+00
2 5.625000e-01 2 2 -6.25514273e+05
2 5.625000e-01 2 3 0.00000000e+00
2 5.625000e-01 2 4 1.47488390e+01
2 5.625000e-01 2 5 0.00000000e+00
2 5.625000e-01 2 6 1.88369854e-06
2 5.625000e-01 2 7 0.00000000e+00
2 5.625000e-01 2 8 4.41823014e+03
2 5.625000e-01 2 9 0.00000000e+00
2 5.625000e-01 2 10 0.00000000e+00
2 5.625000e-01 2 11 0.00000000e+00
2 5.625000e-01 3 0 -4.14397058e+03
2 5.625000e-01 3 1 7.44871010e+02
2 5.625000e-01 3 2 5.07754857e+02
2 5.625000e-01 3 3 -1.16292266e+01
2 5.625000e-01 3 4 0.00000000e+00
2 5.625000e-01 3 5 8.27812683e+04
2 5.625000e-01 3 6 0.00000000e+00
2 5.625000e-01 3 7 0.00000000e+00
2 5.625000e-01 3 8 -4.40296874e+03
2 5.625000e-01 3 9 0.00000000e+00
2 5.625000e-01 3 10 0.00000000e+00
2 5.625000e-01 3 11 0.00000000e+00
2 5.625000e-01 4 0 4.14397058e+03
2 5.625000e-01 4 1 -1.42295090e+01
2 5.625000e-01 4 2 0.00000000e+00
2 5.625000e-01 4 3 4.98568389e+00
2 5.625000e-01 4 4 -1.40182655e+04
2 5.625000e-01 4 5 0.00000000e+00
2 5.625000e-01 4 6 -2.69099863e-06
2 5.625000e-01 4 7 0.00000000e+00
2 5.625000e-01 4 8 0.00000000e+00
2 5.625000e-01 4 9 0.00000000e+00
2 5.625000e-01 4 10 0.00000000e+00
2 5.625000e-01 4 11 0.00000000e+00
2 5.625000e-01 5 0 0.00000000e+00
2 5.625000e-01 5 1 1.42295089e+01
2 5.625000e-01 5 2 0.00000000e+00
2 5.625000e-01 5 3 6.27714225e+00
2 5.625000e-01 5 4 3.39550490e+02
2 5.625000e-01 5 5 -8.27812683e+04
2 5.625000e-01 5 6 0.00000000e+00
2 5.625000e-01 5 7 0.00000000e+00
2 5.625000e-01 5 8 4.40296874e+03
2 5.625000e-01 5 9 0.00000000e+00
2 5.625000e-01 5 10 0.00000000e+00
2 5.625000e-01 5 11 0.00000000e+00
2 5.625000e-01 6 0 -3.59952570e+02
2 5.625000e-01 6 1 0.00000000e+00
2 5.625000e-01 6 2 6.25006518e+05
2 5.625000e-01 6 3 6.23690514e+00
2 5.625000e-01 6 4 -2.10697605e+01
2 5.625000e-01 6 5 0.00000000e+00
2 5.625000e-01 6 6 -2.75761718e-02
2 5.625000e-01 6 7 0.00000000e+00
2 5.625000e-01 6 8 2.23362901e+04
2 5.625000e-01 6 9 -1.26402926e+07
2 5.625000e-01 6 10 -1.59304529e+07
2 5.625000e-01 6 11 0.00000000e+00
2 5.625000e-01 7 0 2.88265517e+02
2 5.625000e-01 7 1 0.00000000e+00
2 5.625000e-01 7 2 0.00000000e+00
2 5.625000e-01 7 3 0.00000000e+00
2 5.625000e-01 7 4 0.00000000e+00
2 5.625000e-01 7 5 0.00000000e+00
2 5.625000e-01 7 6 9.02171930e-05
2 5.625000e-01 7 7 -3.78095494e+03
2 5.625000e-01 7 8 0.00000000e+00
2 5.625000e-01 7 9 7.00392596e+06
2 5.625000e-01 7 10 4.00147586e+06
2 5.625000e-01 7 11 0.00000000e+00
2 5.625000e-01 8 0 0.00000000e+00
2 5.625000e-01 8 1 0.00000000e+00
2 5.625000e-01 8 2 0.00000000e+00
2 5.625000e-01 8 3 -6.23690502e+00
2 5.625000e-01 8 4 0.00000000e+00
2 5.625000e-01 8 5 0.00000000e+00
2 5.625000e-01 8 6 1.16093292e-02
2 5.625000e-01 8 7 0.00000000e+00
2 5.625000e-01 8 8 -3.15018312e+04
2 5.625000e-01 8 9 1.96442186e+07
2 5.625000e-01 8 10 0.00000000e+00
2 5.625000e-01 8 11 0.00000000e+00
2 5.625000e-01 9 0 7.16870387e+01
2 5.625000e-01 9 1 0.00000000e+00
2 5.625000e-01 9 2 0.00000000e+00
2 5.625000e-01 9 3 0.00000000e+00
2 5.625000e-01 9 4 0.00000000e+00
2 5.625000e-01 9 5 0.00000000e+00
2 5.625000e-01 9 6 4.13929734e-03
2 5.625000e-01 9 7 0.00000000e+00
2 5.625000e-01 9 8 0.00000000e+00
2 5.625000e-01 9 9 -2.66481445e+07
2 5.625000e-01 9 10 0.00000000e+00
2 5.625000e-01 9 11 0.00000000e+00
2 5.625000e-01 10 0 5.00976133e+02
2 5.625000e-01 10 1 5.14452853e+01
2 5.625000e-01 10 2 0.00000000e+00
2 5.625000e-01 10 3 0.00000000e+00
2 5.625000e-01 10 4 0.00000000e+00
2 5.625000e-01 10 5 0.00000000e+00
2 5.625000e-01 10 6 -1.25307801e-04
2 5.625000e-01 10 7 1.18162760e-03
2 5.625000e-01 10 8 0.00000000e+00
2 5.625000e-01 10 9 0.00000000e+00
2 5.625000e-01 10 10 -1.99319287e+07
2 5.625000e-01 10 11 0.00000000e+00
2 5.625000e-01 11 0 0.00000000e+00
2 5.625000e-01 11 1 0.00000000e+00
2 5.625000e-01 11 2 0.00000000e+00
2 5.625000e-01 11 3 0.00000000e+00
2 5.625000e-01 11 4 0.00000000e+00
2 5.625000e-01 11 5 0.00000000e+00
2 5.625000e-01 11 6 0.00000000e+00
2 5.625000e-01 11 7 0.00000000e+00
2 5.625000e-01 11 8 0.00000000e+00
2 5.625000e-01 11 9 0.00000000e+00
2 5.625000e-01 11 10 0.00000000e+00
2 5.625000e-01 11 11 -6.69561895e+02
3 7.500000e-01 0 0 -9.97042483e+03
3 7.500000e-01 0 1 -2.71333984e+01
3 7.500000e-01 0 2 0.00000000e+00
3 7.500000e-01 0 3 -3.36201423e+00
3 7.500000e-01 0 4 0.00000000e+00
3 7.500000e-01 0 5 0.00000000e+00
3 7.500000e-01 0 6 -1.25709265e-04
3 7.500000e-01 0 7 0.00000000e+00
3 7.500000e-01 0 8 0.00000000e+00
3 7.500000e-01 0 9 0.00000000e+00
3 7.500000e-01 0 10 0.00000000e+00
3 7.500000e-01 0 11 0.00000000e+00
3 7.500000e-01 1 0 -1.07828597e+03
3 7.500000e-01 1 1 -4.72127045e+02
3 7.500000e-01 1 2 0.00000000e+00
3 7.500000e-01 1 3 0.00000000e+00
3 7.500000e-01 1 4 -7.30838271e+02
3 7.500000e-01 1 5 0.00000000e+00
3 7.500000e-01 1 6 1.70567668e-04
3 7.500000e-01 1 7 0.00000000e+00
3 7.500000e-01 1 8 6.12474467e+03
3 7.500000e-01 1 9 0.00000000e+00
3 7.500000e-01 1 10 1.83543651e+07
3 7.500000e-01 1 11 0.00000000e+00
3 7.500000e-01 2 0 0.00000000e+00
3 7.500000e-01 2 1 0.00000000e+00
3 7.500000e-01 2 2 -5.09489731e+05
3 7.500000e-01 2 3 0.00000000e+00
3 7.500000e-01 2 4 1.59814200e+01
3 7.500000e-01 2 5 0.00000000e+00
3 7.500000e-01 2 6 1.52286603e-06
3 7.500000e-01 2 7 0.00000000e+00
3 7.500000e-01 2 8 1.45522178e+03
3 7.500000e-01 2 9 0.00000000e+00
3 7.500000e-01 2 10 0.00000000e+00
3 7.500000e-01 2 11 0.00000000e+00
3 7.500000e-01 3 0 -6.48200574e+03
3 7.500000e-01 3 1 2.34523740e+02
3 7.500000e-01 3 2 4.01697420e+02
3 7.500000e-01 3 3 -1.43374672e+01
3 7.500000e-01 3 4 0.00000000e+00
3 7.500000e-01 3 5 4.97230283e+04
3 7.500000e-01 3 6 0.00000000e+00
3 7.500000e-01 3 7 0.00000000e+00
3 7.500000e-01 3 8 -6.88713110e+03
3 7.500000e-01 3 9 0.00000000e+00
3 7.500000e-01 3 10 0.00000000e+00
3 7.500000e-01 3 11 0.00000000e+00
3 7.500000e-01 4 0 6.48200574e+03
3 7.500000e-01 4 1 -9.62119630e+00
3 7.500000e-01 4 2 0.00000000e+00
3 7.500000e-01 4 3 3.36201423e+00
3 7.500000e-01 4 4 -1.43392765e+04
3 7.500000e-01 4 5 0.00000000e+00
3 7.500000e-01 4 6 -2.17552276e-06
3 7.500000e-01 4 7 0.00000000e+00
3 7.500000e-01 4 8 0.00000000e+00
3 7.500000e-01 4 9 0.00000000e+00
3 7.500000e-01 4 10 0.00000000e+00
3 7.500000e-01 4 11 0.00000000e+00
3 7.500000e-01 5 0 0.00000000e+00
3 7.500000e-01 5 1 9.62119631e+00
3 7.500000e-01 5 2 0.00000000e+00
3 7.500000e-01 5 3 1.05509130e+01
3 7.500000e-01 5 4 7.30838271e+02
3 7.500000e-01 5 5 -4.97230283e+04
3 7.500000e-01 5 6 0.00000000e+00
3 7.500000e-01 5 7 0.00000000e+00
3 7.500000e-01 5 8 6.88713110e+03
3 7.500000e-01 5 9 0.00000000e+00
3 7.500000e-01 5 10 0.00000000e+00
3 7.500000e-01 5 11 0.00000000e+00
3 7.500000e-01 6 0 -6.90173910e+02
3 7.500000e-01 6 1 0.00000000e+00
3 7.500000e-01 6 2 5.09088034e+05
3 7.500000e-01 6 3 1.05106756e+01
3 7.500000e-01 6 4 -2.28305864e+01
3 7.500000e-01 6 5 0.00000000e+00
3 7.500000e-01 6 6 -2.81834733e-02
3 7.500000e-01 6 7 0.00000000e+00
3 7.500000e-01 6 8 1.76469301e+04
3 7.500000e-01 6 9 -1.82784112e+07
3 7.500000e-01 6 10 -1.84582621e+07
3 7.500000e-01 6 11 0.00000000e+00
3 7.500000e-01 7 0 6.07111747e+02
3 7.500000e-01 7 1 0.00000000e+00
3 7.500000e-01 7 2 0.00000000e+00
3 7.500000e-01 7 3 0.00000000e+00
3 7.500000e-01 7 4 0.00000000e+00
3 7.500000e-01 7 5 0.00000000e+00
3 7.500000e-01 7 6 1.10580200e-04
3 7.500000e-01 7 7 -3.78096449e+03
3 7.500000e-01 7 8 0.00000000e+00
3 7.500000e-01 7 9 4.98164544e+06
3 7.500000e-01 7 10 2.76623318e+06
3 7.500000e-01 7 11 0.00000000e+00
3 7.500000e-01 8 0 0.00000000e+00
3 7.500000e-01 8 1 0.00000000e+00
3 7.500000e-01 8 2 0.00000000e+00
3 7.500000e-01 8 3 -1.05106758e+01
3 7.500000e-01 8 4 0.00000000e+00
3 7.500000e-01 8 5 0.00000000e+00
3 7.500000e-01 8 6 1.26002621e-02
3 7.500000e-01 8 7 0.00000000e+00
3 7.500000e-01 8 8 -2.35077400e+04
3 7.500000e-01 8 9 2.32600566e+07
3 7.500000e-01 8 10 0.00000000e+00
3 7.500000e-01 8 11 0.00000000e+00
3 7.500000e-01 9 0 8.30621792e+01
3 7.500000e-01 9 1 0.00000000e+00
3 7.500000e-01 9 2 0.00000000e+00
3 7.500000e-01 9 3 0.00000000e+00
3 7.500000e-01 9 4 0.00000000e+00
3 7.500000e-01 9 5 0.00000000e+00
3 7.500000e-01 9 6 2.69866030e-03
3 7.500000e-01 9 7 0.00000000e+00
3 7.500000e-01 9 8 0.00000000e+00
3 7.500000e-01 9 9 -2.82417021e+07
3 7.500000e-01 9 10 0.00000000e+00
3 7.500000e-01 9 11 0.00000000e+00
3 7.500000e-01 10 0 1.07828597e+03
3 7.500000e-01 10 1 2.71333984e+01
3 7.500000e-01 10 2 0.00000000e+00
3 7.500000e-01 10 3 0.00000000e+00
3 7.500000e-01 10 4 0.00000000e+00
3 7.500000e-01 10 5 0.00000000e+00
3 7.500000e-01 10 6 -1.71533186e-04
3 7.500000e-01 10 7 4.01266083e-01
3 7.500000e-01 10 8 0.00000000e+00
3 7.500000e-01 10 9 0.00000000e+00
3 7.500000e-01 10 10 -2.12244953e+07
3 7.500000e-01 10 11 0.00000000e+00
3 7.500000e-01 11 0 0.00000000e+00
3 7.500000e-01 11 1 0.00000000e+00
3 7.500000e-01 11 2 0.00000000e+00
3 7.500000e-01 11 3 0.00000000e+00
3 7.500000e-01 11 4 0.00000000e+00
3 7.500000e-01 11 5 0.00000000e+00
3 7.500000e-01 11 6 0.00000000e+00
3 7.500000e-01 11 7 0.00000000e+00
3 7.500000e-01 11 8 0.00000000e+00
3 7.500000e-01 11 9 0.00000000e+00
3 7.500000e-01 11 10 0.00000000e+00
3 7.500000e-01 11 11 -6.69088615e+02
4 9.375000e-01 0 0 -1.14449331e+04
4 9.375000e-01 0 1 -1.96813999e+01
4 9.375000e-01 0 2 0.00000000e+00
4 9.375000e-01 0 3 -2.92850158e+00
4 9.375000e-01 0 4 0.00000000e+00
4 9.375000e-01 0 5 0.00000000e+00
4 9.375000e-01 0 6 -1.41184478e-04
4 9.375000e-01 0 7 0.00000000e+00
4 9.375000e-01 0 8 0.00000000e+00
4 9.375000e-01 0 9 0.00000000e+00
4 9.375000e-01 0 10 0.00000000e+00
4 9.375000e-01 0 11 0.00000000e+00
4 9.375000e-01 1 0 -1.56582637e+03
4 9.375000e-01 1 1 -3.13150591e+02
4 9.375000e-01 1 2 0.00000000e+00
4 9.375000e-01 1 3 0.00000000e+00
4 9.375000e-01 1 4 -1.06128232e+03
4 9.375000e-01 1 5 0.00000000e+00
4 9.375000e-01 1 6 2.13798789e-04
4 9.375000e-01 1 7 0.00000000e+00
4 9.375000e-01 1 8 5.19564792e+03
4 9.375000e-01 1 9 0.00000000e+00
4 9.375000e-01 1 10 2.01597316e+07
4 9.375000e-01 1 11 0.00000000e+00
4 9.375000e-01 2 0 0.00000000e+00
4 9.375000e-01 2 1 0.00000000e+00
4 9.375000e-01 2 2 -4.03329316e+05
4 9.375000e-01 2 3 0.00000000e+00
4 9.375000e-01 2 4 1.40376391e+01
4 9.375000e-01 2 5 0.00000000e+00
4 9.375000e-01 2 6 1.08856570e-06
4 9.375000e-01 2 7 0.00000000e+00
4 9.375000e-01 2 8 6.52251466e+02
4 9.375000e-01 2 9 0.00000000e+00
4 9.375000e-01 2 10 0.00000000e+00
4 9.375000e-01 2 11 0.00000000e+00
4 9.375000e-01 3 0 -7.18372610e+03
4 9.375000e-01 3 1 1.03031025e+02
4 9.375000e-01 3 2 3.66580112e+02
4 9.375000e-01 3 3 -1.75423733e+01
4 9.375000e-01 3 4 0.00000000e+00
4 9.375000e-01 3 5 3.46484127e+04
4 9.375000e-01 3 6 0.00000000e+00
4 9.375000e-01 3 7 0.00000000e+00
4 9.375000e-01 3 8 -7.63270898e+03
4 9.375000e-01 3 9 0.00000000e+00
4 9.375000e-01 3 10 0.00000000e+00
4 9.375000e-01 3 11 0.00000000e+00
4 9.375000e-01 4 0 7.18372610e+03
4 9.375000e-01 4 1 -7.14810962e+00
4 9.375000e-01 4 2 0.00000000e+00
4 9.375000e-01 4 3 2.92850158e+00
4 9.375000e-01 4 4 -1.46091925e+04
4 9.375000e-01 4 5 0.00000000e+00
4 9.375000e-01 4 6 -1.55509400e-06
4 9.375000e-01 4 7 0.00000000e+00
4 9.375000e-01 4 8 0.00000000e+00
4 9.375000e-01 4 9 0.00000000e+00
4 9.375000e-01 4 10 0.00000000e+00
4 9.375000e-01 4 11 0.00000000e+00
4 9.375000e-01 5 0 0.00000000e+00
4 9.375000e-01 5 1 7.14810964e+00
4 9.375000e-01 5 2 0.00000000e+00
4 9.375000e-01 5 3 1.41484350e+01
4 9.375000e-01 5 4 1.06128232e+03
4 9.375000e-01 5 5 -3.46484127e+04
4 9.375000e-01 5 6 0.00000000e+00
4 9.375000e-01 5 7 0.00000000e+00
4 9.375000e-01 5 8 7.63270898e+03
4 9.375000e-01 5 9 0.00000000e+00
4 9.375000e-01 5 10 0.00000000e+00
4 9.375000e-01 5 11 0.00000000e+00
4 9.375000e-01 6 0 -9.75605596e+02
4 9.375000e-01 6 1 0.00000000e+00
4 9.375000e-01 6 2 4.02962736e+05
4 9.375000e-01 6 3 1.41081978e+01
4 9.375000e-01 6 4 -2.00537613e+01
4 9.375000e-01 6 5 0.00000000e+00
4 9.375000e-01 6 6 -2.85063561e-02
4 9.375000e-01 6 7 0.00000000e+00
4 9.375000e-01 6 8 1.57981441e+04
4 9.375000e-01 6 9 -2.23603329e+07
4 9.375000e-01 6 10 -2.02363786e+07
4 9.375000e-01 6 11 0.00000000e+00
4 9.375000e-01 7 0 8.84541902e+02
4 9.375000e-01 7 1 0.00000000e+00
4 9.375000e-01 7 2 0.00000000e+00
4 9.375000e-01 7 3 0.00000000e+00
4 9.375000e-01 7 4 0.00000000e+00
4 9.375000e-01 7 5 0.00000000e+00
4 9.375000e-01 7 6 1.28006221e-04
4 9.375000e-01 7 7 -3.78703420e+03
4 9.375000e-01 7 8 0.00000000e+00
4 9.375000e-01 7 9 3.55911216e+06
4 9.375000e-01 7 10 1.99984319e+06
4 9.375000e-01 7 11 0.00000000e+00
4 9.375000e-01 8 0 0.00000000e+00
4 9.375000e-01 8 1 0.00000000e+00
4 9.375000e-01 8 2 0.00000000e+00
4 9.375000e-01 8 3 -1.41081978e+01
4 9.375000e-01 8 4 0.00000000e+00
4 9.375000e-01 8 5 0.00000000e+00
4 9.375000e-01 8 6 1.31764195e-02
4 9.375000e-01 8 7 0.00000000e+00
4 9.375000e-01 8 8 -2.00799139e+04
4 9.375000e-01 8 9 2.59194451e+07
4 9.375000e-01 8 10 0.00000000e+00
4 9.375000e-01 8 11 0.00000000e+00
4 9.375000e-01 9 0 9.10637046e+01
4 9.375000e-01 9 1 0.00000000e+00
4 9.375000e-01 9 2 0.00000000e+00
4 9.375000e-01 9 3 0.00000000e+00
4 9.375000e-01 9 4 0.00000000e+00
4 9.375000e-01 9 5 0.00000000e+00
4 9.375000e-01 9 6 1.80934410e-03
4 9.375000e-01 9 7 0.00000000e+00
4 9.375000e-01 9 8 0.00000000e+00
4 9.375000e-01 9 9 -2.94785572e+07
4 9.375000e-01 9 10 0.00000000e+00
4 9.375000e-01 9 11 0.00000000e+00
4 9.375000e-01 10 0 1.56582637e+03
4 9.375000e-01 10 1 1.96813999e+01
4 9.375000e-01 10 2 0.00000000e+00
4 9.375000e-01 10 3 0.00000000e+00
4 9.375000e-01 10 4 0.00000000e+00
4 9.375000e-01 10 5 0.00000000e+00
4 9.375000e-01 10 6 -2.14611650e-04
4 9.375000e-01 10 7 6.65181981e+00
4 9.375000e-01 10 8 0.00000000e+00
4 9.375000e-01 10 9 0.00000000e+00
4 9.375000e-01 10 10 -2.22362218e+07
4 9.375000e-01 10 11 0.00000000e+00
4 9.375000e-01 11 0 0.00000000e+00
4 9.375000e-01 11 1 0.00000000e+00
4 9.375000e-01 11 2 0.00000000e+00
4 9.375000e-01 11 3 0.00000000e+00
4 9.375000e-01 11 4 0.00000000e+00
4 9.375000e-01 11 5 0.00000000e+00
4 9.375000e-01 11 6 0.00000000e+00
4 9.375000e-01 11 7 0.00000000e+00
4 9.375000e-01 11 8 0.00000000e+00
4 9.375000e-01 11 9 0.00000000e+00
4 9.375000e-01 11 10 0.00000000e+00
4 9.375000e-01 11 11 -6.68871072e+02
5 1.125000e+00 0 0 -1.19825182e+04
5 1.125000e+00 0 1 -1.82037895e+01
5 1.125000e+00 0 2 0.00000000e+00
5 1.125000e+00 0 3 -2.79706967e+00
5 1.125000e+00 0 4 0.00000000e+00
5 1.125000e+00 0 5 0.00000000e+00
5 1.125000e+00 0 6 -1.39796063e-04
5 1.125000e+00 0 7 0.00000000e+00
5 1.125000e+00 0 8 0.00000000e+00
5 1.125000e+00 0 9 0.00000000e+00
5 1.125000e+00 0 10 0.00000000e+00
5 1.125000e+00 0 11 0.00000000e+00
5 1.125000e+00 1 0 -1.85806856e+03
5 1.125000e+00 1 1 -2.83363631e+02
5 1.125000e+00 1 2 0.00000000e+00
5 1.125000e+00 1 3 0.00000000e+00
5 1.125000e+00 1 4 -1.25935758e+03
5 1.125000e+00 1 5 0.00000000e+00
5 1.125000e+00 1 6 2.34541895e-04
5 1.125000e+00 1 7 0.00000000e+00
5 1.125000e+00 1 8 5.00772170e+03
5 1.125000e+00 1 9 0.00000000e+00
5 1.125000e+00 1 10 2.14203233e+07
5 1.125000e+00 1 11 0.00000000e+00
5 1.125000e+00 2 0 0.00000000e+00
5 1.125000e+00 2 1 0.00000000e+00
5 1.125000e+00 2 2 -2.95259053e+05
5 1.125000e+00 2 3 0.00000000e+00
5 1.125000e+00 2 4 1.41767722e+01
5 1.125000e+00 2 5 0.00000000e+00
5 1.125000e+00 2 6 9.85822353e-07
5 1.125000e+00 2 7 0.00000000e+00
5 1.125000e+00 2 8 5.06397009e+02
5 1.125000e+00 2 9 0.00000000e+00
5 1.125000e+00 2 10 0.00000000e+00
5 1.125000e+00 2 11 0.00000000e+00
5 1.125000e+00 3 0 -7.33077411e+03
5 1.125000e+00 3 1 7.96659185e+01
5 1.125000e+00 3 2 3.57805530e+02
5 1.125000e+00 3 3 -1.94755454e+01
5 1.125000e+00 3 4 0.00000000e+00
5 1.125000e+00 3 5 3.02451372e+04
5 1.125000e+00 3 6 0.00000000e+00
5 1.125000e+00 3 7 0.00000000e+00
5 1.125000e+00 3 8 -7.78894750e+03
5 1.125000e+00 3 9 0.00000000e+00
5 1.125000e+00 3 10 0.00000000e+00
5 1.125000e+00 3 11 0.00000000e+00
5 1.125000e+00 4 0 7.33077411e+03
5 1.125000e+00 4 1 -6.59115801e+00
5 1.125000e+00 4 2 0.00000000e+00
5 1.125000e+00 4 3 2.79706967e+00
5 1.125000e+00 4 4 -1.47844187e+04
5 1.125000e+00 4 5 0.00000000e+00
5 1.125000e+00 4 6 -1.40831769e-06
5 1.125000e+00 4 7 0.00000000e+00
5 1.125000e+00 4 8 0.00000000e+00
5 1.125000e+00 4 9 0.00000000e+00
5 1.125000e+00 4 10 0.00000000e+00
5 1.125000e+00 4 11 0.00000000e+00
5 1.125000e+00 5 0 0.00000000e+00
5 1.125000e+00 5 1 6.59115801e+00
5 1.125000e+00 5 2 0.00000000e+00
5 1.125000e+00 5 3 1.61842534e+01
5 1.125000e+00 5 4 1.25935758e+03
5 1.125000e+00 5 5 -3.02451372e+04
5 1.125000e+00 5 6 0.00000000e+00
5 1.125000e+00 5 7 0.00000000e+00
5 1.125000e+00 5 8 7.78894750e+03
5 1.125000e+00 5 9 0.00000000e+00
5 1.125000e+00 5 10 0.00000000e+00
5 1.125000e+00 5 11 0.00000000e+00
5 1.125000e+00 6 0 -1.07395537e+03
5 1.125000e+00 6 1 0.00000000e+00
5 1.125000e+00 6 2 2.94901247e+05
5 1.125000e+00 6 3 1.61440163e+01
5 1.125000e+00 6 4 -2.02525267e+01
5 1.125000e+00 6 5 0.00000000e+00
5 1.125000e+00 6 6 -2.86438142e-02
5 1.125000e+00 6 7 0.00000000e+00
5 1.125000e+00 6 8 1.53415047e+04
5 1.125000e+00 6 9 -2.50437571e+07
5 1.125000e+00 6 10 -2.14879299e+07
5 1.125000e+00 6 11 0.00000000e+00
5 1.125000e+00 7 0 9.77259685e+02
5 1.125000e+00 7 1 0.00000000e+00
5 1.125000e+00 7 2 0.00000000e+00
5 1.125000e+00 7 3 0.00000000e+00
5 1.125000e+00 7 4 0.00000000e+00
5 1.125000e+00 7 5 0.00000000e+00
5 1.125000e+00 7 6 1.27209249e-04
5 1.125000e+00 7 7 -3.79007408e+03
5 1.125000e+00 7 8 0.00000000e+00
5 1.125000e+00 7 9 2.55785054e+06
5 1.125000e+00 7 10 1.44446852e+06
5 1.125000e+00 7 11 0.00000000e+00
5 1.125000e+00 8 0 0.00000000e+00
5 1.125000e+00 8 1 0.00000000e+00
5 1.125000e+00 8 2 0.00000000e+00
5 1.125000e+00 8 3 -1.61440161e+01
5 1.125000e+00 8 4 0.00000000e+00
5 1.125000e+00 8 5 0.00000000e+00
5 1.125000e+00 8 6 1.35137832e-02
5 1.125000e+00 8 7 0.00000000e+00
5 1.125000e+00 8 8 -1.91105525e+04
5 1.125000e+00 8 9 2.76016076e+07
5 1.125000e+00 8 10 0.00000000e+00
5 1.125000e+00 8 11 0.00000000e+00
5 1.125000e+00 9 0 9.66956844e+01
5 1.125000e+00 9 1 0.00000000e+00
5 1.125000e+00 9 2 0.00000000e+00
5 1.125000e+00 9 3 0.00000000e+00
5 1.125000e+00 9 4 0.00000000e+00
5 1.125000e+00 9 5 0.00000000e+00
5 1.125000e+00 9 6 1.25234823e-03
5 1.125000e+00 9 7 0.00000000e+00
5 1.125000e+00 9 8 0.00000000e+00
5 1.125000e+00 9 9 -3.01594582e+07
5 1.125000e+00 9 10 0.00000000e+00
5 1.125000e+00 9 11 0.00000000e+00
5 1.125000e+00 10 0 1.85806856e+03
5 1.125000e+00 10 1 1.82037895e+01
5 1.125000e+00 10 2 0.00000000e+00
5 1.125000e+00 10 3 0.00000000e+00
5 1.125000e+00 10 4 0.00000000e+00
5 1.125000e+00 10 5 0.00000000e+00
5 1.125000e+00 10 6 -2.35282154e-04
5 1.125000e+00 10 7 9.74554566e+00
5 1.125000e+00 10 8 0.00000000e+00
5 1.125000e+00 10 9 0.00000000e+00
5 1.125000e+00 10 10 -2.29323984e+07
5 1.125000e+00 10 11 0.00000000e+00
5 1.125000e+00 11 0 0.00000000e+00
5 1.125000e+00 11 1 0.00000000e+00
5 1.125000e+00 11 2 0.00000000e+00
5 1.125000e+00 11 3 0.00000000e+00
5 1.125000e+00 11 4 0.00000000e+00
5 1.125000e+00 11 5 0.00000000e+00
5 1.125000e+00 11 6 0.00000000e+00
5 1.125000e+00 11 7 0.00000000e+00
5 1.125000e+00 11 8 0.00000000e+00
5 1.125000e+00 11 9 0.00000000e+00
5 1.125000e+00 11 10 0.00000000e+00
5 1.125000e+00 11 11 -6.68806464e+02
6 1.312500e+00 0 0 -1.23225145e+04
6 1.312500e+00 0 1 -1.74681443e+01
6 1.312500e+00 0 2 0.00000000e+00
6 1.312500e+00 0 3 -2.71987665e+00
6 1.312500e+00 0 4 0.00000000e+00
6 1.312500e+00 0 5 0.00000000e+00
6 1.312500e+00 0 6 -1.37885503e-04
6 1.312500e+00 0 7 0.00000000e+00
6 1.312500e+00 0 8 0.00000000e+00
6 1.312500e+00 0 9 0.00000000e+00
6 1.312500e+00 0 10 0.00000000e+00
6 1.312500e+00 0 11 0.00000000e+00
6 1.312500e+00 1 0 -2.06753653e+03
6 1.312500e+00 1 1 -2.69213785e+02
6 1.312500e+00 1 2 0.00000000e+00
6 1.312500e+00 1 3 0.00000000e+00
6 1.312500e+00 1 4 -1.40133032e+03
6 1.312500e+00 1 5 0.00000000e+00
6 1.312500e+00 1 6 2.46650704e-04
6 1.312500e+00 1 7 0.00000000e+00
6 1.312500e+00 1 8 4.91651299e+03
6 1.312500e+00 1 9 0.00000000e+00
6 1.312500e+00 1 10 2.23067007e+07
6 1.312500e+00 1 11 0.00000000e+00
6 1.312500e+00 2 0 0.00000000e+00
6 1.312500e+00 2 1 0.00000000e+00
6 1.312500e+00 2 2 -2.15596093e+05
6 1.312500e+00 2 3 0.00000000e+00
6 1.312500e+00 2 4 1.44433340e+01
6 1.312500e+00 2 5 0.00000000e+00
6 1.312500e+00 2 6 9.34101060e-07
6 1.312500e+00 2 7 0.00000000e+00
6 1.312500e+00 2 8 4.38766137e+02
6 1.312500e+00 2 9 0.00000000e+00
6 1.312500e+00 2 10 0.00000000e+00
6 1.312500e+00 2 11 0.00000000e+00
6 1.312500e+00 3 0 -7.40128063e+03
6 1.312500e+00 3 1 6.89018753e+01
6 1.312500e+00 3 2 3.53092823e+02
6 1.312500e+00 3 3 -2.08470569e+01
6 1.312500e+00 3 4 0.00000000e+00
6 1.312500e+00 3 5 2.77545267e+04
6 1.312500e+00 3 6 0.00000000e+00
6 1.312500e+00 3 7 0.00000000e+00
6 1.312500e+00 3 8 -7.86386067e+03
6 1.312500e+00 3 9 0.00000000e+00
6 1.312500e+00 3 10 0.00000000e+00
6 1.312500e+00 3 11 0.00000000e+00
6 1.312500e+00 4 0 7.40128063e+03
6 1.312500e+00 4 1 -6.29735420e+00
6 1.312500e+00 4 2 0.00000000e+00
6 1.312500e+00 4 3 2.71987665e+00
6 1.312500e+00 4 4 -1.49117883e+04
6 1.312500e+00 4 5 0.00000000e+00
6 1.312500e+00 4 6 -1.33442997e-06
6 1.312500e+00 4 7 0.00000000e+00
6 1.312500e+00 4 8 0.00000000e+00
6 1.312500e+00 4 9 0.00000000e+00
6 1.312500e+00 4 10 0.00000000e+00
6 1.312500e+00 4 11 0.00000000e+00
6 1.312500e+00 5 0 0.00000000e+00
6 1.312500e+00 5 1 6.29735419e+00
6 1.312500e+00 5 2 0.00000000e+00
6 1.312500e+00 5 3 1.76126929e+01
6 1.312500e+00 5 4 1.40133032e+03
6 1.312500e+00 5 5 -2.77545267e+04
6 1.312500e+00 5 6 0.00000000e+00
6 1.312500e+00 5 7 0.00000000e+00
6 1.312500e+00 5 8 7.86386067e+03
6 1.312500e+00 5 9 0.00000000e+00
6 1.312500e+00 5 10 0.00000000e+00
6 1.312500e+00 5 11 0.00000000e+00
6 1.312500e+00 6 0 -1.13400831e+03
6 1.312500e+00 6 1 0.00000000e+00
6 1.312500e+00 6 2 2.15243000e+05
6 1.312500e+00 6 3 1.75724556e+01
6 1.312500e+00 6 4 -2.06333364e+01
6 1.312500e+00 6 5 0.00000000e+00
6 1.312500e+00 6 6 -2.87132628e-02
6 1.312500e+00 6 7 0.00000000e+00
6 1.312500e+00 6 8 1.50953888e+04
6 1.312500e+00 6 9 -2.69145215e+07
6 1.312500e+00 6 10 -2.23690139e+07
6 1.312500e+00 6 11 0.00000000e+00
6 1.312500e+00 7 0 1.03334775e+03
6 1.312500e+00 7 1 0.00000000e+00
6 1.312500e+00 7 2 0.00000000e+00
6 1.312500e+00 7 3 0.00000000e+00
6 1.312500e+00 7 4 0.00000000e+00
6 1.312500e+00 7 5 0.00000000e+00
6 1.312500e+00 7 6 1.25646058e-04
6 1.312500e+00 7 7 -3.79158480e+03
6 1.312500e+00 7 8 0.00000000e+00
6 1.312500e+00 7 9 1.85296900e+06
6 1.312500e+00 7 10 1.04884448e+06
6 1.312500e+00 7 11 0.00000000e+00
6 1.312500e+00 8 0 0.00000000e+00
6 1.312500e+00 8 1 0.00000000e+00
6 1.312500e+00 8 2 0.00000000e+00
6 1.312500e+00 8 3 -1.75724557e+01
6 1.312500e+00 8 4 0.00000000e+00
6 1.312500e+00 8 5 0.00000000e+00
6 1.312500e+00 8 6 1.37273617e-02
6 1.312500e+00 8 7 0.00000000e+00
6 1.312500e+00 8 8 -1.85660664e+04
6 1.312500e+00 8 9 2.87674905e+07
6 1.312500e+00 8 10 0.00000000e+00
6 1.312500e+00 8 11 0.00000000e+00
6 1.312500e+00 9 0 1.00660563e+02
6 1.312500e+00 9 1 0.00000000e+00
6 1.312500e+00 9 2 0.00000000e+00
6 1.312500e+00 9 3 0.00000000e+00
6 1.312500e+00 9 4 0.00000000e+00
6 1.312500e+00 9 5 0.00000000e+00
6 1.312500e+00 9 6 8.84219160e-04
6 1.312500e+00 9 7 0.00000000e+00
6 1.312500e+00 9 8 0.00000000e+00
6 1.312500e+00 9 9 -3.06204595e+07
6 1.312500e+00 9 10 0.00000000e+00
6 1.312500e+00 9 11 0.00000000e+00
6 1.312500e+00 10 0 2.06753653e+03
6 1.312500e+00 10 1 1.74681443e+01
6 1.312500e+00 10 2 0.00000000e+00
6 1.312500e+00 10 3 0.00000000e+00
6 1.312500e+00 10 4 0.00000000e+00
6 1.312500e+00 10 5 0.00000000e+00
6 1.312500e+00 10 6 -2.47339716e-04
6 1.312500e+00 10 7 1.12868533e+01
6 1.312500e+00 10 8 0.00000000e+00
6 1.312500e+00 10 9 0.00000000e+00
6 1.312500e+00 10 10 -2.34178584e+07
6 1.312500e+00 10 11 0.00000000e+00
6 1.312500e+00 11 0 0.00000000e+00
6 1.312500e+00 11 1 0.00000000e+00
6 1.312500e+00 11 2 0.00000000e+00
6 1.312500e+00 11 3 0.00000000e+00
6 1.312500e+00 11 4 0.00000000e+00
6 1.312500e+00 11 5 0.00000000e+00
6 1.312500e+00 11 6 0.00000000e+00
6 1.312500e+00 11 7 0.00000000e+00
6 1.312500e+00 11 8 0.00000000e+00
6 1.312500e+00 11 9 0.00000000e+00
6 1.312500e+00 11 10 0.00000000e+00
6 1.312500e+00 11 11 -6.68769752e+02
7 1.500000e+00 0 0 -1.25543065e+04
7 1.500000e+00 0 1 -1.70171582e+01
7 1.500000e+00 0 2 0.00000000e+00
7 1.500000e+00 0 3 -2.66964887e+00
7 1.500000e+00 0 4 0.00000000e+00
7 1.500000e+00 0 5 0.00000000e+00
7 1.500000e+00 0 6 -1.36412092e-04
7 1.500000e+00 0 7 0.00000000e+00
7 1.500000e+00 0 8 0.00000000e+00
7 1.500000e+00 0 9 0.00000000e+00
7 1.500000e+00 0 10 0.00000000e+00
7 1.500000e+00 0 11 0.00000000e+00
7 1.500000e+00 1 0 -2.21783494e+03
7 1.500000e+00 1 1 -2.60947637e+02
7 1.500000e+00 1 2 0.00000000e+00
7 1.500000e+00 1 3 0.00000000e+00
7 1.500000e+00 1 4 -1.50319923e+03
7 1.500000e+00 1 5 0.00000000e+00
7 1.500000e+00 1 6 2.54294992e-04
7 1.500000e+00 1 7 0.00000000e+00
7 1.500000e+00 1 8 4.86137506e+03
7 1.500000e+00 1 9 0.00000000e+00
7 1.500000e+00 1 10 2.29304497e+07
7 1.500000e+00 1 11 0.00000000e+00
7 1.500000e+00 2 0 0.00000000e+00
7 1.500000e+00 2 1 0.00000000e+00
7 1.500000e+00 2 2 -1.58617914e+05
7 1.500000e+00 2 3 0.00000000e+00
7 1.500000e+00 2 4 1.46604992e+01
7 1.500000e+00 2 5 0.00000000e+00
7 1.500000e+00 2 6 9.02135407e-07
7 1.500000e+00 2 7 0.00000000e+00
7 1.500000e+00 2 8 3.99998593e+02
7 1.500000e+00 2 9 0.00000000e+00
7 1.500000e+00 2 10 0.00000000e+00
7 1.500000e+00 2 11 0.00000000e+00
7 1.500000e+00 3 0 -7.44210712e+03
7 1.500000e+00 3 1 6.27476254e+01
7 1.500000e+00 3 2 3.50142090e+02
7 1.500000e+00 3 3 -2.18299731e+01
7 1.500000e+00 3 4 0.00000000e+00
7 1.500000e+00 3 5 2.61646017e+04
7 1.500000e+00 3 6 0.00000000e+00
7 1.500000e+00 3 7 0.00000000e+00
7 1.500000e+00 3 8 -7.90723881e+03
7 1.500000e+00 3 9 0.00000000e+00
7 1.500000e+00 3 10 0.00000000e+00
7 1.500000e+00 3 11 0.00000000e+00
7 1.500000e+00 4 0 7.44210712e+03
7 1.500000e+00 4 1 -6.11180797e+00
7 1.500000e+00 4 2 0.00000000e+00
7 1.500000e+00 4 3 2.66964887e+00
7 1.500000e+00 4 4 -1.50034809e+04
7 1.500000e+00 4 5 0.00000000e+00
7 1.500000e+00 4 6 -1.28876502e-06
7 1.500000e+00 4 7 0.00000000e+00
7 1.500000e+00 4 8 0.00000000e+00
7 1.500000e+00 4 9 0.00000000e+00
7 1.500000e+00 4 10 0.00000000e+00
7 1.500000e+00 4 11 0.00000000e+00
7 1.500000e+00 5 0 0.00000000e+00
7 1.500000e+00 5 1 6.11180793e+00
7 1.500000e+00 5 2 0.00000000e+00
7 1.500000e+00 5 3 1.86315694e+01
7 1.500000e+00 5 4 1.50319923e+03
7 1.500000e+00 5 5 -2.61646017e+04
7 1.500000e+00 5 6 0.00000000e+00
7 1.500000e+00 5 7 0.00000000e+00
7 1.500000e+00 5 8 7.90723881e+03
7 1.500000e+00 5 9 0.00000000e+00
7 1.500000e+00 5 10 0.00000000e+00
7 1.500000e+00 5 11 0.00000000e+00
7 1.500000e+00 6 0 -1.17469536e+03
7 1.500000e+00 6 1 0.00000000e+00
7 1.500000e+00 6 2 1.58267772e+05
7 1.500000e+00 6 3 1.85913322e+01
7 1.500000e+00 6 4 -2.09435683e+01
7 1.500000e+00 6 5 0.00000000e+00
7 1.500000e+00 6 6 -2.87503040e-02
7 1.500000e+00 6 7 0.00000000e+00
7 1.500000e+00 6 8 1.49403712e+04
7 1.500000e+00 6 9 -2.82284565e+07
7 1.500000e+00 6 10 -2.29893412e+07
7 1.500000e+00 6 11 0.00000000e+00
7 1.500000e+00 7 0 1.07124332e+03
7 1.500000e+00 7 1 0.00000000e+00
7 1.500000e+00 7 2 0.00000000e+00
7 1.500000e+00 7 3 0.00000000e+00
7 1.500000e+00 7 4 0.00000000e+00
7 1.500000e+00 7 5 0.00000000e+00
7 1.500000e+00 7 6 1.24398673e-04
7 1.500000e+00 7 7 -3.79251045e+03
7 1.500000e+00 7 8 0.00000000e+00
7 1.500000e+00 7 9 1.35669686e+06
7 1.500000e+00 7 10 7.69000633e+05
7 1.500000e+00 7 11 0.00000000e+00
7 1.500000e+00 8 0 0.00000000e+00
7 1.500000e+00 8 1 0.00000000e+00
7 1.500000e+00 8 2 0.00000000e+00
7 1.500000e+00 8 3 -1.85913321e+01
7 1.500000e+00 8 4 0.00000000e+00
7 1.500000e+00 8 5 0.00000000e+00
7 1.500000e+00 8 6 1.38668806e-02
7 1.500000e+00 8 7 0.00000000e+00
7 1.500000e+00 8 8 -1.82186648e+04
7 1.500000e+00 8 9 2.95851534e+07
7 1.500000e+00 8 10 0.00000000e+00
7 1.500000e+00 8 11 0.00000000e+00
7 1.500000e+00 9 0 1.03452035e+02
7 1.500000e+00 9 1 0.00000000e+00
7 1.500000e+00 9 2 0.00000000e+00
7 1.500000e+00 9 3 0.00000000e+00
7 1.500000e+00 9 4 0.00000000e+00
7 1.500000e+00 9 5 0.00000000e+00
7 1.500000e+00 9 6 6.35907328e-04
7 1.500000e+00 9 7 0.00000000e+00
7 1.500000e+00 9 8 0.00000000e+00
7 1.500000e+00 9 9 -3.09418502e+07
7 1.500000e+00 9 10 0.00000000e+00
7 1.500000e+00 9 11 0.00000000e+00
7 1.500000e+00 10 0 2.21783493e+03
7 1.500000e+00 10 1 1.70171582e+01
7 1.500000e+00 10 2 0.00000000e+00
7 1.500000e+00 10 3 0.00000000e+00
7 1.500000e+00 10 4 0.00000000e+00
7 1.500000e+00 10 5 0.00000000e+00
7 1.500000e+00 10 6 -2.54948089e-04
7 1.500000e+00 10 7 1.22320670e+01
7 1.500000e+00 10 8 0.00000000e+00
7 1.500000e+00 10 9 0.00000000e+00
7 1.500000e+00 10 10 -2.37583418e+07
7 1.500000e+00 10 11 0.00000000e+00
7 1.500000e+00 11 0 0.00000000e+00
7 1.500000e+00 11 1 0.00000000e+00
7 1.500000e+00 11 2 0.00000000e+00
7 1.500000e+00 11 3 0.00000000e+00
7 1.500000e+00 11 4 0.00000000e+00
7 1.500000e+00 11 5 0.00000000e+00
7 1.500000e+00 11 6 0.00000000e+00
7 1.500000e+00 11 7 0.00000000e+00
7 1.500000e+00 11 8 0.00000000e+00
7 1.500000e+00 11 9 0.00000000e+00
7 1.500000e+00 11 10 0.00000000e+00
7 1.500000e+00 11 11 -6.68746279e+02
8 1.687500e+00 0 0 -1.27148111e+04
8 1.687500e+00 0 1 -1.67236645e+01
8 1.687500e+00 0 2 0.00000000e+00
8 1.687500e+00 0 3 -2.63594223e+00
8 1.687500e+00 0 4 0.00000000e+00
8 1.687500e+00 0 5 0.00000000e+00
8 1.687500e+00 0 6 -1.35347075e-04
8 1.687500e+00 0 7 0.00000000e+00
8 1.687500e+00 0 8 0.00000000e+00
8 1.687500e+00 0 9 0.00000000e+00
8 1.687500e+00 0 10 0.00000000e+00
8 1.687500e+00 0 11 0.00000000e+00
8 1.687500e+00 1 0 -2.32486882e+03
8 1.687500e+00 1 1 -2.55764665e+02
8 1.687500e+00 1 2 0.00000000e+00
8 1.687500e+00 1 3 0.00000000e+00
8 1.687500e+00 1 4 -1.57574442e+03
8 1.687500e+00 1 5 0.00000000e+00
8 1.687500e+00 1 6 2.59274426e-04
8 1.687500e+00 1 7 0.00000000e+00
8 1.687500e+00 1 8 4.82579051e+03
8 1.687500e+00 1 9 0.00000000e+00
8 1.687500e+00 1 10 2.33694965e+07
8 1.687500e+00 1 11 0.00000000e+00
8 1.687500e+00 2 0 0.00000000e+00
8 1.687500e+00 2 1 0.00000000e+00
8 1.687500e+00 2 2 -1.18166584e+05
8 1.687500e+00 2 3 0.00000000e+00
8 1.687500e+00 2 4 1.48224464e+01
8 1.687500e+00 2 5 0.00000000e+00
8 1.687500e+00 2 6 8.81231703e-07
8 1.687500e+00 2 7 0.00000000e+00
8 1.687500e+00 2 8 3.76042179e+02
8 1.687500e+00 2 9 0.00000000e+00
8 1.687500e+00 2 10 0.00000000e+00
8 1.687500e+00 2 11 0.00000000e+00
8 1.687500e+00 3 0 -7.46743192e+03
8 1.687500e+00 3 1 5.89498999e+01
8 1.687500e+00 3 2 3.48204230e+02
8 1.687500e+00 3 3 -2.25309189e+01
8 1.687500e+00 3 4 0.00000000e+00
8 1.687500e+00 3 5 2.51113835e+04
8 1.687500e+00 3 6 0.00000000e+00
8 1.687500e+00 3 7 0.00000000e+00
8 1.687500e+00 3 8 -7.93414641e+03
8 1.687500e+00 3 9 0.00000000e+00
8 1.687500e+00 3 10 0.00000000e+00
8 1.687500e+00 3 11 0.00000000e+00
8 1.687500e+00 4 0 7.46743192e+03
8 1.687500e+00 4 1 -5.98898511e+00
8 1.687500e+00 4 2 0.00000000e+00
8 1.687500e+00 4 3 2.63594223e+00
8 1.687500e+00 4 4 -1.50688540e+04
8 1.687500e+00 4 5 0.00000000e+00
8 1.687500e+00 4 6 -1.25890248e-06
8 1.687500e+00 4 7 0.00000000e+00
8 1.687500e+00 4 8 0.00000000e+00
8 1.687500e+00 4 9 0.00000000e+00
8 1.687500e+00 4 10 0.00000000e+00
8 1.687500e+00 4 11 0.00000000e+00
8 1.687500e+00 5 0 0.00000000e+00
8 1.687500e+00 5 1 5.98898510e+00
8 1.687500e+00 5 2 0.00000000e+00
8 1.687500e+00 5 3 1.93561763e+01
8 1.687500e+00 5 4 1.57574442e+03
8 1.687500e+00 5 5 -2.51113835e+04
8 1.687500e+00 5 6 0.00000000e+00
8 1.687500e+00 5 7 0.00000000e+00
8 1.687500e+00 5 8 7.93414641e+03
8 1.687500e+00 5 9 0.00000000e+00
8 1.687500e+00 5 10 0.00000000e+00
8 1.687500e+00 5 11 0.00000000e+00
8 1.687500e+00 6 0 -1.20285452e+03
8 1.687500e+00 6 1 0.00000000e+00
8 1.687500e+00 6 2 1.17818379e+05
8 1.687500e+00 6 3 1.93159390e+01
8 1.687500e+00 6 4 -2.11749244e+01
8 1.687500e+00 6 5 0.00000000e+00
8 1.687500e+00 6 6 -2.87707984e-02
8 1.687500e+00 6 7 0.00000000e+00
8 1.687500e+00 6 8 1.48381981e+04
8 1.687500e+00 6 9 -2.91526149e+07
8 1.687500e+00 6 10 -2.34261066e+07
8 1.687500e+00 6 11 0.00000000e+00
8 1.687500e+00 7 0 1.09743704e+03
8 1.687500e+00 7 1 0.00000000e+00
8 1.687500e+00 7 2 0.00000000e+00
8 1.687500e+00 7 3 0.00000000e+00
8 1.687500e+00 7 4 0.00000000e+00
8 1.687500e+00 7 5 0.00000000e+00
8 1.687500e+00 7 6 1.23485335e-04
8 1.687500e+00 7 7 -3.79311421e+03
8 1.687500e+00 7 8 0.00000000e+00
8 1.687500e+00 7 9 1.00727720e+06
8 1.687500e+00 7 10 5.71450155e+05
8 1.687500e+00 7 11 0.00000000e+00
8 1.687500e+00 8 0 0.00000000e+00
8 1.687500e+00 8 1 0.00000000e+00
8 1.687500e+00 8 2 0.00000000e+00
8 1.687500e+00 8 3 -1.93159390e+01
8 1.687500e+00 8 4 0.00000000e+00
8 1.687500e+00 8 5 0.00000000e+00
8 1.687500e+00 8 6 1.39599562e-02
8 1.687500e+00 8 7 0.00000000e+00
8 1.687500e+00 8 8 -1.79883911e+04
8 1.687500e+00 8 9 3.01598921e+07
8 1.687500e+00 8 10 0.00000000e+00
8 1.687500e+00 8 11 0.00000000e+00
8 1.687500e+00 9 0 1.05417480e+02
8 1.687500e+00 9 1 0.00000000e+00
8 1.687500e+00 9 2 0.00000000e+00
8 1.687500e+00 9 3 0.00000000e+00
8 1.687500e+00 9 4 0.00000000e+00
8 1.687500e+00 9 5 0.00000000e+00
8 1.687500e+00 9 6 4.66239205e-04
8 1.687500e+00 9 7 0.00000000e+00
8 1.687500e+00 9 8 0.00000000e+00
8 1.687500e+00 9 9 -3.11671693e+07
8 1.687500e+00 9 10 0.00000000e+00
8 1.687500e+00 9 11 0.00000000e+00
8 1.687500e+00 10 0 2.32486882e+03
8 1.687500e+00 10 1 1.67236645e+01
8 1.687500e+00 10 2 0.00000000e+00
8 1.687500e+00 10 3 0.00000000e+00
8 1.687500e+00 10 4 0.00000000e+00
8 1.687500e+00 10 5 0.00000000e+00
8 1.687500e+00 10 6 -2.59902492e-04
8 1.687500e+00 10 7 1.28487918e+01
8 1.687500e+00 10 8 0.00000000e+00
8 1.687500e+00 10 9 0.00000000e+00
8 1.687500e+00 10 10 -2.39975568e+07
8 1.687500e+00 10 11 0.00000000e+00
8 1.687500e+00 11 0 0.00000000e+00
8 1.687500e+00 11 1 0.00000000e+00
8 1.687500e+00 11 2 0.00000000e+00
8 1.687500e+00 11 3 0.00000000e+00
8 1.687500e+00 11 4 0.00000000e+00
8 1.687500e+00 11 5 0.00000000e+00
8 1.687500e+00 11 6 0.00000000e+00
8 1.687500e+00 11 7 0.00000000e+00
8 1.687500e+00 11 8 0.00000000e+00
8 1.687500e+00 11 9 0.00000000e+00
8 1.687500e+00 11 10 0.00000000e+00
8 1.687500e+00 11 11 -6.68730716e+02
9 1.875000e+00 0 0 -1.28267450e+04
9 1.875000e+00 0 1 -1.65265882e+01
9 1.875000e+00 0 2 0.00000000e+00
9 1.875000e+00 0 3 -2.61293515e+00
9 1.875000e+00 0 4 0.00000000e+00
9 1.875000e+00 0 5 0.00000000e+00
9 1.875000e+00 0 6 -1.34593009e-04
9 1.875000e+00 0 7 0.00000000e+00
9 1.875000e+00 0 8 0.00000000e+00
9 1.875000e+00 0 9 0.00000000e+00
9 1.875000e+00 0 10 0.00000000e+00
9 1.875000e+00 0 11 0.00000000e+00
9 1.875000e+00 1 0 -2.40074840e+03
9 1.875000e+00 1 1 -2.52377335e+02
9 1.875000e+00 1 2 0.00000000e+00
9 1.875000e+00 1 3 0.00000000e+00
9 1.875000e+00 1 4 -1.62717392e+03
9 1.875000e+00 1 5 0.00000000e+00
9 1.875000e+00 1 6 2.62587706e-04
9 1.875000e+00 1 7 0.00000000e+00
9 1.875000e+00 1 8 4.80200232e+03
9 1.875000e+00 1 9 0.00000000e+00
9 1.875000e+00 1 10 2.36785780e+07
9 1.875000e+00 1 11 0.00000000e+00
9 1.875000e+00 2 0 0.00000000e+00
9 1.875000e+00 2 1 0.00000000e+00
9 1.875000e+00 2 2 -8.95436185e+04
9 1.875000e+00 2 3 0.00000000e+00
9 1.875000e+00 2 4 1.49393135e+01
9 1.875000e+00 2 5 0.00000000e+00
9 1.875000e+00 2 6 8.67149708e-07
9 1.875000e+00 2 7 0.00000000e+00
9 1.875000e+00 2 8 3.60552079e+02
9 1.875000e+00 2 9 0.00000000e+00
9 1.875000e+00 2 10 0.00000000e+00
9 1.875000e+00 2 11 0.00000000e+00
9 1.875000e+00 3 0 -7.48382341e+03
9 1.875000e+00 3 1 5.64962478e+01
9 1.875000e+00 3 2 3.46897645e+02
9 1.875000e+00 3 3 -2.30288571e+01
9 1.875000e+00 3 4 0.00000000e+00
9 1.875000e+00 3 5 2.43991114e+04
9 1.875000e+00 3 6 0.00000000e+00
9 1.875000e+00 3 7 0.00000000e+00
9 1.875000e+00 3 8 -7.95156237e+03
9 1.875000e+00 3 9 0.00000000e+00
9 1.875000e+00 3 10 0.00000000e+00
9 1.875000e+00 3 11 0.00000000e+00
9 1.875000e+00 4 0 7.48382341e+03
9 1.875000e+00 4 1 -5.90567682e+00
9 1.875000e+00 4 2 0.00000000e+00
9 1.875000e+00 4 3 2.61293515e+00
9 1.875000e+00 4 4 -1.51152155e+04
9 1.875000e+00 4 5 0.00000000e+00
9 1.875000e+00 4 6 -1.23878537e-06
9 1.875000e+00 4 7 0.00000000e+00
9 1.875000e+00 4 8 0.00000000e+00
9 1.875000e+00 4 9 0.00000000e+00
9 1.875000e+00 4 10 0.00000000e+00
9 1.875000e+00 4 11 0.00000000e+00
9 1.875000e+00 5 0 0.00000000e+00
9 1.875000e+00 5 1 5.90567683e+00
9 1.875000e+00 5 2 0.00000000e+00
9 1.875000e+00 5 3 1.98700483e+01
9 1.875000e+00 5 4 1.62717392e+03
9 1.875000e+00 5 5 -2.43991114e+04
9 1.875000e+00 5 6 0.00000000e+00
9 1.875000e+00 5 7 0.00000000e+00
9 1.875000e+00 5 8 7.95156237e+03
9 1.875000e+00 5 9 0.00000000e+00
9 1.875000e+00 5 10 0.00000000e+00
9 1.875000e+00 5 11 0.00000000e+00
9 1.875000e+00 6 0 -1.22252632e+03
9 1.875000e+00 6 1 0.00000000e+00
9 1.875000e+00 6 2 8.91967208e+04
9 1.875000e+00 6 3 1.98298110e+01
9 1.875000e+00 6 4 -2.13418783e+01
9 1.875000e+00 6 5 0.00000000e+00
9 1.875000e+00 6 6 -2.87825430e-02
9 1.875000e+00 6 7 0.00000000e+00
9 1.875000e+00 6 8 1.47691886e+04
9 1.875000e+00 6 9 -2.98030273e+07
9 1.875000e+00 6 10 -2.37336396e+07
9 1.875000e+00 6 11 0.00000000e+00
9 1.875000e+00 7 0 1.11572493e+03
9 1.875000e+00 7 1 0.00000000e+00
9 1.875000e+00 7 2 0.00000000e+00
9 1.875000e+00 7 3 0.00000000e+00
9 1.875000e+00 7 4 0.00000000e+00
9 1.875000e+00 7 5 0.00000000e+00
9 1.875000e+00 7 6 1.22834800e-04
9 1.875000e+00 7 7 -3.79352305e+03
9 1.875000e+00 7 8 0.00000000e+00
9 1.875000e+00 7 9 7.61245553e+05
9 1.875000e+00 7 10 4.32127813e+05
9 1.875000e+00 7 11 0.00000000e+00
9 1.875000e+00 8 0 0.00000000e+00
9 1.875000e+00 8 1 0.00000000e+00
9 1.875000e+00 8 2 0.00000000e+00
9 1.875000e+00 8 3 -1.98298110e+01
9 1.875000e+00 8 4 0.00000000e+00
9 1.875000e+00 8 5 0.00000000e+00
9 1.875000e+00 8 6 1.40230024e-02
9 1.875000e+00 8 7 0.00000000e+00
9 1.875000e+00 8 8 -1.78325013e+04
9 1.875000e+00 8 9 3.05642728e+07
9 1.875000e+00 8 10 0.00000000e+00
9 1.875000e+00 8 11 0.00000000e+00
9 1.875000e+00 9 0 1.06801379e+02
9 1.875000e+00 9 1 0.00000000e+00
9 1.875000e+00 9 2 0.00000000e+00
9 1.875000e+00 9 3 0.00000000e+00
9 1.875000e+00 9 4 0.00000000e+00
9 1.875000e+00 9 5 0.00000000e+00
9 1.875000e+00 9 6 3.49266304e-04
9 1.875000e+00 9 7 0.00000000e+00
9 1.875000e+00 9 8 0.00000000e+00
9 1.875000e+00 9 9 -3.13255184e+07
9 1.875000e+00 9 10 0.00000000e+00
9 1.875000e+00 9 11 0.00000000e+00
9 1.875000e+00 10 0 2.40074840e+03
9 1.875000e+00 10 1 1.65265882e+01
9 1.875000e+00 10 2 0.00000000e+00
9 1.875000e+00 10 3 0.00000000e+00
9 1.875000e+00 10 4 0.00000000e+00
9 1.875000e+00 10 5 0.00000000e+00
9 1.875000e+00 10 6 -2.63198321e-04
9 1.875000e+00 10 7 1.32664048e+01
9 1.875000e+00 10 8 0.00000000e+00
9 1.875000e+00 10 9 0.00000000e+00
9 1.875000e+00 10 10 -2.41657675e+07
9 1.875000e+00 10 11 0.00000000e+00
9 1.875000e+00 11 0 0.00000000e+00
9 1.875000e+00 11 1 0.00000000e+00
9 1.875000e+00 11 2 0.00000000e+00
9 1.875000e+00 11 3 0.00000000e+00
9 1.875000e+00 11 4 0.00000000e+00
9 1.875000e+00 11 5 0.00000000e+00
9 1.875000e+00 11 6 0.00000000e+00
9 1.875000e+00 11 7 0.00000000e+00
9 1.875000e+00 11 8 0.00000000e+00
9 1.875000e+00 11 9 0.00000000e+00
9 1.875000e+00 11 10 0.00000000e+00
9 1.875000e+00 11 11 -6.68720186e+02
10 2.062500e+00 0 0 -1.29051400e+04
10 2.062500e+00 0 1 -1.63917273e+01
10 2.062500e+00 0 2 0.00000000e+00
10 2.062500e+00 0 3 -2.59705948e+00
10 2.062500e+00 0 4 0.00000000e+00
10 2.062500e+00 0 5 0.00000000e+00
10 2.062500e+00 0 6 -1.34063270e-04
10 2.062500e+00 0 7 0.00000000e+00
10 2.062500e+00 0 8 0.00000000e+00
10 2.062500e+00 0 9 0.00000000e+00
10 2.062500e+00 0 10 0.00000000e+00
10 2.062500e+00 0 11 0.00000000e+00
10 2.062500e+00 1 0 -2.45441644e+03
10 2.062500e+00 1 1 -2.50102297e+02
10 2.062500e+00 1 2 0.00000000e+00
10 2.062500e+00 1 3 0.00000000e+00
10 2.062500e+00 1 4 -1.66354892e+03
10 2.062500e+00 1 5 0.00000000e+00
10 2.062500e+00 1 6 2.64827433e-04
10 2.062500e+00 1 7 0.00000000e+00
10 2.062500e+00 1 8 4.78575230e+03
10 2.062500e+00 1 9 0.00000000e+00
10 2.062500e+00 1 10 2.38961853e+07
10 2.062500e+00 1 11 0.00000000e+00
10 2.062500e+00 2 0 0.00000000e+00
10 2.062500e+00 2 1 0.00000000e+00
10 2.062500e+00 2 2 -6.93260188e+04
10 2.062500e+00 2 3 0.00000000e+00
10 2.062500e+00 2 4 1.50223089e+01
10 2.062500e+00 2 5 0.00000000e+00
10 2.062500e+00 2 6 8.57489460e-07
10 2.062500e+00 2 7 0.00000000e+00
10 2.062500e+00 2 8 3.50225821e+02
10 2.062500e+00 2 9 0.00000000e+00
10 2.062500e+00 2 10 0.00000000e+00
10 2.062500e+00 2 11 0.00000000e+00
10 2.062500e+00 3 0 -7.49474606e+03
10 2.062500e+00 3 1 5.48612988e+01
10 2.062500e+00 3 2 3.46001902e+02
10 2.062500e+00 3 3 -2.33816700e+01
10 2.062500e+00 3 4 0.00000000e+00
10 2.062500e+00 3 5 2.39110106e+04
10 2.062500e+00 3 6 0.00000000e+00
10 2.062500e+00 3 7 0.00000000e+00
10 2.062500e+00 3 8 -7.96316769e+03
10 2.062500e+00 3 9 0.00000000e+00
10 2.062500e+00 3 10 0.00000000e+00
10 2.062500e+00 3 11 0.00000000e+00
10 2.062500e+00 4 0 7.49474606e+03
10 2.062500e+00 4 1 -5.84831963e+00
10 2.062500e+00 4 2 0.00000000e+00
10 2.062500e+00 4 3 2.59705948e+00
10 2.062500e+00 4 4 -1.51480078e+04
10 2.062500e+00 4 5 0.00000000e+00
10 2.062500e+00 4 6 -1.22498488e-06
10 2.062500e+00 4 7 0.00000000e+00
10 2.062500e+00 4 8 0.00000000e+00
10 2.062500e+00 4 9 0.00000000e+00
10 2.062500e+00 4 10 0.00000000e+00
10 2.062500e+00 4 11 0.00000000e+00
10 2.062500e+00 5 0 0.00000000e+00
10 2.062500e+00 5 1 5.84831961e+00
10 2.062500e+00 5 2 0.00000000e+00
10 2.062500e+00 5 3 2.02337563e+01
10 2.062500e+00 5 4 1.66354892e+03
10 2.062500e+00 5 5 -2.39110106e+04
10 2.062500e+00 5 6 0.00000000e+00
10 2.062500e+00 5 7 0.00000000e+00
10 2.062500e+00 5 8 7.96316769e+03
10 2.062500e+00 5 9 0.00000000e+00
10 2.062500e+00 5 10 0.00000000e+00
10 2.062500e+00 5 11 0.00000000e+00
10 2.062500e+00 6 0 -1.23633669e+03
10 2.062500e+00 6 1 0.00000000e+00
10 2.062500e+00 6 2 6.89800169e+04
10 2.062500e+00 6 3 2.01935191e+01
10 2.062500e+00 6 4 -2.14604416e+01
10 2.062500e+00 6 5 0.00000000e+00
10 2.062500e+00 6 6 -2.87895085e-02
10 2.062500e+00 6 7 0.00000000e+00
10 2.062500e+00 6 8 1.47218647e+04
10 2.062500e+00 6 9 -3.02609305e+07
10 2.062500e+00 6 10 -2.39501836e+07
10 2.062500e+00 6 11 0.00000000e+00
10 2.062500e+00 7 0 1.12856087e+03
10 2.062500e+00 7 1 0.00000000e+00
10 2.062500e+00 7 2 0.00000000e+00
10 2.062500e+00 7 3 0.00000000e+00
10 2.062500e+00 7 4 0.00000000e+00
10 2.062500e+00 7 5 0.00000000e+00
10 2.062500e+00 7 6 1.22376502e-04
10 2.062500e+00 7 7 -3.79380657e+03
10 2.062500e+00 7 8 0.00000000e+00
10 2.062500e+00 7 9 5.88006691e+05
10 2.062500e+00 7 10 3.33923659e+05
10 2.062500e+00 7 11 0.00000000e+00
10 2.062500e+00 8 0 0.00000000e+00
10 2.062500e+00 8 1 0.00000000e+00
10 2.062500e+00 8 2 0.00000000e+00
10 2.062500e+00 8 3 -2.01935191e+01
10 2.062500e+00 8 4 0.00000000e+00
10 2.062500e+00 8 5 0.00000000e+00
10 2.062500e+00 8 6 1.40661826e-02
10 2.062500e+00 8 7 0.00000000e+00
10 2.062500e+00 8 8 -1.77255458e+04
10 2.062500e+00 8 9 3.08489372e+07
10 2.062500e+00 8 10 0.00000000e+00
10 2.062500e+00 8 11 0.00000000e+00
10 2.062500e+00 9 0 1.07775825e+02
10 2.062500e+00 9 1 0.00000000e+00
10 2.062500e+00 9 2 0.00000000e+00
10 2.062500e+00 9 3 0.00000000e+00
10 2.062500e+00 9 4 0.00000000e+00
10 2.062500e+00 9 5 0.00000000e+00
10 2.062500e+00 9 6 2.68116006e-04
10 2.062500e+00 9 7 0.00000000e+00
10 2.062500e+00 9 8 0.00000000e+00
10 2.062500e+00 9 9 -3.14369439e+07
10 2.062500e+00 9 10 0.00000000e+00
10 2.062500e+00 9 11 0.00000000e+00
10 2.062500e+00 10 0 2.45441644e+03
10 2.062500e+00 10 1 1.63917273e+01
10 2.062500e+00 10 2 0.00000000e+00
10 2.062500e+00 10 3 0.00000000e+00
10 2.062500e+00 10 4 0.00000000e+00
10 2.062500e+00 10 5 0.00000000e+00
10 2.062500e+00 10 6 -2.65425864e-04
10 2.062500e+00 10 7 1.35559328e+01
10 2.062500e+00 10 8 0.00000000e+00
10 2.062500e+00 10 9 0.00000000e+00
10 2.062500e+00 10 10 -2.42841072e+07
10 2.062500e+00 10 11 0.00000000e+00
10 2.062500e+00 11 0 0.00000000e+00
10 2.062500e+00 11 1 0.00000000e+00
10 2.062500e+00 11 2 0.00000000e+00
10 2.062500e+00 11 3 0.00000000e+00
10 2.062500e+00 11 4 0.00000000e+00
10 2.062500e+00 11 5 0.00000000e+00
10 2.062500e+00 11 6 0.00000000e+00
10 2.062500e+00 11 7 0.00000000e+00
10 2.062500e+00 11 8 0.00000000e+00
10 2.062500e+00 11 9 0.00000000e+00
10 2.062500e+00 11 10 0.00000000e+00
10 2.062500e+00 11 11 -6.68712968e+02
11 2.250000e+00 0 0 -1.29602170e+04
11 2.250000e+00 0 1 -1.62982747e+01
11 2.250000e+00 0 2 0.00000000e+00
11 2.250000e+00 0 3 -2.58602081e+00
11 2.250000e+00 0 4 0.00000000e+00
11 2.250000e+00 0 5 0.00000000e+00
11 2.250000e+00 0 6 -1.33692277e-04
11 2.250000e+00 0 7 0.00000000e+00
11 2.250000e+00 0 8 0.00000000e+00
11 2.250000e+00 0 9 0.00000000e+00
11 2.250000e+00 0 10 0.00000000e+00
11 2.250000e+00 0 11 0.00000000e+00
11 2.250000e+00 1 0 -2.49233894e+03
11 2.250000e+00 1 1 -2.48544369e+02
11 2.250000e+00 1 2 0.00000000e+00
11 2.250000e+00 1 3 0.00000000e+00
11 2.250000e+00 1 4 -1.68925195e+03
11 2.250000e+00 1 5 0.00000000e+00
11 2.250000e+00 1 6 2.66360068e-04
11 2.250000e+00 1 7 0.00000000e+00
11 2.250000e+00 1 8 4.77448836e+03
11 2.250000e+00 1 9 0.00000000e+00
11 2.250000e+00 1 10 2.40493993e+07
11 2.250000e+00 1 11 0.00000000e+00
11 2.250000e+00 2 0 0.00000000e+00
11 2.250000e+00 2 1 0.00000000e+00
11 2.250000e+00 2 2 -5.50603650e+04
11 2.250000e+00 2 3 0.00000000e+00
11 2.250000e+00 2 4 1.50806967e+01
11 2.250000e+00 2 5 0.00000000e+00
11 2.250000e+00 2 6 8.50781030e-07
11 2.250000e+00 2 7 0.00000000e+00
11 2.250000e+00 2 8 3.43188345e+02
11 2.250000e+00 2 9 0.00000000e+00
11 2.250000e+00 2 10 0.00000000e+00
11 2.250000e+00 2 11 0.00000000e+00
11 2.250000e+00 3 0 -7.50218051e+03
11 2.250000e+00 3 1 5.37473505e+01
11 2.250000e+00 3 2 3.45380640e+02
11 2.250000e+00 3 3 -2.36312404e+01
11 2.250000e+00 3 4 0.00000000e+00
11 2.250000e+00 3 5 2.35735168e+04
11 2.250000e+00 3 6 0.00000000e+00
11 2.250000e+00 3 7 0.00000000e+00
11 2.250000e+00 3 8 -7.97106680e+03
11 2.250000e+00 3 9 0.00000000e+00
11 2.250000e+00 3 10 0.00000000e+00
11 2.250000e+00 3 11 0.00000000e+00
11 2.250000e+00 4 0 7.50218051e+03
11 2.250000e+00 4 1 -5.80842408e+00
11 2.250000e+00 4 2 0.00000000e+00
11 2.250000e+00 4 3 2.58602081e+00
11 2.250000e+00 4 4 -1.51711780e+04
11 2.250000e+00 4 5 0.00000000e+00
11 2.250000e+00 4 6 -1.21540149e-06
11 2.250000e+00 4 7 0.00000000e+00
11 2.250000e+00 4 8 0.00000000e+00
11 2.250000e+00 4 9 0.00000000e+00
11 2.250000e+00 4 10 0.00000000e+00
11 2.250000e+00 4 11 0.00000000e+00
11 2.250000e+00 5 0 0.00000000e+00
11 2.250000e+00 5 1 5.80842407e+00
11 2.250000e+00 5 2 0.00000000e+00
11 2.250000e+00 5 3 2.04908584e+01
11 2.250000e+00 5 4 1.68925195e+03
11 2.250000e+00 5 5 -2.35735168e+04
11 2.250000e+00 5 6 0.00000000e+00
11 2.250000e+00 5 7 0.00000000e+00
11 2.250000e+00 5 8 7.97106680e+03
11 2.250000e+00 5 9 0.00000000e+00
11 2.250000e+00 5 10 0.00000000e+00
11 2.250000e+00 5 11 0.00000000e+00
11 2.250000e+00 6 0 -1.24606100e+03
11 2.250000e+00 6 1 0.00000000e+00
11 2.250000e+00 6 2 5.47149843e+04
11 2.250000e+00 6 3 2.04506211e+01
11 2.250000e+00 6 4 -2.15438508e+01
11 2.250000e+00 6 5 0.00000000e+00
11 2.250000e+00 6 6 -2.87937769e-02
11 2.250000e+00 6 7 0.00000000e+00
11 2.250000e+00 6 8 1.46890772e+04
11 2.250000e+00 6 9 -3.05833673e+07
11 2.250000e+00 6 10 -2.41026614e+07
11 2.250000e+00 6 11 0.00000000e+00
11 2.250000e+00 7 0 1.13759903e+03
11 2.250000e+00 7 1 0.00000000e+00
11 2.250000e+00 7 2 0.00000000e+00
11 2.250000e+00 7 3 0.00000000e+00
11 2.250000e+00 7 4 0.00000000e+00
11 2.250000e+00 7 5 0.00000000e+00
11 2.250000e+00 7 6 1.22055183e-04
11 2.250000e+00 7 7 -3.79400634e+03
11 2.250000e+00 7 8 0.00000000e+00
11 2.250000e+00 7 9 4.66021767e+05
11 2.250000e+00 7 10 2.64725223e+05
11 2.250000e+00 7 11 0.00000000e+00
11 2.250000e+00 8 0 0.00000000e+00
11 2.250000e+00 8 1 0.00000000e+00
11 2.250000e+00 8 2 0.00000000e+00
11 2.250000e+00 8 3 -2.04506211e+01
11 2.250000e+00 8 4 0.00000000e+00
11 2.250000e+00 8 5 0.00000000e+00
11 2.250000e+00 8 6 1.40959935e-02
11 2.250000e+00 8 7 0.00000000e+00
11 2.250000e+00 8 8 -1.76514928e+04
11 2.250000e+00 8 9 3.10493891e+07
11 2.250000e+00 8 10 0.00000000e+00
11 2.250000e+00 8 11 0.00000000e+00
11 2.250000e+00 9 0 1.08461977e+02
11 2.250000e+00 9 1 0.00000000e+00
11 2.250000e+00 9 2 0.00000000e+00
11 2.250000e+00 9 3 0.00000000e+00
11 2.250000e+00 9 4 0.00000000e+00
11 2.250000e+00 9 5 0.00000000e+00
11 2.250000e+00 9 6 2.11569328e-04
11 2.250000e+00 9 7 0.00000000e+00
11 2.250000e+00 9 8 0.00000000e+00
11 2.250000e+00 9 9 -3.15154108e+07
11 2.250000e+00 9 10 0.00000000e+00
11 2.250000e+00 9 11 0.00000000e+00
11 2.250000e+00 10 0 2.49233894e+03
11 2.250000e+00 10 1 1.62982747e+01
11 2.250000e+00 10 2 0.00000000e+00
11 2.250000e+00 10 3 0.00000000e+00
11 2.250000e+00 10 4 0.00000000e+00
11 2.250000e+00 10 5 0.00000000e+00
11 2.250000e+00 10 6 -2.66949976e-04
11 2.250000e+00 10 7 1.37598601e+01
11 2.250000e+00 10 8 0.00000000e+00
11 2.250000e+00 10 9 0.00000000e+00
11 2.250000e+00 10 10 -2.43673867e+07
11 2.250000e+00 10 11 0.00000000e+00
11 2.250000e+00 11 0 0.00000000e+00
11 2.250000e+00 11 1 0.00000000e+00
11 2.250000e+00 11 2 0.00000000e+00
11 2.250000e+00 11 3 0.00000000e+00
11 2.250000e+00 11 4 0.00000000e+00
11 2.250000e+00 11 5 0.00000000e+00
11 2.250000e+00 11 6 0.00000000e+00
11 2.250000e+00 11 7 0.00000000e+00
11 2.250000e+00 11 8 0.00000000e+00
11 2.250000e+00 11 9 0.00000000e+00
11 2.250000e+00 11 10 0.00000000e+00
11 2.250000e+00 11 11 -6.68707977e+02
12 2.437500e+00 0 0 -1.29990109e+04
12 2.437500e+00 0 1 -1.62329335e+01
12 2.437500e+00 0 2 0.00000000e+00
12 2.437500e+00 0 3 -2.57830181e+00
12 2.437500e+00 0 4 0.00000000e+00
12 2.437500e+00 0 5 0.00000000e+00
12 2.437500e+00 0 6 -1.33432796e-04
12 2.437500e+00 0 7 0.00000000e+00
12 2.437500e+00 0 8 0.00000000e+00
12 2.437500e+00 0 9 0.00000000e+00
12 2.437500e+00 0 10 0.00000000e+00
12 2.437500e+00 0 11 0.00000000e+00
12 2.437500e+00 1 0 -2.51913215e+03
12 2.437500e+00 1 1 -2.47461879e+02
12 2.437500e+00 1 2 0.00000000e+00
12 2.437500e+00 1 3 0.00000000e+00
12 2.437500e+00 1 4 -1.70741179e+03
12 2.437500e+00 1 5 0.00000000e+00
12 2.437500e+00 1 6 2.67418949e-04
12 2.437500e+00 1 7 0.00000000e+00
12 2.437500e+00 1 8 4.76659712e+03
12 2.437500e+00 1 9 0.00000000e+00
12 2.437500e+00 1 10 2.41572786e+07
12 2.437500e+00 1 11 0.00000000e+00
12 2.437500e+00 2 0 0.00000000e+00
12 2.437500e+00 2 1 0.00000000e+00
12 2.437500e+00 2 2 -4.50010827e+04
12 2.437500e+00 2 3 0.00000000e+00
12 2.437500e+00 2 4 1.51215030e+01
12 2.437500e+00 2 5 0.00000000e+00
12 2.437500e+00 2 6 8.46080698e-07
12 2.437500e+00 2 7 0.00000000e+00
12 2.437500e+00 2 8 3.38311326e+02
12 2.437500e+00 2 9 0.00000000e+00
12 2.437500e+00 2 10 0.00000000e+00
12 2.437500e+00 2 11 0.00000000e+00
12 2.437500e+00 3 0 -7.50732292e+03
12 2.437500e+00 3 1 5.29754867e+01
12 2.437500e+00 3 2 3.44945988e+02
12 2.437500e+00 3 3 -2.38075969e+01
12 2.437500e+00 3 4 0.00000000e+00
12 2.437500e+00 3 5 2.33386849e+04
12 2.437500e+00 3 6 0.00000000e+00
12 2.437500e+00 3 7 0.00000000e+00
12 2.437500e+00 3 8 -7.97653061e+03
12 2.437500e+00 3 9 0.00000000e+00
12 2.437500e+00 3 10 0.00000000e+00
12 2.437500e+00 3 11 0.00000000e+00
12 2.437500e+00 4 0 7.50732292e+03
12 2.437500e+00 4 1 -5.78046427e+00
12 2.437500e+00 4 2 0.00000000e+00
12 2.437500e+00 4 3 2.57830181e+00
12 2.437500e+00 4 4 -1.51875472e+04
12 2.437500e+00 4 5 0.00000000e+00
12 2.437500e+00 4 6 -1.20868673e-06
12 2.437500e+00 4 7 0.00000000e+00
12 2.437500e+00 4 8 0.00000000e+00
12 2.437500e+00 4 9 0.00000000e+00
12 2.437500e+00 4 10 0.00000000e+00
12 2.437500e+00 4 11 0.00000000e+00
12 2.437500e+00 5 0 0.00000000e+00
12 2.437500e+00 5 1 5.78046429e+00
12 2.437500e+00 5 2 0.00000000e+00
12 2.437500e+00 5 3 2.06724644e+01
12 2.437500e+00 5 4 1.70741179e+03
12 2.437500e+00 5 5 -2.33386849e+04
12 2.437500e+00 5 6 0.00000000e+00
12 2.437500e+00 5 7 0.00000000e+00
12 2.437500e+00 5 8 7.97653061e+03
12 2.437500e+00 5 9 0.00000000e+00
12 2.437500e+00 5 10 0.00000000e+00
12 2.437500e+00 5 11 0.00000000e+00
12 2.437500e+00 6 0 -1.25292228e+03
12 2.437500e+00 6 1 0.00000000e+00
12 2.437500e+00 6 2 4.46561367e+04
12 2.437500e+00 6 3 2.06322272e+01
12 2.437500e+00 6 4 -2.16021486e+01
12 2.437500e+00 6 5 0.00000000e+00
12 2.437500e+00 6 6 -2.87964717e-02
12 2.437500e+00 6 7 0.00000000e+00
12 2.437500e+00 6 8 1.46661938e+04
12 2.437500e+00 6 9 -3.08104449e+07
12 2.437500e+00 6 10 -2.42100284e+07
12 2.437500e+00 6 11 0.00000000e+00
12 2.437500e+00 7 0 1.14397715e+03
12 2.437500e+00 7 1 0.00000000e+00
12 2.437500e+00 7 2 0.00000000e+00
12 2.437500e+00 7 3 0.00000000e+00
12 2.437500e+00 7 4 0.00000000e+00
12 2.437500e+00 7 5 0.00000000e+00
12 2.437500e+00 7 6 1.21830438e-04
12 2.437500e+00 7 7 -3.79414873e+03
12 2.437500e+00 7 8 0.00000000e+00
12 2.437500e+00 7 9 3.80126321e+05
12 2.437500e+00 7 10 2.15975793e+05
12 2.437500e+00 7 11 0.00000000e+00
12 2.437500e+00 8 0 0.00000000e+00
12 2.437500e+00 8 1 0.00000000e+00
12 2.437500e+00 8 2 0.00000000e+00
12 2.437500e+00 8 3 -2.06322272e+01
12 2.437500e+00 8 4 0.00000000e+00
12 2.437500e+00 8 5 0.00000000e+00
12 2.437500e+00 8 6 1.41166926e-02
12 2.437500e+00 8 7 0.00000000e+00
12 2.437500e+00 8 8 -1.75998878e+04
12 2.437500e+00 8 9 3.11905713e+07
12 2.437500e+00 8 10 0.00000000e+00
12 2.437500e+00 8 11 0.00000000e+00
12 2.437500e+00 9 0 1.08945128e+02
12 2.437500e+00 9 1 0.00000000e+00
12 2.437500e+00 9 2 0.00000000e+00
12 2.437500e+00 9 3 0.00000000e+00
12 2.437500e+00 9 4 0.00000000e+00
12 2.437500e+00 9 5 0.00000000e+00
12 2.437500e+00 9 6 1.72044530e-04
12 2.437500e+00 9 7 0.00000000e+00
12 2.437500e+00 9 8 0.00000000e+00
12 2.437500e+00 9 9 -3.15706976e+07
12 2.437500e+00 9 10 0.00000000e+00
12 2.437500e+00 9 11 0.00000000e+00
12 2.437500e+00 10 0 2.51913215e+03
12 2.437500e+00 10 1 1.62329335e+01
12 2.437500e+00 10 2 0.00000000e+00
12 2.437500e+00 10 3 0.00000000e+00
12 2.437500e+00 10 4 0.00000000e+00
12 2.437500e+00 10 5 0.00000000e+00
12 2.437500e+00 10 6 -2.68002885e-04
12 2.437500e+00 10 7 1.39051442e+01
12 2.437500e+00 10 8 0.00000000e+00
12 2.437500e+00 10 9 0.00000000e+00
12 2.437500e+00 10 10 -2.44260042e+07
12 2.437500e+00 10 11 0.00000000e+00
12 2.437500e+00 11 0 0.00000000e+00
12 2.437500e+00 11 1 0.00000000e+00
12 2.437500e+00 11 2 0.00000000e+00
12 2.437500e+00 11 3 0.00000000e+00
12 2.437500e+00 11 4 0.00000000e+00
12 2.437500e+00 11 5 0.00000000e+00
12 2.437500e+00 11 6 0.00000000e+00
12 2.437500e+00 11 7 0.00000000e+00
12 2.437500e+00 11 8 0.00000000e+00
12 2.437500e+00 11 9 0.00000000e+00
12 2.437500e+00 11 10 0.00000000e+00
12 2.437500e+00 11 11 -6.68704504e+02
13 2.625000e+00 0 0 -1.30263937e+04
13 2.625000e+00 0 1 -1.61869453e+01
13 2.625000e+00 0 2 0.00000000e+00
13 2.625000e+00 0 3 -2.57288104e+00
13 2.625000e+00 0 4 0.00000000e+00
13 2.625000e+00 0 5 0.00000000e+00
13 2.625000e+00 0 6 -1.33251421e-04
13 2.625000e+00 0 7 0.00000000e+00
13 2.625000e+00 0 8 0.00000000e+00
13 2.625000e+00 0 9 0.00000000e+00
13 2.625000e+00 0 10 0.00000000e+00
13 2.625000e+00 0 11 0.00000000e+00
13 2.625000e+00 1 0 -2.53806743e+03
13 2.625000e+00 1 1 -2.46701401e+02
13 2.625000e+00 1 2 0.00000000e+00
13 2.625000e+00 1 3 0.00000000e+00
13 2.625000e+00 1 4 -1.72024571e+03
13 2.625000e+00 1 5 0.00000000e+00
13 2.625000e+00 1 6 2.68155988e-04
13 2.625000e+00 1 7 0.00000000e+00
13 2.625000e+00 1 8 4.76102456e+03
13 2.625000e+00 1 9 0.00000000e+00
13 2.625000e+00 1 10 2.42332391e+07
13 2.625000e+00 1 11 0.00000000e+00
13 2.625000e+00 2 0 0.00000000e+00
13 2.625000e+00 2 1 0.00000000e+00
13 2.625000e+00 2 2 -3.79109888e+04
13 2.625000e+00 2 3 0.00000000e+00
13 2.625000e+00 2 4 1.51498761e+01
13 2.625000e+00 2 5 0.00000000e+00
13 2.625000e+00 2 6 8.42765528e-07
13 2.625000e+00 2 7 0.00000000e+00
13 2.625000e+00 2 8 3.34888198e+02
13 2.625000e+00 2 9 0.00000000e+00
13 2.625000e+00 2 10 0.00000000e+00
13 2.625000e+00 2 11 0.00000000e+00
13 2.625000e+00 3 0 -7.51092389e+03
13 2.625000e+00 3 1 5.24337613e+01
13 2.625000e+00 3 2 3.44639875e+02
13 2.625000e+00 3 3 -2.39321377e+01
13 2.625000e+00 3 4 0.00000000e+00
13 2.625000e+00 3 5 2.31745502e+04
13 2.625000e+00 3 6 0.00000000e+00
13 2.625000e+00 3 7 0.00000000e+00
13 2.625000e+00 3 8 -7.98035663e+03
13 2.625000e+00 3 9 0.00000000e+00
13 2.625000e+00 3 10 0.00000000e+00
13 2.625000e+00 3 11 0.00000000e+00
13 2.625000e+00 4 0 7.51092389e+03
13 2.625000e+00 4 1 -5.76075726e+00
13 2.625000e+00 4 2 0.00000000e+00
13 2.625000e+00 4 3 2.57288104e+00
13 2.625000e+00 4 4 -1.51991150e+04
13 2.625000e+00 4 5 0.00000000e+00
13 2.625000e+00 4 6 -1.20395078e-06
13 2.625000e+00 4 7 0.00000000e+00
13 2.625000e+00 4 8 0.00000000e+00
13 2.625000e+00 4 9 0.00000000e+00
13 2.625000e+00 4 10 0.00000000e+00
13 2.625000e+00 4 11 0.00000000e+00
13 2.625000e+00 5 0 0.00000000e+00
13 2.625000e+00 5 1 5.76075726e+00
13 2.625000e+00 5 2 0.00000000e+00
13 2.625000e+00 5 3 2.08006872e+01
13 2.625000e+00 5 4 1.72024571e+03
13 2.625000e+00 5 5 -2.31745502e+04
13 2.625000e+00 5 6 0.00000000e+00
13 2.625000e+00 5 7 0.00000000e+00
13 2.625000e+00 5 8 7.98035663e+03
13 2.625000e+00 5 9 0.00000000e+00
13 2.625000e+00 5 10 0.00000000e+00
13 2.625000e+00 5 11 0.00000000e+00
13 2.625000e+00 6 0 -1.25777087e+03
13 2.625000e+00 6 1 0.00000000e+00
13 2.625000e+00 6 2 3.75663489e+04
13 2.625000e+00 6 3 2.07604499e+01
13 2.625000e+00 6 4 -2.16426830e+01
13 2.625000e+00 6 5 0.00000000e+00
13 2.625000e+00 6 6 -2.87982179e-02
13 2.625000e+00 6 7 0.00000000e+00
13 2.625000e+00 6 8 1.46501368e+04
13 2.625000e+00 6 9 -3.09703811e+07
13 2.625000e+00 6 10 -2.42856307e+07
13 2.625000e+00 6 11 0.00000000e+00
13 2.625000e+00 7 0 1.14848553e+03
13 2.625000e+00 7 1 0.00000000e+00
13 2.625000e+00 7 2 0.00000000e+00
13 2.625000e+00 7 3 0.00000000e+00
13 2.625000e+00 7 4 0.00000000e+00
13 2.625000e+00 7 5 0.00000000e+00
13 2.625000e+00 7 6 1.21673457e-04
13 2.625000e+00 7 7 -3.79425109e+03
13 2.625000e+00 7 8 0.00000000e+00
13 2.625000e+00 7 9 3.19643146e+05
13 2.625000e+00 7 10 1.81637486e+05
13 2.625000e+00 7 11 0.00000000e+00
13 2.625000e+00 8 0 0.00000000e+00
13 2.625000e+00 8 1 0.00000000e+00
13 2.625000e+00 8 2 0.00000000e+00
13 2.625000e+00 8 3 -2.07604499e+01
13 2.625000e+00 8 4 0.00000000e+00
13 2.625000e+00 8 5 0.00000000e+00
13 2.625000e+00 8 6 1.41311237e-02
13 2.625000e+00 8 7 0.00000000e+00
13 2.625000e+00 8 8 -1.75637574e+04
13 2.625000e+00 8 9 3.12900242e+07
13 2.625000e+00 8 10 0.00000000e+00
13 2.625000e+00 8 11 0.00000000e+00
13 2.625000e+00 9 0 1.09285338e+02
13 2.625000e+00 9 1 0.00000000e+00
13 2.625000e+00 9 2 0.00000000e+00
13 2.625000e+00 9 3 0.00000000e+00
13 2.625000e+00 9 4 0.00000000e+00
13 2.625000e+00 9 5 0.00000000e+00
13 2.625000e+00 9 6 1.44357363e-04
13 2.625000e+00 9 7 0.00000000e+00
13 2.625000e+00 9 8 0.00000000e+00
13 2.625000e+00 9 9 -3.16096674e+07
13 2.625000e+00 9 10 0.00000000e+00
13 2.625000e+00 9 11 0.00000000e+00
13 2.625000e+00 10 0 2.53806743e+03
13 2.625000e+00 10 1 1.61869453e+01
13 2.625000e+00 10 2 0.00000000e+00
13 2.625000e+00 10 3 0.00000000e+00
13 2.625000e+00 10 4 0.00000000e+00
13 2.625000e+00 10 5 0.00000000e+00
13 2.625000e+00 10 6 -2.68735735e-04
13 2.625000e+00 10 7 1.40095256e+01
13 2.625000e+00 10 8 0.00000000e+00
13 2.625000e+00 10 9 0.00000000e+00
13 2.625000e+00 10 10 -2.44672682e+07
13 2.625000e+00 10 11 0.00000000e+00
13 2.625000e+00 11 0 0.00000000e+00
13 2.625000e+00 11 1 0.00000000e+00
13 2.625000e+00 11 2 0.00000000e+00
13 2.625000e+00 11 3 0.00000000e+00
13 2.625000e+00 11 4 0.00000000e+00
13 2.625000e+00 11 5 0.00000000e+00
13 2.625000e+00 11 6 0.00000000e+00
13 2.625000e+00 11 7 0.00000000e+00
13 2.625000e+00 11 8 0.00000000e+00
13 2.625000e+00 11 9 0.00000000e+00
13 2.625000e+00 11 10 0.00000000e+00
13 2.625000e+00 11 11 -6.68702076e+02
14 2.812500e+00 0 0 -1.30457528e+04
14 2.812500e+00 0 1 -1.61544266e+01
14 2.812500e+00 0 2 0.00000000e+00
14 2.812500e+00 0 3 -2.56906239e+00
14 2.812500e+00 0 4 0.00000000e+00
14 2.812500e+00 0 5 0.00000000e+00
14 2.812500e+00 0 6 -1.33124679e-04
14 2.812500e+00 0 7 0.00000000e+00
14 2.812500e+00 0 8 0.00000000e+00
14 2.812500e+00 0 9 0.00000000e+00
14 2.812500e+00 0 10 0.00000000e+00
14 2.812500e+00 0 11 0.00000000e+00
14 2.812500e+00 1 0 -2.55145391e+03
14 2.812500e+00 1 1 -2.46162907e+02
14 2.812500e+00 1 2 0.00000000e+00
14 2.812500e+00 1 3 0.00000000e+00
14 2.812500e+00 1 4 -1.72931876e+03
14 2.812500e+00 1 5 0.00000000e+00
14 2.812500e+00 1 6 2.68671871e-04
14 2.812500e+00 1 7 0.00000000e+00
14 2.812500e+00 1 8 4.75706715e+03
14 2.812500e+00 1 9 0.00000000e+00
14 2.812500e+00 1 10 2.42867251e+07
14 2.812500e+00 1 11 0.00000000e+00
14 2.812500e+00 2 0 0.00000000e+00
14 2.812500e+00 2 1 0.00000000e+00
14 2.812500e+00 2 2 -3.29151718e+04
14 2.812500e+00 2 3 0.00000000e+00
14 2.812500e+00 2 4 1.51695281e+01
14 2.812500e+00 2 5 0.00000000e+00
14 2.812500e+00 2 6 8.40416089e-07
14 2.812500e+00 2 7 0.00000000e+00
14 2.812500e+00 2 8 3.32463454e+02
14 2.812500e+00 2 9 0.00000000e+00
14 2.812500e+00 2 10 0.00000000e+00
14 2.812500e+00 2 11 0.00000000e+00
14 2.812500e+00 3 0 -7.51346795e+03
14 2.812500e+00 3 1 5.20500434e+01
14 2.812500e+00 3 2 3.44423254e+02
14 2.812500e+00 3 3 -2.40200504e+01
14 2.812500e+00 3 4 0.00000000e+00
14 2.812500e+00 3 5 2.30594632e+04
14 2.812500e+00 3 6 0.00000000e+00
14 2.812500e+00 3 7 0.00000000e+00
14 2.812500e+00 3 8 -7.98305970e+03
14 2.812500e+00 3 9 0.00000000e+00
14 2.812500e+00 3 10 0.00000000e+00
14 2.812500e+00 3 11 0.00000000e+00
14 2.812500e+00 4 0 7.51346795e+03
14 2.812500e+00 4 1 -5.74681003e+00
14 2.812500e+00 4 2 0.00000000e+00
14 2.812500e+00 4 3 2.56906239e+00
14 2.812500e+00 4 4 -1.52072928e+04
14 2.812500e+00 4 5 0.00000000e+00
14 2.812500e+00 4 6 -1.20059457e-06
14 2.812500e+00 4 7 0.00000000e+00
14 2.812500e+00 4 8 0.00000000e+00
14 2.812500e+00 4 9 0.00000000e+00
14 2.812500e+00 4 10 0.00000000e+00
14 2.812500e+00 4 11 0.00000000e+00
14 2.812500e+00 5 0 0.00000000e+00
14 2.812500e+00 5 1 5.74681000e+00
14 2.812500e+00 5 2 0.00000000e+00
14 2.812500e+00 5 3 2.08911941e+01
14 2.812500e+00 5 4 1.72931876e+03
14 2.812500e+00 5 5 -2.30594632e+04
14 2.812500e+00 5 6 0.00000000e+00
14 2.812500e+00 5 7 0.00000000e+00
14 2.812500e+00 5 8 7.98305970e+03
14 2.812500e+00 5 9 0.00000000e+00
14 2.812500e+00 5 10 0.00000000e+00
14 2.812500e+00 5 11 0.00000000e+00
14 2.812500e+00 6 0 -1.26120086e+03
14 2.812500e+00 6 1 0.00000000e+00
14 2.812500e+00 6 2 3.25707485e+04
14 2.812500e+00 6 3 2.08509568e+01
14 2.812500e+00 6 4 -2.16707552e+01
14 2.812500e+00 6 5 0.00000000e+00
14 2.812500e+00 6 6 -2.87993742e-02
14 2.812500e+00 6 7 0.00000000e+00
14 2.812500e+00 6 8 1.46388266e+04
14 2.812500e+00 6 9 -3.10830353e+07
14 2.812500e+00 6 10 -2.43388658e+07
14 2.812500e+00 6 11 0.00000000e+00
14 2.812500e+00 7 0 1.15167596e+03
14 2.812500e+00 7 1 0.00000000e+00
14 2.812500e+00 7 2 0.00000000e+00
14 2.812500e+00 7 3 0.00000000e+00
14 2.812500e+00 7 4 0.00000000e+00
14 2.812500e+00 7 5 0.00000000e+00
14 2.812500e+00 7 6 1.21563898e-04
14 2.812500e+00 7 7 -3.79432509e+03
14 2.812500e+00 7 8 0.00000000e+00
14 2.812500e+00 7 9 2.77054152e+05
14 2.812500e+00 7 10 1.57452679e+05
14 2.812500e+00 7 11 0.00000000e+00
14 2.812500e+00 8 0 0.00000000e+00
14 2.812500e+00 8 1 0.00000000e+00
14 2.812500e+00 8 2 0.00000000e+00
14 2.812500e+00 8 3 -2.08509568e+01
14 2.812500e+00 8 4 0.00000000e+00
14 2.812500e+00 8 5 0.00000000e+00
14 2.812500e+00 8 6 1.41412141e-02
14 2.812500e+00 8 7 0.00000000e+00
14 2.812500e+00 8 8 -1.75383769e+04
14 2.812500e+00 8 9 3.13600895e+07
14 2.812500e+00 8 10 0.00000000e+00
14 2.812500e+00 8 11 0.00000000e+00
14 2.812500e+00 9 0 1.09524895e+02
14 2.812500e+00 9 1 0.00000000e+00
14 2.812500e+00 9 2 0.00000000e+00
14 2.812500e+00 9 3 0.00000000e+00
14 2.812500e+00 9 4 0.00000000e+00
14 2.812500e+00 9 5 0.00000000e+00
14 2.812500e+00 9 6 1.24932747e-04
14 2.812500e+00 9 7 0.00000000e+00
14 2.812500e+00 9 8 0.00000000e+00
14 2.812500e+00 9 9 -3.16371436e+07
14 2.812500e+00 9 10 0.00000000e+00
14 2.812500e+00 9 11 0.00000000e+00
14 2.812500e+00 10 0 2.55145391e+03
14 2.812500e+00 10 1 1.61544266e+01
14 2.812500e+00 10 2 0.00000000e+00
14 2.812500e+00 10 3 0.00000000e+00
14 2.812500e+00 10 4 0.00000000e+00
14 2.812500e+00 10 5 0.00000000e+00
14 2.812500e+00 10 6 -2.69248677e-04
14 2.812500e+00 10 7 1.40849433e+01
14 2.812500e+00 10 8 0.00000000e+00
14 2.812500e+00 10 9 0.00000000e+00
14 2.812500e+00 10 10 -2.44963185e+07
14 2.812500e+00 10 11 0.00000000e+00
14 2.812500e+00 11 0 0.00000000e+00
14 2.812500e+00 11 1 0.00000000e+00
14 2.812500e+00 11 2 0.00000000e+00
14 2.812500e+00 11 3 0.00000000e+00
14 2.812500e+00 11 4 0.00000000e+00
14 2.812500e+00 11 5 0.00000000e+00
14 2.812500e+00 11 6 0.00000000e+00
14 2.812500e+00 11 7 0.00000000e+00
14 2.812500e+00 11 8 0.00000000e+00
14 2.812500e+00 11 9 0.00000000e+00
14 2.812500e+00 11 10 0.00000000e+00
14 2.812500e+00 11 11 -6.68700374e+02
15 3.000000e+00 0 0 -1.30594525e+04
15 3.000000e+00 0 1 -1.61313654e+01
15 3.000000e+00 0 2 0.00000000e+00
15 3.000000e+00 0 3 -2.56636692e+00
15 3.000000e+00 0 4 0.00000000e+00
15 3.000000e+00 0 5 0.00000000e+00
15 3.000000e+00 0 6 -1.33036111e-04
15 3.000000e+00 0 7 0.00000000e+00
15 3.000000e+00 0 8 0.00000000e+00
15 3.000000e+00 0 9 0.00000000e+00
15 3.000000e+00 0 10 0.00000000e+00
15 3.000000e+00 0 11 0.00000000e+00
15 3.000000e+00 1 0 -2.56091926e+03
15 3.000000e+00 1 1 -2.45779719e+02
15 3.000000e+00 1 2 0.00000000e+00
15 3.000000e+00 1 3 0.00000000e+00
15 3.000000e+00 1 4 -1.73573417e+03
15 3.000000e+00 1 5 0.00000000e+00
15 3.000000e+00 1 6 2.69034354e-04
15 3.000000e+00 1 7 0.00000000e+00
15 3.000000e+00 1 8 4.75424727e+03
15 3.000000e+00 1 9 0.00000000e+00
15 3.000000e+00 1 10 2.43243864e+07
15 3.000000e+00 1 11 0.00000000e+00
15 3.000000e+00 2 0 0.00000000e+00
15 3.000000e+00 2 1 0.00000000e+00
15 3.000000e+00 2 2 -2.93957636e+04
15 3.000000e+00 2 3 0.00000000e+00
15 3.000000e+00 2 4 1.51831075e+01
15 3.000000e+00 2 5 0.00000000e+00
15 3.000000e+00 2 6 8.38746314e-07
15 3.000000e+00 2 7 0.00000000e+00
15 3.000000e+00 2 8 3.30736099e+02
15 3.000000e+00 2 9 0.00000000e+00
15 3.000000e+00 2 10 0.00000000e+00
15 3.000000e+00 2 11 0.00000000e+00
15 3.000000e+00 3 0 -7.51527549e+03
15 3.000000e+00 3 1 5.17766867e+01
15 3.000000e+00 3 2 3.44269506e+02
15 3.000000e+00 3 3 -2.40820878e+01
15 3.000000e+00 3 4 0.00000000e+00
15 3.000000e+00 3 5 2.29785919e+04
15 3.000000e+00 3 6 0.00000000e+00
15 3.000000e+00 3 7 0.00000000e+00
15 3.000000e+00 3 8 -7.98498021e+03
15 3.000000e+00 3 9 0.00000000e+00
15 3.000000e+00 3 10 0.00000000e+00
15 3.000000e+00 3 11 0.00000000e+00
15 3.000000e+00 4 0 7.51527549e+03
15 3.000000e+00 4 1 -5.73691418e+00
15 3.000000e+00 4 2 0.00000000e+00
15 3.000000e+00 4 3 2.56636692e+00
15 3.000000e+00 4 4 -1.52130752e+04
15 3.000000e+00 4 5 0.00000000e+00
15 3.000000e+00 4 6 -1.19820890e-06
15 3.000000e+00 4 7 0.00000000e+00
15 3.000000e+00 4 8 0.00000000e+00
15 3.000000e+00 4 9 0.00000000e+00
15 3.000000e+00 4 10 0.00000000e+00
15 3.000000e+00 4 11 0.00000000e+00
15 3.000000e+00 5 0 0.00000000e+00
15 3.000000e+00 5 1 5.73691416e+00
15 3.000000e+00 5 2 0.00000000e+00
15 3.000000e+00 5 3 2.09550648e+01
15 3.000000e+00 5 4 1.73573417e+03
15 3.000000e+00 5 5 -2.29785919e+04
15 3.000000e+00 5 6 0.00000000e+00
15 3.000000e+00 5 7 0.00000000e+00
15 3.000000e+00 5 8 7.98498021e+03
15 3.000000e+00 5 9 0.00000000e+00
15 3.000000e+00 5 10 0.00000000e+00
15 3.000000e+00 5 11 0.00000000e+00
15 3.000000e+00 6 0 -1.26362870e+03
15 3.000000e+00 6 1 0.00000000e+00
15 3.000000e+00 6 2 2.90514941e+04
15 3.000000e+00 6 3 2.09148275e+01
15 3.000000e+00 6 4 -2.16901490e+01
15 3.000000e+00 6 5 0.00000000e+00
15 3.000000e+00 6 6 -2.88001530e-02
15 3.000000e+00 6 7 0.00000000e+00
15 3.000000e+00 6 8 1.46308402e+04
15 3.000000e+00 6 9 -3.11623881e+07
15 3.000000e+00 6 10 -2.43763508e+07
15 3.000000e+00 6 11 0.00000000e+00
15 3.000000e+00 7 0 1.15393512e+03
15 3.000000e+00 7 1 0.00000000e+00
15 3.000000e+00 7 2 0.00000000e+00
15 3.000000e+00 7 3 0.00000000e+00
15 3.000000e+00 7 4 0.00000000e+00
15 3.000000e+00 7 5 0.00000000e+00
15 3.000000e+00 7 6 1.21487460e-04
15 3.000000e+00 7 7 -3.79437872e+03
15 3.000000e+00 7 8 0.00000000e+00
15 3.000000e+00 7 9 2.47065489e+05
15 3.000000e+00 7 10 1.40420394e+05
15 3.000000e+00 7 11 0.00000000e+00
15 3.000000e+00 8 0 0.00000000e+00
15 3.000000e+00 8 1 0.00000000e+00
15 3.000000e+00 8 2 0.00000000e+00
15 3.000000e+00 8 3 -2.09148276e+01
15 3.000000e+00 8 4 0.00000000e+00
15 3.000000e+00 8 5 0.00000000e+00
15 3.000000e+00 8 6 1.41482840e-02
15 3.000000e+00 8 7 0.00000000e+00
15 3.000000e+00 8 8 -1.75205081e+04
15 3.000000e+00 8 9 3.14094536e+07
15 3.000000e+00 8 10 0.00000000e+00
15 3.000000e+00 8 11 0.00000000e+00
15 3.000000e+00 9 0 1.09693579e+02
15 3.000000e+00 9 1 0.00000000e+00
15 3.000000e+00 9 2 0.00000000e+00
15 3.000000e+00 9 3 0.00000000e+00
15 3.000000e+00 9 4 0.00000000e+00
15 3.000000e+00 9 5 0.00000000e+00
15 3.000000e+00 9 6 1.11290274e-04
15 3.000000e+00 9 7 0.00000000e+00
15 3.000000e+00 9 8 0.00000000e+00
15 3.000000e+00 9 9 -3.16565191e+07
15 3.000000e+00 9 10 0.00000000e+00
15 3.000000e+00 9 11 0.00000000e+00
15 3.000000e+00 10 0 2.56091926e+03
15 3.000000e+00 10 1 1.61313654e+01
15 3.000000e+00 10 2 0.00000000e+00
15 3.000000e+00 10 3 0.00000000e+00
15 3.000000e+00 10 4 0.00000000e+00
15 3.000000e+00 10 5 0.00000000e+00
15 3.000000e+00 10 6 -2.69609094e-04
15 3.000000e+00 10 7 1.41395781e+01
15 3.000000e+00 10 8 0.00000000e+00
15 3.000000e+00 10 9 0.00000000e+00
15 3.000000e+00 10 10 -2.45167712e+07
15 3.000000e+00 10 11 0.00000000e+00
15 3.000000e+00 11 0 0.00000000e+00
15 3.000000e+00 11 1 0.00000000e+00
15 3.000000e+00 11 2 0.00000000e+00
15 3.000000e+00 11 3 0.00000000e+00
15 3.000000e+00 11 4 0.00000000e+00
15 3.000000e+00 11 5 0.00000000e+00
15 3.000000e+00 11 6 0.00000000e+00
15 3.000000e+00 11 7 0.00000000e+00
15 3.000000e+00 11 8 0.00000000e+00
15 3.000000e+00 11 9 0.00000000e+00
15 3.000000e+00 11 10 0.00000000e+00
15 3.000000e+00 11 11 -6.68699178e+02
