# order_check Si+,H2+,H3+,H+,O+,C+,CHx,OHx,CO,He+,H2  He+,Si+,H2+,H3+,H+,CHx,OHx,CO,O+,C+,H2  Si+,H2+,H3+,H+,CHx,OHx,CO,He+,O+,C+,H2
# case N then per order (0 default, 1 default listed, 2 low lag, 3 rho+lag) |dT/T| |dy/y| max_s|dx/x|; reference: order 0, 200000 substeps
# case 0 reference T 7.438098e+03 K y 9.579997e-01; order 1 at 200000: dT/T 0.00e+00 dy/y 0.00e+00 order 2 at 200000: dT/T 0.00e+00 dy/y 0.00e+00 order 3 at 200000: dT/T 0.00e+00 dy/y 0.00e+00
0 1 4.113524e+01 4.639450e-03 1.000000e+00 4.113524e+01 4.639450e-03 1.000000e+00 4.113524e+01 4.639450e-03 1.000000e+00 4.113524e+01 4.639450e-03 1.000000e+00
0 2 9.998656e-01 4.362819e-02 6.458979e-01 9.998656e-01 4.362819e-02 6.458979e-01 9.998656e-01 4.362819e-02 6.458979e-01 9.998656e-01 4.362819e-02 6.458979e-01
0 4 5.273114e+00 5.136416e-01 9.987446e-01 5.273114e+00 5.136416e-01 9.987446e-01 5.273114e+00 5.136416e-01 9.987446e-01 5.273114e+00 5.136416e-01 9.987446e-01
0 8 5.499755e-02 3.317288e-03 4.892584e-01 5.499755e-02 3.317288e-03 4.892584e-01 5.499755e-02 3.317288e-03 4.892584e-01 5.499755e-02 3.317288e-03 4.892584e-01
0 16 1.154400e-02 5.718653e-04 2.117830e-01 1.154400e-02 5.718653e-04 2.117830e-01 1.154400e-02 5.718653e-04 2.117830e-01 1.154400e-02 5.718653e-04 2.117830e-01
0 32 3.105688e-03 1.351846e-04 7.108275e-02 3.105688e-03 1.351846e-04 7.108275e-02 3.105688e-03 1.351846e-04 7.108275e-02 3.105688e-03 1.351846e-04 7.108275e-02
0 64 1.612648e-03 6.284557e-05 5.251393e-02 1.612648e-03 6.284557e-05 5.251393e-02 1.612648e-03 6.284557e-05 5.251393e-02 1.612648e-03 6.284557e-05 5.251393e-02
0 128 9.387178e-04 3.387554e-05 2.597884e-02 9.387178e-04 3.387554e-05 2.597884e-02 9.387178e-04 3.387554e-05 2.597884e-02 9.387178e-04 3.387554e-05 2.597884e-02
0 256 5.472091e-04 1.880123e-05 1.249756e-02 5.472091e-04 1.880123e-05 1.249756e-02 5.472091e-04 1.880123e-05 1.249756e-02 5.472091e-04 1.880123e-05 1.249756e-02
0 512 3.034905e-04 1.014712e-05 6.082410e-03 3.034905e-04 1.014712e-05 6.082410e-03 3.034905e-04 1.014712e-05 6.082410e-03 3.034905e-04 1.014712e-05 6.082410e-03
0 1024 1.606163e-04 5.295389e-06 2.990530e-03 1.606163e-04 5.295389e-06 2.990530e-03 1.606163e-04 5.295389e-06 2.990530e-03 1.606163e-04 5.295389e-06 2.990530e-03
0 4096 4.144065e-05 1.351911e-06 7.279670e-04 4.144065e-05 1.351911e-06 7.279670e-04 4.144065e-05 1.351911e-06 7.279670e-04 4.144065e-05 1.351911e-06 7.279670e-04
0 16384 9.828103e-06 3.197767e-07 1.700953e-04 9.828103e-06 3.197767e-07 1.700953e-04 9.828103e-06 3.197767e-07 1.700953e-04 9.828103e-06 3.197767e-07 1.700953e-04
# case 1 reference T 4.046458e+03 K y 3.199423e-01; order 1 at 200000: dT/T 5.33e-15 dy/y 4.44e-16 order 2 at 200000: dT/T 1.78e-15 dy/y -5.55e-16 order 3 at 200000: dT/T 1.78e-15 dy/y -2.22e-16
1 1 5.936662e-01 1.931891e-01 2.495683e+00 5.936662e-01 1.931891e-01 2.495683e+00 5.936662e-01 1.931891e-01 2.495683e+00 5.936662e-01 1.931891e-01 2.495683e+00
1 2 1.766643e-01 7.214703e-01 7.214703e-01 1.766643e-01 7.214703e-01 7.214703e-01 1.766643e-01 7.214703e-01 7.214703e-01 1.766643e-01 7.214703e-01 7.214703e-01
1 4 1.712369e-02 3.195036e-01 4.634640e-01 1.712369e-02 3.195036e-01 4.634640e-01 1.712369e-02 3.195036e-01 4.634640e-01 1.712369e-02 3.195036e-01 4.634640e-01
1 8 1.700047e-02 1.698205e-01 2.363970e-01 1.700047e-02 1.698205e-01 2.363970e-01 1.700047e-02 1.698205e-01 2.363970e-01 1.700047e-02 1.698205e-01 2.363970e-01
1 16 1.737119e-02 8.825980e-02 1.181083e-01 1.737119e-02 8.825980e-02 1.181083e-01 1.737119e-02 8.825980e-02 1.181083e-01 1.737119e-02 8.825980e-02 1.181083e-01
1 32 1.152292e-02 4.497619e-02 5.888770e-02 1.152292e-02 4.497619e-02 5.888770e-02 1.152292e-02 4.497619e-02 5.888770e-02 1.152292e-02 4.497619e-02 5.888770e-02
1 64 6.579992e-03 2.268414e-02 2.937116e-02 6.579992e-03 2.268414e-02 2.937116e-02 6.579992e-03 2.268414e-02 2.937116e-02 6.579992e-03 2.268414e-02 2.937116e-02
1 128 3.509938e-03 1.138552e-02 1.465963e-02 3.509938e-03 1.138552e-02 1.465963e-02 3.509938e-03 1.138552e-02 1.465963e-02 3.509938e-03 1.138552e-02 1.465963e-02
1 256 1.811269e-03 5.700449e-03 7.319235e-03 1.811269e-03 5.700449e-03 7.319235e-03 1.811269e-03 5.700449e-03 7.319235e-03 1.811269e-03 5.700449e-03 7.319235e-03
1 512 9.191230e-04 2.849348e-03 3.653387e-03 9.191230e-04 2.849348e-03 3.653387e-03 9.191230e-04 2.849348e-03 3.653387e-03 9.191230e-04 2.849348e-03 3.653387e-03
1 1024 4.620927e-04 1.421706e-03 1.821616e-03 4.620927e-04 1.421706e-03 1.821616e-03 4.620927e-04 1.421706e-03 1.821616e-03 4.620927e-04 1.421706e-03 1.821616e-03
1 4096 1.144440e-04 3.500683e-04 4.483031e-04 1.144440e-04 3.500683e-04 4.483031e-04 1.144440e-04 3.500683e-04 4.483031e-04 1.144440e-04 3.500683e-04 4.483031e-04
1 16384 2.686018e-05 8.203560e-05 1.050422e-04 2.686018e-05 8.203560e-05 1.050422e-04 2.686018e-05 8.203560e-05 1.050422e-04 2.686018e-05 8.203560e-05 1.050422e-04
# case 2 reference T 4.420793e+01 K y 1.522209e-04; order 1 at 200000: dT/T -1.39e-09 dy/y -3.27e-10 order 2 at 200000: dT/T 5.85e-09 dy/y 1.35e-09 order 3 at 200000: dT/T 1.74e-09 dy/y 3.66e-10
2 1 1.393378e-01 1.000000e+00 6.590691e+00 1.393378e-01 1.000000e+00 6.590691e+00 1.393378e-01 1.000000e+00 6.590691e+00 1.393378e-01 1.000000e+00 6.590691e+00
2 2 8.974184e-01 4.089808e-02 3.492324e+00 8.978275e-01 3.513368e-02 1.010944e+00 8.970031e-01 4.276001e-02 4.149772e+00 8.975409e-01 3.921197e-02 1.010944e+00
2 4 1.071409e+01 3.745499e-02 1.335242e+01 1.074996e+01 3.796504e-02 1.287439e+01 1.055826e+01 6.738225e-01 3.710597e+00 1.072313e+01 3.756617e-02 1.331889e+01
2 8 1.787041e+00 4.719225e-02 2.886521e+00 1.299148e+00 4.779813e-02 2.287210e+00 2.517583e-01 4.393140e-01 4.393140e-01 8.168305e-01 4.030915e-01 4.578873e-01
2 16 1.020092e-02 4.908818e-02 8.461665e-01 5.794652e-01 4.858581e-02 1.421328e+00 3.342502e-01 2.953455e-01 2.966498e-01 2.749654e-01 2.612076e-01 2.612076e-01
2 32 1.372624e-01 4.944995e-02 4.759757e-01 1.364734e-01 4.947733e-02 4.582218e-01 1.412762e-01 4.939061e-02 4.735941e-01 1.367042e-01 4.943695e-02 4.554086e-01
2 64 4.028401e-04 1.072369e-04 3.045006e-02 3.989367e-04 1.064106e-04 3.045712e-02 4.212110e-04 1.110639e-04 3.040040e-02 4.084392e-04 1.082992e-04 3.042544e-02
2 128 2.093028e-04 5.454393e-05 1.531106e-02 2.072372e-04 5.408216e-05 1.531404e-02 2.184727e-04 5.655664e-05 1.528756e-02 2.120626e-04 5.509544e-05 1.529904e-02
2 256 1.065925e-04 2.748148e-05 7.670659e-03 1.055332e-04 2.723839e-05 7.672018e-03 1.111719e-04 2.851222e-05 7.659194e-03 1.079627e-04 2.776219e-05 7.664676e-03
2 512 5.373188e-05 1.377877e-05 3.835097e-03 5.319585e-05 1.365417e-05 3.835744e-03 5.602003e-05 1.430019e-05 3.829432e-03 5.441460e-05 1.392036e-05 3.832110e-03
2 1024 2.692298e-05 6.885463e-06 1.913759e-03 2.665340e-05 6.822397e-06 1.914075e-03 2.806664e-05 7.147679e-06 1.910943e-03 2.726375e-05 6.956560e-06 1.912266e-03
2 4096 6.650152e-06 1.697325e-06 4.712612e-04 6.582467e-06 1.681415e-06 4.713386e-04 6.935987e-06 1.763161e-06 4.705602e-04 6.735234e-06 1.715157e-06 4.708882e-04
2 16384 1.559627e-06 3.978644e-07 1.104378e-04 1.542687e-06 3.938780e-07 1.104571e-04 1.631081e-06 4.143410e-07 1.102627e-04 1.580891e-06 4.023259e-07 1.103446e-04
# case 3 reference T 7.153105e+02 K y 8.613342e-02; order 1 at 200000: dT/T 1.01e-11 dy/y 2.47e-13 order 2 at 200000: dT/T -1.12e-11 dy/y -2.20e-12 order 3 at 200000: dT/T -1.59e-12 dy/y -2.02e-12
3 1 2.261658e+00 1.103900e+00 4.100936e+00 2.261659e+00 1.103900e+00 4.096606e+00 2.261658e+00 1.103900e+00 4.100936e+00 2.261659e+00 1.103900e+00 4.096606e+00
3 2 3.247740e-01 6.433427e-01 7.497692e+00 3.247746e-01 6.433427e-01 7.494862e+00 3.247750e-01 6.433427e-01 7.497643e+00 3.247756e-01 6.433427e-01 7.494795e+00
3 4 1.225492e-02 3.511409e-01 2.239105e+00 1.225444e-02 3.511409e-01 2.238635e+00 1.226602e-02 3.511407e-01 2.237696e+00 1.226553e-02 3.511407e-01 2.237225e+00
3 8 1.257314e-02 1.840100e-01 9.263273e-01 1.257288e-02 1.840100e-01 9.261912e-01 1.257508e-02 1.840099e-01 9.259234e-01 1.257483e-02 1.840099e-01 9.257863e-01
3 16 6.505197e-03 9.426036e-02 4.220688e-01 6.505068e-03 9.426036e-02 4.220186e-01 6.505616e-03 9.426032e-02 4.220217e-01 6.505493e-03 9.426033e-02 4.219706e-01
3 32 3.325449e-03 4.771011e-02 2.005144e-01 3.325385e-03 4.771011e-02 2.004931e-01 3.325569e-03 4.771009e-02 2.005133e-01 3.325508e-03 4.771010e-02 2.004915e-01
3 64 1.695456e-03 2.399951e-02 9.757870e-02 1.695425e-03 2.399951e-02 9.756893e-02 1.695501e-03 2.399951e-02 9.758143e-02 1.695471e-03 2.399951e-02 9.757146e-02
3 128 8.583379e-04 1.203327e-02 4.810411e-02 8.583220e-04 1.203327e-02 4.809943e-02 8.583576e-04 1.203326e-02 4.810605e-02 8.583425e-04 1.203326e-02 4.810127e-02
3 256 4.320039e-04 6.022149e-03 2.386891e-02 4.319960e-04 6.022150e-03 2.386663e-02 4.320132e-04 6.022148e-03 2.387000e-02 4.320057e-04 6.022148e-03 2.386766e-02
3 512 2.165421e-04 3.009559e-03 1.187724e-02 2.165382e-04 3.009559e-03 1.187611e-02 2.165467e-04 3.009558e-03 1.187781e-02 2.165429e-04 3.009558e-03 1.187666e-02
3 1024 1.082087e-04 1.501503e-03 5.912918e-03 1.082068e-04 1.501503e-03 5.912357e-03 1.082109e-04 1.501502e-03 5.913208e-03 1.082091e-04 1.501502e-03 5.912634e-03
3 4096 2.667408e-05 3.696882e-04 1.453476e-03 2.667358e-05 3.696883e-04 1.453336e-03 2.667463e-05 3.696881e-04 1.453550e-03 2.667416e-05 3.696881e-04 1.453407e-03
3 16384 6.252936e-06 8.663126e-05 3.404634e-04 6.252812e-06 8.663126e-05 3.404285e-04 6.253073e-06 8.663123e-05 3.404819e-04 6.252955e-06 8.663123e-05 3.404462e-04
