# case N then per order (0 default, 1 default listed, 2 low lag, 3 rho+lag) |dT/T| |dy/y| max_s|dx/x|; reference: order 0, 200000 substeps
# case 0 reference T 7.438098e+03 K y 9.579997e-01; order 1 at 200000: dT/T 0.00e+00 dy/y 0.00e+00 order 2 at 200000: dT/T 4.67e-08 dy/y 1.35e-09 order 3 at 200000: dT/T 4.67e-08 dy/y 1.35e-09
0 1 4.113524e+01 4.639450e-03 1.000000e+00 H2+ 4.113524e+01 4.639450e-03 1.000000e+00 H2+ 4.113598e+01 4.639564e-03 9.999860e-01 O+ 4.113598e+01 4.639564e-03 9.999860e-01 O+
0 2 9.998656e-01 4.362819e-02 6.458979e-01 H2 9.998656e-01 4.362819e-02 6.458979e-01 H2 9.998656e-01 4.360457e-02 9.623613e-01 H2+ 9.998656e-01 4.360457e-02 9.623613e-01 H2+
0 4 5.273114e+00 5.136416e-01 9.987446e-01 O+ 5.273114e+00 5.136416e-01 9.987446e-01 O+ 5.293604e+00 5.168372e-01 3.646894e+00 H2 5.293604e+00 5.168372e-01 3.646894e+00 H2
0 8 5.499755e-02 3.317288e-03 4.892584e-01 H2 5.499755e-02 3.317288e-03 4.892584e-01 H2 5.735591e-02 3.396621e-03 6.738862e-01 H2 5.735591e-02 3.396621e-03 6.738862e-01 H2
0 16 1.154400e-02 5.718653e-04 2.117830e-01 H2 1.154400e-02 5.718653e-04 2.117830e-01 H2 1.183140e-02 5.818019e-04 4.955574e-01 H2 1.183140e-02 5.818019e-04 4.955574e-01 H2
0 32 3.105688e-03 1.351846e-04 7.108275e-02 H2+ 3.105688e-03 1.351846e-04 7.108275e-02 H2+ 3.293917e-03 1.408647e-04 2.760806e-01 H2+ 3.293917e-03 1.408647e-04 2.760806e-01 H2+
0 64 1.612648e-03 6.284557e-05 5.251393e-02 H2+ 1.612648e-03 6.284557e-05 5.251393e-02 H2+ 1.725154e-03 6.616845e-05 1.558628e-01 H2+ 1.725154e-03 6.616845e-05 1.558628e-01 H2+
0 128 9.387178e-04 3.387554e-05 2.597884e-02 H2+ 9.387178e-04 3.387554e-05 2.597884e-02 H2+ 1.000839e-03 3.569066e-05 8.619629e-02 H2+ 1.000839e-03 3.569066e-05 8.619629e-02 H2+
0 256 5.472091e-04 1.880123e-05 1.249756e-02 H2+ 5.472091e-04 1.880123e-05 1.249756e-02 H2+ 5.805539e-04 1.976961e-05 4.624860e-02 H2+ 5.805539e-04 1.976961e-05 4.624860e-02 H2+
0 512 3.034905e-04 1.014712e-05 6.082410e-03 H2+ 3.034905e-04 1.014712e-05 6.082410e-03 H2+ 3.209136e-04 1.065143e-05 2.415103e-02 H2+ 3.209136e-04 1.065143e-05 2.415103e-02 H2+
0 1024 1.606163e-04 5.295389e-06 2.990530e-03 H2+ 1.606163e-04 5.295389e-06 2.990530e-03 H2+ 1.695346e-04 5.553084e-06 1.237788e-02 H2+ 1.695346e-04 5.553084e-06 1.237788e-02 H2+
0 4096 4.144065e-05 1.351911e-06 7.279670e-04 H2+ 4.144065e-05 1.351911e-06 7.279670e-04 H2+ 4.370811e-05 1.417346e-06 3.166363e-03 H2+ 4.370811e-05 1.417346e-06 3.166363e-03 H2+
0 16384 9.828103e-06 3.197767e-07 1.700953e-04 H2+ 9.828103e-06 3.197767e-07 1.700953e-04 H2+ 1.039720e-05 3.361949e-07 8.069413e-04 H2+ 1.039720e-05 3.361949e-07 8.069413e-04 H2+
# case 1 reference T 4.046458e+03 K y 3.199423e-01; order 1 at 200000: dT/T 0.00e+00 dy/y 0.00e+00 order 2 at 200000: dT/T 1.46e-07 dy/y -2.11e-07 order 3 at 200000: dT/T 1.46e-07 dy/y -2.11e-07
1 1 5.936662e-01 1.931891e-01 2.495683e+00 O+ 5.936662e-01 1.931891e-01 2.495683e+00 O+ 3.521254e-01 5.653246e-01 2.621574e+00 O+ 3.521254e-01 5.653246e-01 2.621574e+00 O+
1 2 1.766643e-01 7.214703e-01 7.214703e-01 H+ 1.766643e-01 7.214703e-01 7.214703e-01 H+ 7.642866e-02 5.936012e-01 8.995678e-01 O+ 7.642866e-02 5.936012e-01 8.995678e-01 O+
1 4 1.712369e-02 3.195036e-01 4.634640e-01 O+ 1.712369e-02 3.195036e-01 4.634640e-01 O+ 3.176239e-02 3.212374e-01 6.383742e-01 O+ 3.176239e-02 3.212374e-01 6.383742e-01 O+
1 8 1.700047e-02 1.698205e-01 2.363970e-01 O+ 1.700047e-02 1.698205e-01 2.363970e-01 O+ 3.758989e-02 1.686933e-01 3.219452e-01 O+ 3.758989e-02 1.686933e-01 3.219452e-01 O+
1 16 1.737119e-02 8.825980e-02 1.181083e-01 O+ 1.737119e-02 8.825980e-02 1.181083e-01 O+ 2.391601e-02 8.638563e-02 1.586360e-01 O+ 2.391601e-02 8.638563e-02 1.586360e-01 O+
1 32 1.152292e-02 4.497619e-02 5.888770e-02 O+ 1.152292e-02 4.497619e-02 5.888770e-02 O+ 1.309527e-02 4.376259e-02 7.851296e-02 O+ 1.309526e-02 4.376259e-02 7.851296e-02 O+
1 64 6.579992e-03 2.268414e-02 2.937116e-02 O+ 6.579992e-03 2.268414e-02 2.937116e-02 O+ 6.802579e-03 2.203606e-02 3.903895e-02 O+ 6.802579e-03 2.203606e-02 3.903895e-02 O+
1 128 3.509938e-03 1.138552e-02 1.465963e-02 O+ 3.509938e-03 1.138552e-02 1.465963e-02 O+ 3.459423e-03 1.105661e-02 1.946119e-02 O+ 3.459423e-03 1.105661e-02 1.946119e-02 O+
1 256 1.811269e-03 5.700449e-03 7.319235e-03 O+ 1.811269e-03 5.700449e-03 7.319235e-03 O+ 1.742683e-03 5.535606e-03 9.712554e-03 O+ 1.742683e-03 5.535606e-03 9.712554e-03 O+
1 512 9.191230e-04 2.849348e-03 3.653387e-03 O+ 9.191230e-04 2.849348e-03 3.653387e-03 O+ 8.736243e-04 2.766944e-03 4.848271e-03 O+ 8.736243e-04 2.766944e-03 4.848271e-03 O+
1 1024 4.620927e-04 1.421706e-03 1.821616e-03 O+ 4.620927e-04 1.421706e-03 1.821616e-03 O+ 4.364971e-04 1.380524e-03 2.418626e-03 O+ 4.364971e-04 1.380524e-03 2.418626e-03 O+
1 4096 1.144440e-04 3.500683e-04 4.483031e-04 O+ 1.144440e-04 3.500683e-04 4.483031e-04 O+ 1.075087e-04 3.397788e-04 5.974767e-04 O+ 1.075087e-04 3.397788e-04 5.974767e-04 O+
1 16384 2.686018e-05 8.203560e-05 1.050422e-04 O+ 2.686018e-05 8.203560e-05 1.050422e-04 O+ 2.509304e-05 7.946373e-05 1.423308e-04 O+ 2.509304e-05 7.946373e-05 1.423308e-04 O+
# case 2 reference T 4.420793e+01 K y 1.522209e-04; order 1 at 200000: dT/T 0.00e+00 dy/y 0.00e+00 order 2 at 200000: dT/T 2.61e-08 dy/y 5.73e-09 order 3 at 200000: dT/T 3.33e-08 dy/y 7.46e-09
2 1 1.393378e-01 1.000000e+00 6.590691e+00 H+ 1.393378e-01 1.000000e+00 6.590691e+00 H+ 1.393383e-01 1.000000e+00 1.497615e+01 H+ 1.393383e-01 9.718549e-01 1.496769e+01 H+
2 2 8.974184e-01 4.089808e-02 3.492324e+00 He+ 8.974184e-01 4.089808e-02 3.492324e+00 He+ 9.025387e-01 4.967177e-02 9.624127e-01 H+ 9.004265e-01 4.981519e-02 9.657270e-01 H+
2 4 1.071409e+01 3.745499e-02 1.335242e+01 HCO+ 1.071409e+01 3.745499e-02 1.335242e+01 HCO+ 1.142269e+01 3.544523e-02 9.029182e+00 HCO+ 1.142151e+01 3.752814e-02 9.184049e+00 HCO+
2 8 1.787041e+00 4.719225e-02 2.886521e+00 HCO+ 1.787041e+00 4.719225e-02 2.886521e+00 HCO+ 8.218518e-01 4.889551e-02 9.746279e-01 HCO+ 8.186616e-01 4.889610e-02 9.760279e-01 HCO+
2 16 1.020092e-02 4.908818e-02 8.461665e-01 HCO+ 1.020092e-02 4.908818e-02 8.461665e-01 HCO+ 4.611765e-01 2.404080e-01 4.277994e-01 HCO+ 4.608533e-01 2.445771e-01 4.311027e-01 HCO+
2 32 1.372624e-01 4.944995e-02 4.759757e-01 HCO+ 1.372624e-01 4.944995e-02 4.759757e-01 HCO+ 3.523730e-01 1.438305e-01 3.369371e-01 HCO+ 3.561567e-01 1.459218e-01 3.401090e-01 HCO+
2 64 4.028401e-04 1.072369e-04 3.045006e-02 H+ 4.028401e-04 1.072369e-04 3.045006e-02 H+ 4.671455e-04 1.190398e-04 2.913030e-02 H+ 4.896143e-04 1.241941e-04 2.912988e-02 H+
2 128 2.093028e-04 5.454393e-05 1.531106e-02 H+ 2.093028e-04 5.454393e-05 1.531106e-02 H+ 2.457097e-04 6.191947e-05 1.474879e-02 H+ 2.569671e-04 6.456957e-05 1.474834e-02 H+
2 256 1.065925e-04 2.748148e-05 7.670659e-03 H+ 1.065925e-04 2.748148e-05 7.670659e-03 H+ 1.258670e-04 3.155516e-05 7.411972e-03 H+ 1.314979e-04 3.289604e-05 7.411681e-03 H+
2 512 5.373188e-05 1.377877e-05 3.835097e-03 H+ 5.373188e-05 1.377877e-05 3.835097e-03 H+ 6.363942e-05 1.591476e-05 3.711312e-03 H+ 6.645499e-05 1.658886e-05 3.711150e-03 H+
2 1024 2.692298e-05 6.885463e-06 1.913759e-03 H+ 2.692298e-05 6.885463e-06 1.913759e-03 H+ 3.194499e-05 7.978675e-06 1.853286e-03 H+ 3.335274e-05 8.316602e-06 1.853201e-03 H+
2 4096 6.650152e-06 1.697325e-06 4.712612e-04 H+ 6.650152e-06 1.697325e-06 4.712612e-04 H+ 7.918463e-06 1.975388e-06 4.564068e-04 H+ 8.270392e-06 2.060031e-06 4.563844e-04 H+
2 16384 1.559627e-06 3.978644e-07 1.104378e-04 H+ 1.559627e-06 3.978644e-07 1.104378e-04 H+ 1.877479e-06 4.676711e-07 1.067379e-04 H+ 1.965460e-06 4.888415e-07 1.067322e-04 H+
# case 3 reference T 7.153105e+02 K y 8.613342e-02; order 1 at 200000: dT/T 0.00e+00 dy/y 0.00e+00 order 2 at 200000: dT/T -3.25e-09 dy/y -4.52e-11 order 3 at 200000: dT/T -3.25e-09 dy/y -4.52e-11
3 1 2.261658e+00 1.103900e+00 4.100936e+00 H3+ 2.261658e+00 1.103900e+00 4.100936e+00 H3+ 2.261661e+00 1.103908e+00 1.103908e+00 H2 2.261661e+00 1.103908e+00 1.103908e+00 H2
3 2 3.247740e-01 6.433427e-01 7.497692e+00 H3+ 3.247740e-01 6.433427e-01 7.497692e+00 H3+ 3.247576e-01 6.433801e-01 2.560276e+00 H3+ 3.247576e-01 6.433801e-01 2.560276e+00 H3+
3 4 1.225492e-02 3.511409e-01 2.239105e+00 H3+ 1.225492e-02 3.511409e-01 2.239105e+00 H3+ 1.245613e-02 3.511429e-01 1.040113e+00 OHx 1.245614e-02 3.511429e-01 1.040113e+00 OHx
3 8 1.257314e-02 1.840100e-01 9.263273e-01 H3+ 1.257314e-02 1.840100e-01 9.263273e-01 H3+ 1.265708e-02 1.840098e-01 4.682408e-01 OHx 1.265708e-02 1.840098e-01 4.682408e-01 OHx
3 16 6.505197e-03 9.426036e-02 4.220688e-01 H3+ 6.505197e-03 9.426036e-02 4.220688e-01 H3+ 6.545789e-03 9.426001e-02 2.254687e-01 OHx 6.545789e-03 9.426001e-02 2.254687e-01 OHx
3 32 3.325449e-03 4.771011e-02 2.005144e-01 H3+ 3.325449e-03 4.771011e-02 2.005144e-01 H3+ 3.345702e-03 4.770988e-02 1.103797e-01 OHx 3.345702e-03 4.770988e-02 1.103797e-01 OHx
3 64 1.695456e-03 2.399951e-02 9.757870e-02 H3+ 1.695456e-03 2.399951e-02 9.757870e-02 H3+ 1.705598e-03 2.399938e-02 5.459315e-02 OHx 1.705598e-03 2.399938e-02 5.459315e-02 OHx
3 128 8.583379e-04 1.203327e-02 4.810411e-02 H3+ 8.583379e-04 1.203327e-02 4.810411e-02 H3+ 8.634142e-04 1.203320e-02 2.714152e-02 OHx 8.634142e-04 1.203320e-02 2.714152e-02 OHx
3 256 4.320039e-04 6.022149e-03 2.386891e-02 H3+ 4.320039e-04 6.022149e-03 2.386891e-02 H3+ 4.345436e-04 6.022115e-03 1.352385e-02 OHx 4.345436e-04 6.022115e-03 1.352385e-02 OHx
3 512 2.165421e-04 3.009559e-03 1.187724e-02 H3+ 2.165421e-04 3.009559e-03 1.187724e-02 H3+ 2.178124e-04 3.009542e-03 6.741742e-03 OHx 2.178124e-04 3.009542e-03 6.741742e-03 OHx
3 1024 1.082087e-04 1.501503e-03 5.912918e-03 H3+ 1.082087e-04 1.501503e-03 5.912918e-03 H3+ 1.088439e-04 1.501494e-03 3.357332e-03 OHx 1.088439e-04 1.501494e-03 3.357332e-03 OHx
3 4096 2.667408e-05 3.696882e-04 1.453476e-03 H3+ 2.667408e-05 3.696882e-04 1.453476e-03 H3+ 2.683290e-05 3.696860e-04 8.219250e-04 OHx 2.683290e-05 3.696860e-04 8.219250e-04 OHx
3 16384 6.252936e-06 8.663126e-05 3.404634e-04 H3+ 6.252936e-06 8.663126e-05 3.404634e-04 H3+ 6.292641e-06 8.663071e-05 1.884612e-04 OHx 6.292641e-06 8.663071e-05 1.884612e-04 OHx
