# orders 1-2: He+,Si+,O+,C+,CHx,H2,H2+,OHx,H+,H3+,CO (case-D search) with H2+ moved before H2 | the same with H2+ right after Si+
# case N then per order (0 default, 1 default listed, 2 low lag, 3 rho+lag) |dT/T| |dy/y| max_s|dx/x|; reference: order 0, 200000 substeps
# case 0 reference T 7.438098e+03 K y 9.579997e-01; order 1 at 200000: dT/T -2.15e-09 dy/y -6.30e-11 order 2 at 200000: dT/T -2.15e-09 dy/y -6.30e-11
0 1 4.113524e+01 4.639450e-03 1.000000e+00 H2+ 4.113598e+01 4.639457e-03 1.000000e+00 H2+ 4.113598e+01 4.639457e-03 1.000000e+00 H2+
0 2 9.998656e-01 4.362819e-02 6.458979e-01 H2 9.998656e-01 4.360466e-02 6.447398e-01 H2 9.998656e-01 4.360466e-02 6.447398e-01 H2
0 4 5.273114e+00 5.136416e-01 9.987446e-01 O+ 5.293324e+00 5.169039e-01 9.987925e-01 O+ 5.293324e+00 5.169039e-01 9.987925e-01 O+
0 8 5.499755e-02 3.317288e-03 4.892584e-01 H2 5.725772e-02 3.394106e-03 4.873829e-01 H2 5.725772e-02 3.394106e-03 4.873829e-01 H2
0 16 1.154400e-02 5.718653e-04 2.117830e-01 H2 1.169535e-02 5.777626e-04 2.090277e-01 H2 1.169535e-02 5.777626e-04 2.090277e-01 H2
0 32 3.105688e-03 1.351846e-04 7.108275e-02 H2+ 3.126893e-03 1.358714e-04 7.207445e-02 H2+ 3.126893e-03 1.358714e-04 7.207445e-02 H2+
0 64 1.612648e-03 6.284557e-05 5.251393e-02 H2+ 1.617353e-03 6.297960e-05 5.322634e-02 H2+ 1.617353e-03 6.297960e-05 5.322634e-02 H2+
0 128 9.387178e-04 3.387554e-05 2.597884e-02 H2+ 9.390155e-04 3.387953e-05 2.634519e-02 H2+ 9.390155e-04 3.387953e-05 2.634519e-02 H2+
0 256 5.472091e-04 1.880123e-05 1.249756e-02 H2+ 5.467241e-04 1.878506e-05 1.267676e-02 H2+ 5.467241e-04 1.878506e-05 1.267676e-02 H2+
0 512 3.034905e-04 1.014712e-05 6.082410e-03 H2+ 3.030375e-04 1.013317e-05 6.167434e-03 H2+ 3.030375e-04 1.013317e-05 6.167434e-03 H2+
0 1024 1.606163e-04 5.295389e-06 2.990530e-03 H2+ 1.603143e-04 5.286323e-06 3.030867e-03 H2+ 1.603143e-04 5.286323e-06 3.030867e-03 H2+
0 4096 4.144065e-05 1.351911e-06 7.279670e-04 H2+ 4.134450e-05 1.349072e-06 7.374372e-04 H2+ 4.134450e-05 1.349072e-06 7.374372e-04 H2+
0 16384 9.828103e-06 3.197767e-07 1.700953e-04 H2+ 9.802429e-06 3.190217e-07 1.724158e-04 H2+ 9.802429e-06 3.190217e-07 1.724158e-04 H2+
# case 1 reference T 4.046458e+03 K y 3.199423e-01; order 1 at 200000: dT/T 1.39e-07 dy/y -2.11e-07 order 2 at 200000: dT/T 1.39e-07 dy/y -2.11e-07
1 1 5.936662e-01 1.931891e-01 2.495683e+00 O+ 3.521253e-01 5.653248e-01 2.621575e+00 O+ 3.521253e-01 5.653248e-01 2.621575e+00 O+
1 2 1.766643e-01 7.214703e-01 7.214703e-01 H+ 7.645309e-02 5.936040e-01 8.995824e-01 O+ 7.645309e-02 5.936040e-01 8.995824e-01 O+
1 4 1.712369e-02 3.195036e-01 4.634640e-01 O+ 3.189288e-02 3.212311e-01 6.383860e-01 O+ 3.189288e-02 3.212311e-01 6.383860e-01 O+
1 8 1.700047e-02 1.698205e-01 2.363970e-01 O+ 3.769615e-02 1.686826e-01 3.219415e-01 O+ 3.769615e-02 1.686826e-01 3.219415e-01 O+
1 16 1.737119e-02 8.825980e-02 1.181083e-01 O+ 2.398407e-02 8.637789e-02 1.586305e-01 O+ 2.398407e-02 8.637789e-02 1.586305e-01 O+
1 32 1.152292e-02 4.497619e-02 5.888770e-02 O+ 1.313350e-02 4.375805e-02 7.850921e-02 O+ 1.313350e-02 4.375805e-02 7.850921e-02 O+
1 64 6.579992e-03 2.268414e-02 2.937116e-02 O+ 6.822728e-03 2.203363e-02 3.903682e-02 O+ 6.822728e-03 2.203363e-02 3.903682e-02 O+
1 128 3.509938e-03 1.138552e-02 1.465963e-02 O+ 3.469739e-03 1.105536e-02 1.946006e-02 O+ 3.469739e-03 1.105536e-02 1.946006e-02 O+
1 256 1.811269e-03 5.700449e-03 7.319235e-03 O+ 1.747898e-03 5.534972e-03 9.711978e-03 O+ 1.747898e-03 5.534972e-03 9.711978e-03 O+
1 512 9.191230e-04 2.849348e-03 3.653387e-03 O+ 8.762456e-04 2.766626e-03 4.847980e-03 O+ 8.762456e-04 2.766626e-03 4.847980e-03 O+
1 1024 4.620927e-04 1.421706e-03 1.821616e-03 O+ 4.378111e-04 1.380365e-03 2.418480e-03 O+ 4.378111e-04 1.380365e-03 2.418480e-03 O+
1 4096 1.144440e-04 3.500683e-04 4.483031e-04 O+ 1.078378e-04 3.397388e-04 5.974400e-04 O+ 1.078378e-04 3.397388e-04 5.974400e-04 O+
1 16384 2.686018e-05 8.203560e-05 1.050422e-04 O+ 2.517536e-05 7.945372e-05 1.423216e-04 O+ 2.517536e-05 7.945372e-05 1.423216e-04 O+
# case 2 reference T 4.420793e+01 K y 1.522209e-04; order 1 at 200000: dT/T -3.89e-08 dy/y -9.17e-09 order 2 at 200000: dT/T -3.89e-08 dy/y -9.17e-09
2 1 1.393378e-01 1.000000e+00 6.590691e+00 H+ 1.393467e-01 1.000000e+00 8.323152e+01 H+ 1.393467e-01 1.000000e+00 8.323152e+01 H+
2 2 8.974184e-01 4.089808e-02 3.492324e+00 He+ 9.000191e-01 9.686551e-01 3.488415e+00 He+ 9.000191e-01 9.686551e-01 3.488415e+00 He+
2 4 1.071409e+01 3.745499e-02 1.335242e+01 HCO+ 7.463123e-01 5.001683e-02 1.553636e+00 He+ 7.463123e-01 5.001683e-02 1.553636e+00 He+
2 8 1.787041e+00 4.719225e-02 2.886521e+00 HCO+ 1.633550e+00 4.904160e-01 4.904160e-01 CO 1.633550e+00 4.904160e-01 4.904160e-01 CO
2 16 1.020092e-02 4.908818e-02 8.461665e-01 HCO+ 1.797406e-01 3.027014e-01 4.067178e-01 HCO+ 1.797406e-01 3.027014e-01 4.067178e-01 HCO+
2 32 1.372624e-01 4.944995e-02 4.759757e-01 HCO+ 1.198800e-01 4.944206e-02 4.931181e-01 HCO+ 1.198800e-01 4.944206e-02 4.931181e-01 HCO+
2 64 4.028401e-04 1.072369e-04 3.045006e-02 H+ 2.761675e-04 7.989145e-05 2.935034e-02 H+ 2.761675e-04 7.989145e-05 2.935034e-02 H+
2 128 2.093028e-04 5.454393e-05 1.531106e-02 H+ 1.472151e-04 4.053754e-05 1.481668e-02 H+ 1.472151e-04 4.053754e-05 1.481668e-02 H+
2 256 1.065925e-04 2.748148e-05 7.670659e-03 H+ 7.585759e-05 2.039719e-05 7.437462e-03 H+ 7.585759e-05 2.039719e-05 7.437462e-03 H+
2 512 5.373188e-05 1.377877e-05 3.835097e-03 H+ 3.844159e-05 1.021667e-05 3.722013e-03 H+ 3.844159e-05 1.021667e-05 3.722013e-03 H+
2 1024 2.692298e-05 6.885463e-06 1.913759e-03 H+ 1.929711e-05 5.099456e-06 1.858095e-03 H+ 1.929711e-05 5.099456e-06 1.858095e-03 H+
2 4096 6.650152e-06 1.697325e-06 4.712612e-04 H+ 4.747255e-06 1.249886e-06 4.575056e-04 H+ 4.747255e-06 1.249886e-06 4.575056e-04 H+
2 16384 1.559627e-06 3.978644e-07 1.104378e-04 H+ 1.084108e-06 2.859409e-07 1.070071e-04 H+ 1.084108e-06 2.859409e-07 1.070071e-04 H+
# case 3 reference T 7.153105e+02 K y 8.613342e-02; order 1 at 200000: dT/T -1.30e-09 dy/y -1.51e-10 order 2 at 200000: dT/T -1.30e-09 dy/y -1.51e-10
3 1 2.261658e+00 1.103900e+00 4.100936e+00 H3+ 2.261655e+00 1.103888e+00 1.103888e+00 H2 2.261655e+00 1.103888e+00 1.103888e+00 H2
3 2 3.247740e-01 6.433427e-01 7.497692e+00 H3+ 3.247567e-01 6.433220e-01 3.522304e+00 H3+ 3.247567e-01 6.433220e-01 3.522304e+00 H3+
3 4 1.225492e-02 3.511409e-01 2.239105e+00 H3+ 1.238846e-02 3.511315e-01 1.221639e+00 H3+ 1.238846e-02 3.511315e-01 1.221639e+00 H3+
3 8 1.257314e-02 1.840100e-01 9.263273e-01 H3+ 1.261964e-02 1.840059e-01 5.726595e-01 H3+ 1.261964e-02 1.840059e-01 5.726595e-01 H3+
3 16 6.505197e-03 9.426036e-02 4.220688e-01 H3+ 6.524815e-03 9.425839e-02 2.790553e-01 H3+ 6.524815e-03 9.425839e-02 2.790553e-01 H3+
3 32 3.325449e-03 4.771011e-02 2.005144e-01 H3+ 3.334439e-03 4.770915e-02 1.371052e-01 H3+ 3.334439e-03 4.770915e-02 1.371052e-01 H3+
3 64 1.695456e-03 2.399951e-02 9.757870e-02 H3+ 1.699746e-03 2.399904e-02 6.784206e-02 H3+ 1.699746e-03 2.399904e-02 6.784206e-02 H3+
3 128 8.583379e-04 1.203327e-02 4.810411e-02 H3+ 8.604296e-04 1.203303e-02 3.371976e-02 H3+ 8.604296e-04 1.203303e-02 3.371976e-02 H3+
3 256 4.320039e-04 6.022149e-03 2.386891e-02 H3+ 4.330362e-04 6.022031e-03 1.679667e-02 H3+ 4.330362e-04 6.022031e-03 1.679667e-02 H3+
3 512 2.165421e-04 3.009559e-03 1.187724e-02 H3+ 2.170548e-04 3.009500e-03 8.370966e-03 H3+ 2.170548e-04 3.009500e-03 8.370966e-03 H3+
3 1024 1.082087e-04 1.501503e-03 5.912918e-03 H3+ 1.084642e-04 1.501473e-03 4.167223e-03 H3+ 1.084642e-04 1.501473e-03 4.167223e-03 H3+
3 4096 2.667408e-05 3.696882e-04 1.453476e-03 H3+ 2.673778e-05 3.696809e-04 1.018446e-03 H3+ 2.673778e-05 3.696809e-04 1.018446e-03 H3+
3 16384 6.252936e-06 8.663126e-05 3.404634e-04 H3+ 6.268852e-06 8.662941e-05 2.317930e-04 H3+ 6.268852e-06 8.662941e-05 2.317930e-04 H3+
# orders 1-2: He+,Si+,H2+,H+,O+,C+,CHx,H2,OHx,H3+,CO | He+,Si+,H2+,H+,O+,C+,CHx,OHx,H2,H3+,CO
# case N then per order (0 default, 1 default listed, 2 low lag, 3 rho+lag) |dT/T| |dy/y| max_s|dx/x|; reference: order 0, 200000 substeps
# case 0 reference T 7.438098e+03 K y 9.579997e-01; order 1 at 200000: dT/T 3.21e-13 dy/y 1.11e-14 order 2 at 200000: dT/T 3.21e-13 dy/y 1.11e-14
0 1 4.113524e+01 4.639450e-03 1.000000e+00 H2+ 4.113524e+01 4.639450e-03 1.000000e+00 H2+ 4.113524e+01 4.639450e-03 1.000000e+00 H2+
0 2 9.998656e-01 4.362819e-02 6.458979e-01 H2 9.998656e-01 4.362819e-02 6.458982e-01 H2 9.998656e-01 4.362819e-02 6.458982e-01 H2
0 4 5.273114e+00 5.136416e-01 9.987446e-01 O+ 5.273114e+00 5.136416e-01 9.987446e-01 O+ 5.273114e+00 5.136416e-01 9.987446e-01 O+
0 8 5.499755e-02 3.317288e-03 4.892584e-01 H2 5.499755e-02 3.317288e-03 4.892653e-01 H2 5.499755e-02 3.317288e-03 4.892653e-01 H2
0 16 1.154400e-02 5.718653e-04 2.117830e-01 H2 1.154400e-02 5.718654e-04 2.117859e-01 H2 1.154400e-02 5.718654e-04 2.117859e-01 H2
0 32 3.105688e-03 1.351846e-04 7.108275e-02 H2+ 3.105691e-03 1.351847e-04 7.107755e-02 H2+ 3.105691e-03 1.351847e-04 7.107755e-02 H2+
0 64 1.612648e-03 6.284557e-05 5.251393e-02 H2+ 1.612649e-03 6.284561e-05 5.251182e-02 H2+ 1.612649e-03 6.284561e-05 5.251182e-02 H2+
0 128 9.387178e-04 3.387554e-05 2.597884e-02 H2+ 9.387184e-04 3.387556e-05 2.597803e-02 H2+ 9.387184e-04 3.387556e-05 2.597803e-02 H2+
0 256 5.472091e-04 1.880123e-05 1.249756e-02 H2+ 5.472093e-04 1.880123e-05 1.249722e-02 H2+ 5.472093e-04 1.880123e-05 1.249722e-02 H2+
0 512 3.034905e-04 1.014712e-05 6.082410e-03 H2+ 3.034906e-04 1.014712e-05 6.082252e-03 H2+ 3.034906e-04 1.014712e-05 6.082252e-03 H2+
0 1024 1.606163e-04 5.295389e-06 2.990530e-03 H2+ 1.606164e-04 5.295391e-06 2.990454e-03 H2+ 1.606164e-04 5.295391e-06 2.990454e-03 H2+
0 4096 4.144065e-05 1.351911e-06 7.279670e-04 H2+ 4.144067e-05 1.351911e-06 7.279488e-04 H2+ 4.144067e-05 1.351911e-06 7.279488e-04 H2+
0 16384 9.828103e-06 3.197767e-07 1.700953e-04 H2+ 9.828107e-06 3.197768e-07 1.700908e-04 H2+ 9.828107e-06 3.197768e-07 1.700908e-04 H2+
# case 1 reference T 4.046458e+03 K y 3.199423e-01; order 1 at 200000: dT/T 1.78e-15 dy/y -3.33e-16 order 2 at 200000: dT/T 1.78e-15 dy/y 0.00e+00
1 1 5.936662e-01 1.931891e-01 2.495683e+00 O+ 5.936662e-01 1.931891e-01 2.495683e+00 O+ 5.936662e-01 1.931891e-01 2.495683e+00 O+
1 2 1.766643e-01 7.214703e-01 7.214703e-01 H+ 1.766643e-01 7.214703e-01 7.214703e-01 H+ 1.766643e-01 7.214703e-01 7.214703e-01 H+
1 4 1.712369e-02 3.195036e-01 4.634640e-01 O+ 1.712369e-02 3.195036e-01 4.634640e-01 O+ 1.712369e-02 3.195036e-01 4.634640e-01 O+
1 8 1.700047e-02 1.698205e-01 2.363970e-01 O+ 1.700046e-02 1.698205e-01 2.363970e-01 O+ 1.700047e-02 1.698205e-01 2.363970e-01 O+
1 16 1.737119e-02 8.825980e-02 1.181083e-01 O+ 1.737119e-02 8.825980e-02 1.181083e-01 O+ 1.737119e-02 8.825980e-02 1.181083e-01 O+
1 32 1.152292e-02 4.497619e-02 5.888770e-02 O+ 1.152292e-02 4.497619e-02 5.888770e-02 O+ 1.152292e-02 4.497619e-02 5.888770e-02 O+
1 64 6.579992e-03 2.268414e-02 2.937116e-02 O+ 6.579992e-03 2.268414e-02 2.937116e-02 O+ 6.579992e-03 2.268414e-02 2.937116e-02 O+
1 128 3.509938e-03 1.138552e-02 1.465963e-02 O+ 3.509938e-03 1.138552e-02 1.465963e-02 O+ 3.509938e-03 1.138552e-02 1.465963e-02 O+
1 256 1.811269e-03 5.700449e-03 7.319235e-03 O+ 1.811269e-03 5.700449e-03 7.319235e-03 O+ 1.811269e-03 5.700449e-03 7.319235e-03 O+
1 512 9.191230e-04 2.849348e-03 3.653387e-03 O+ 9.191230e-04 2.849348e-03 3.653387e-03 O+ 9.191230e-04 2.849348e-03 3.653387e-03 O+
1 1024 4.620927e-04 1.421706e-03 1.821616e-03 O+ 4.620927e-04 1.421706e-03 1.821616e-03 O+ 4.620927e-04 1.421706e-03 1.821616e-03 O+
1 4096 1.144440e-04 3.500683e-04 4.483031e-04 O+ 1.144440e-04 3.500683e-04 4.483031e-04 O+ 1.144440e-04 3.500683e-04 4.483031e-04 O+
1 16384 2.686018e-05 8.203560e-05 1.050422e-04 O+ 2.686018e-05 8.203560e-05 1.050422e-04 O+ 2.686018e-05 8.203560e-05 1.050422e-04 O+
# case 2 reference T 4.420793e+01 K y 1.522209e-04; order 1 at 200000: dT/T -3.96e-08 dy/y -9.32e-09 order 2 at 200000: dT/T -4.21e-08 dy/y -9.89e-09
2 1 1.393378e-01 1.000000e+00 6.590691e+00 H+ 1.393378e-01 1.000000e+00 6.590691e+00 H+ 1.393378e-01 1.000000e+00 6.590691e+00 H+
2 2 8.974184e-01 4.089808e-02 3.492324e+00 He+ 8.999982e-01 9.993708e-01 3.492324e+00 He+ 8.999982e-01 9.993581e-01 3.492324e+00 He+
2 4 1.071409e+01 3.745499e-02 1.335242e+01 HCO+ 3.295014e-01 4.744348e-02 8.604652e-01 H+ 3.294042e-01 4.744477e-02 8.604671e-01 H+
2 8 1.787041e+00 4.719225e-02 2.886521e+00 HCO+ 1.612252e-01 4.912680e-02 8.000533e-01 HCO+ 9.489067e-02 4.916421e-02 7.606998e-01 HCO+
2 16 1.020092e-02 4.908818e-02 8.461665e-01 HCO+ 1.574361e+00 2.834512e-01 5.821281e-01 HCO+ 1.547457e+00 2.836943e-01 5.810489e-01 HCO+
2 32 1.372624e-01 4.944995e-02 4.759757e-01 HCO+ 1.615190e-01 4.949746e-02 4.337230e-01 HCO+ 1.313436e-01 4.945733e-02 4.766945e-01 HCO+
2 64 4.028401e-04 1.072369e-04 3.045006e-02 H+ 2.758569e-04 7.995141e-05 2.959751e-02 H+ 2.690061e-04 7.852047e-05 2.959832e-02 H+
2 128 2.093028e-04 5.454393e-05 1.531106e-02 H+ 1.466402e-04 4.043802e-05 1.490453e-02 H+ 1.429916e-04 3.963576e-05 1.490511e-02 H+
2 256 1.065925e-04 2.748148e-05 7.670659e-03 H+ 7.546334e-05 2.031402e-05 7.471972e-03 H+ 7.358291e-05 1.989013e-05 7.472311e-03 H+
2 512 5.373188e-05 1.377877e-05 3.835097e-03 H+ 3.821738e-05 1.016661e-05 3.736856e-03 H+ 3.726309e-05 9.948844e-06 3.737037e-03 H+
2 1024 2.692298e-05 6.885463e-06 1.913759e-03 H+ 1.917820e-05 5.072296e-06 1.864909e-03 H+ 1.869754e-05 4.961942e-06 1.865002e-03 H+
2 4096 6.650152e-06 1.697325e-06 4.712612e-04 H+ 4.716287e-06 1.242708e-06 4.590987e-04 H+ 4.595462e-06 1.214842e-06 4.591226e-04 H+
2 16384 1.559627e-06 3.978644e-07 1.104378e-04 H+ 1.076306e-06 2.841274e-07 1.074003e-04 H+ 1.046059e-06 2.771434e-07 1.074063e-04 H+
# case 3 reference T 7.153105e+02 K y 8.613342e-02; order 1 at 200000: dT/T -2.50e-10 dy/y -3.23e-11 order 2 at 200000: dT/T -1.34e-12 dy/y -2.97e-11
3 1 2.261658e+00 1.103900e+00 4.100936e+00 H3+ 2.261655e+00 1.103890e+00 1.103890e+00 H2 2.261655e+00 1.103890e+00 1.103890e+00 H2
3 2 3.247740e-01 6.433427e-01 7.497692e+00 H3+ 3.247745e-01 6.433365e-01 3.522184e+00 H3+ 3.247739e-01 6.433365e-01 3.522200e+00 H3+
3 4 1.225492e-02 3.511409e-01 2.239105e+00 H3+ 1.226581e-02 3.511387e-01 1.249716e+00 H3+ 1.225473e-02 3.511388e-01 1.255267e+00 OHx
3 8 1.257314e-02 1.840100e-01 9.263273e-01 H3+ 1.257971e-02 1.840090e-01 5.789640e-01 H3+ 1.257310e-02 1.840091e-01 5.988944e-01 OHx
3 16 6.505197e-03 9.426036e-02 4.220688e-01 H3+ 6.508541e-03 9.425992e-02 2.811779e-01 H3+ 6.505192e-03 9.425994e-02 2.934505e-01 OHx
3 32 3.325449e-03 4.771011e-02 2.005144e-01 H3+ 3.327088e-03 4.770990e-02 1.379567e-01 H3+ 3.325452e-03 4.770991e-02 1.444235e-01 OHx
3 64 1.695456e-03 2.399951e-02 9.757870e-02 H3+ 1.696260e-03 2.399941e-02 6.822000e-02 H3+ 1.695459e-03 2.399942e-02 7.153395e-02 OHx
3 128 8.583379e-04 1.203327e-02 4.810411e-02 H3+ 8.587349e-04 1.203322e-02 3.389724e-02 H3+ 8.583397e-04 1.203322e-02 3.557876e-02 OHx
3 256 4.320039e-04 6.022149e-03 2.386891e-02 H3+ 4.322010e-04 6.022124e-03 1.688258e-02 H3+ 4.320049e-04 6.022126e-03 1.773252e-02 OHx
3 512 2.165421e-04 3.009559e-03 1.187724e-02 H3+ 2.166403e-04 3.009547e-03 8.413225e-03 H3+ 2.165427e-04 3.009548e-03 8.843380e-03 OHx
3 1024 1.082087e-04 1.501503e-03 5.912918e-03 H3+ 1.082577e-04 1.501496e-03 4.188179e-03 H3+ 1.082090e-04 1.501497e-03 4.407450e-03 OHx
3 4096 2.667408e-05 3.696882e-04 1.453476e-03 H3+ 2.668631e-05 3.696867e-04 1.023652e-03 H3+ 2.667414e-05 3.696868e-04 1.084320e-03 OHx
3 16384 6.252936e-06 8.663126e-05 3.404634e-04 H3+ 6.255993e-06 8.663087e-05 2.330925e-04 H3+ 6.252952e-06 8.663090e-05 2.540515e-04 OHx
# orders 1-2: case-C search best | case-D search best
# case N then per order (0 default, 1 default listed, 2 low lag, 3 rho+lag) |dT/T| |dy/y| max_s|dx/x|; reference: order 0, 200000 substeps
# case 0 reference T 7.438098e+03 K y 9.579997e-01; order 1 at 200000: dT/T 4.67e-08 dy/y 1.35e-09 order 2 at 200000: dT/T 4.71e-08 dy/y 1.36e-09
0 1 4.113524e+01 4.639450e-03 1.000000e+00 H2+ 4.113598e+01 4.639564e-03 9.999860e-01 O+ 4.113598e+01 4.639564e-03 9.999860e-01 O+
0 2 9.998656e-01 4.362819e-02 6.458979e-01 H2 9.998656e-01 4.360457e-02 9.623920e-01 H2+ 9.998656e-01 4.360457e-02 9.626121e-01 H2+
0 4 5.273114e+00 5.136416e-01 9.987446e-01 O+ 5.293604e+00 5.168372e-01 3.632841e+00 H2 5.293607e+00 5.168368e-01 3.736474e+00 H2
0 8 5.499755e-02 3.317288e-03 4.892584e-01 H2 5.735593e-02 3.396621e-03 6.739255e-01 H2 5.735647e-02 3.396636e-03 6.752390e-01 H2
0 16 1.154400e-02 5.718653e-04 2.117830e-01 H2 1.183141e-02 5.818020e-04 4.955707e-01 H2 1.183195e-02 5.818195e-04 4.968185e-01 H2
0 32 3.105688e-03 1.351846e-04 7.108275e-02 H2+ 3.293921e-03 1.408648e-04 2.760890e-01 H2+ 3.294817e-03 1.408921e-04 2.779748e-01 H2+
0 64 1.612648e-03 6.284557e-05 5.251393e-02 H2+ 1.725156e-03 6.616850e-05 1.558663e-01 H2+ 1.725869e-03 6.618977e-05 1.572565e-01 H2+
0 128 9.387178e-04 3.387554e-05 2.597884e-02 H2+ 1.000840e-03 3.569068e-05 8.619772e-02 H2+ 1.001301e-03 3.570425e-05 8.704245e-02 H2+
0 256 5.472091e-04 1.880123e-05 1.249756e-02 H2+ 5.805543e-04 1.976963e-05 4.624925e-02 H2+ 5.808246e-04 1.977750e-05 4.672211e-02 H2+
0 512 3.034905e-04 1.014712e-05 6.082410e-03 H2+ 3.209138e-04 1.065144e-05 2.415135e-02 H2+ 3.210615e-04 1.065572e-05 2.440274e-02 H2+
0 1024 1.606163e-04 5.295389e-06 2.990530e-03 H2+ 1.695347e-04 5.553087e-06 1.237804e-02 H2+ 1.696120e-04 5.555323e-06 1.250777e-02 H2+
0 4096 4.144065e-05 1.351911e-06 7.279670e-04 H2+ 4.370813e-05 1.417347e-06 3.166402e-03 H2+ 4.372818e-05 1.417925e-06 3.199620e-03 H2+
0 16384 9.828103e-06 3.197767e-07 1.700953e-04 H2+ 1.039721e-05 3.361951e-07 8.069512e-04 H2+ 1.040227e-05 3.363409e-07 8.153053e-04 H2+
# case 1 reference T 4.046458e+03 K y 3.199423e-01; order 1 at 200000: dT/T 1.46e-07 dy/y -2.11e-07 order 2 at 200000: dT/T 1.39e-07 dy/y -2.11e-07
1 1 5.936662e-01 1.931891e-01 2.495683e+00 O+ 3.521254e-01 5.653246e-01 2.621574e+00 O+ 3.521253e-01 5.653248e-01 2.621575e+00 O+
1 2 1.766643e-01 7.214703e-01 7.214703e-01 H+ 7.642866e-02 5.936012e-01 8.995678e-01 O+ 7.645309e-02 5.936040e-01 8.995824e-01 O+
1 4 1.712369e-02 3.195036e-01 4.634640e-01 O+ 3.176240e-02 3.212374e-01 6.383742e-01 O+ 3.189287e-02 3.212311e-01 6.383860e-01 O+
1 8 1.700047e-02 1.698205e-01 2.363970e-01 O+ 3.758989e-02 1.686933e-01 3.219452e-01 O+ 3.769615e-02 1.686826e-01 3.219415e-01 O+
1 16 1.737119e-02 8.825980e-02 1.181083e-01 O+ 2.391601e-02 8.638563e-02 1.586360e-01 O+ 2.398407e-02 8.637789e-02 1.586305e-01 O+
1 32 1.152292e-02 4.497619e-02 5.888770e-02 O+ 1.309527e-02 4.376259e-02 7.851296e-02 O+ 1.313350e-02 4.375805e-02 7.850921e-02 O+
1 64 6.579992e-03 2.268414e-02 2.937116e-02 O+ 6.802579e-03 2.203606e-02 3.903895e-02 O+ 6.822728e-03 2.203363e-02 3.903682e-02 O+
1 128 3.509938e-03 1.138552e-02 1.465963e-02 O+ 3.459423e-03 1.105661e-02 1.946119e-02 O+ 3.469739e-03 1.105536e-02 1.946006e-02 O+
1 256 1.811269e-03 5.700449e-03 7.319235e-03 O+ 1.742683e-03 5.535606e-03 9.712554e-03 O+ 1.747898e-03 5.534972e-03 9.711978e-03 O+
1 512 9.191230e-04 2.849348e-03 3.653387e-03 O+ 8.736243e-04 2.766944e-03 4.848271e-03 O+ 8.762456e-04 2.766626e-03 4.847980e-03 O+
1 1024 4.620927e-04 1.421706e-03 1.821616e-03 O+ 4.364971e-04 1.380524e-03 2.418626e-03 O+ 4.378111e-04 1.380365e-03 2.418480e-03 O+
1 4096 1.144440e-04 3.500683e-04 4.483031e-04 O+ 1.075087e-04 3.397788e-04 5.974767e-04 O+ 1.078378e-04 3.397388e-04 5.974400e-04 O+
1 16384 2.686018e-05 8.203560e-05 1.050422e-04 O+ 2.509304e-05 7.946373e-05 1.423308e-04 O+ 2.517536e-05 7.945372e-05 1.423216e-04 O+
# case 2 reference T 4.420793e+01 K y 1.522209e-04; order 1 at 200000: dT/T -5.53e-08 dy/y -1.29e-08 order 2 at 200000: dT/T -3.81e-08 dy/y -8.93e-09
2 1 1.393378e-01 1.000000e+00 6.590691e+00 H+ 1.393390e-01 1.000000e+00 1.714444e+01 H+ 1.393474e-01 1.000000e+00 8.930811e+01 H+
2 2 8.974184e-01 4.089808e-02 3.492324e+00 He+ 9.026113e-01 5.031506e-02 3.491546e+00 He+ 8.991084e-01 9.113492e-01 3.488117e+00 He+
2 4 1.071409e+01 3.745499e-02 1.335242e+01 HCO+ 1.140318e+01 6.933502e-01 2.577778e+00 H3+ 7.396135e-01 5.005265e-02 1.413336e+00 He+
2 8 1.787041e+00 4.719225e-02 2.886521e+00 HCO+ 9.234372e-01 4.693926e-01 5.183474e-01 HCO+ 1.508738e+00 4.893693e-01 4.893693e-01 CO
2 16 1.020092e-02 4.908818e-02 8.461665e-01 HCO+ 2.697728e-01 2.937432e-01 2.937432e-01 CO 1.817878e-01 3.040039e-01 3.908254e-01 HCO+
2 32 1.372624e-01 4.944995e-02 4.759757e-01 HCO+ 1.312093e-01 4.949124e-02 3.676773e-01 HCO+ 3.622738e-01 1.606443e-01 3.596232e-01 HCO+
2 64 4.028401e-04 1.072369e-04 3.045006e-02 H+ 2.251722e-04 6.886357e-05 2.880824e-02 H+ 2.788402e-04 8.059985e-05 2.954787e-02 H+
2 128 2.093028e-04 5.454393e-05 1.531106e-02 H+ 1.215798e-04 3.483013e-05 1.458027e-02 H+ 1.485731e-04 4.090252e-05 1.491752e-02 H+
2 256 1.065925e-04 2.748148e-05 7.670659e-03 H+ 6.303477e-05 1.750234e-05 7.329454e-03 H+ 7.654116e-05 2.058194e-05 7.488216e-03 H+
2 512 5.373188e-05 1.377877e-05 3.835097e-03 H+ 3.203308e-05 8.760031e-06 3.670820e-03 H+ 3.878438e-05 1.030955e-05 3.747446e-03 H+
2 1024 2.692298e-05 6.885463e-06 1.913759e-03 H+ 1.609411e-05 4.368969e-06 1.833236e-03 H+ 1.946873e-05 5.146016e-06 1.870822e-03 H+
2 4096 6.650152e-06 1.697325e-06 4.712612e-04 H+ 3.946777e-06 1.066866e-06 4.514306e-04 H+ 4.790201e-06 1.261547e-06 4.606888e-04 H+
2 16384 1.559627e-06 3.978644e-07 1.104378e-04 H+ 8.839961e-07 2.401585e-07 1.054961e-04 H+ 1.094846e-06 2.888575e-07 1.078030e-04 H+
# case 3 reference T 7.153105e+02 K y 8.613342e-02; order 1 at 200000: dT/T -3.00e-09 dy/y -5.06e-11 order 2 at 200000: dT/T -1.18e-09 dy/y -1.00e-10
3 1 2.261658e+00 1.103900e+00 4.100936e+00 H3+ 2.261661e+00 1.103907e+00 1.103907e+00 H2 2.261658e+00 1.103899e+00 1.103899e+00 H2
3 2 3.247740e-01 6.433427e-01 7.497692e+00 H3+ 3.247576e-01 6.433790e-01 5.082931e+00 H3+ 3.247567e-01 6.433280e-01 2.561783e+00 H3+
3 4 1.225492e-02 3.511409e-01 2.239105e+00 H3+ 1.244483e-02 3.511430e-01 1.937872e+00 OHx 1.238672e-02 3.511342e-01 8.299866e-01 H3+
3 8 1.257314e-02 1.840100e-01 9.263273e-01 H3+ 1.264964e-02 1.840099e-01 7.903378e-01 OHx 1.261788e-02 1.840072e-01 3.892978e-01 H3+
3 16 6.505197e-03 9.426036e-02 4.220688e-01 H3+ 6.542224e-03 9.426005e-02 3.600830e-01 OHx 6.523656e-03 9.425903e-02 1.929922e-01 H3+
3 32 3.325449e-03 4.771011e-02 2.005144e-01 H3+ 3.344016e-03 4.770988e-02 1.714114e-01 OHx 3.333782e-03 4.770946e-02 9.591032e-02 H3+
3 64 1.695456e-03 2.399951e-02 9.757870e-02 H3+ 1.704784e-03 2.399938e-02 8.358511e-02 OHx 1.699396e-03 2.399919e-02 4.775563e-02 H3+
3 128 8.583379e-04 1.203327e-02 4.810411e-02 H3+ 8.630159e-04 1.203319e-02 4.126216e-02 OHx 8.602495e-04 1.203311e-02 2.381040e-02 H3+
3 256 4.320039e-04 6.022149e-03 2.386891e-02 H3+ 4.343466e-04 6.022111e-03 2.049102e-02 OHx 4.329448e-04 6.022070e-03 1.187619e-02 H3+
3 512 2.165421e-04 3.009559e-03 1.187724e-02 H3+ 2.177144e-04 3.009540e-03 1.020213e-02 OHx 2.170088e-04 3.009520e-03 5.919364e-03 H3+
3 1024 1.082087e-04 1.501503e-03 5.912918e-03 H3+ 1.087951e-04 1.501493e-03 5.081735e-03 OHx 1.084411e-04 1.501483e-03 2.943593e-03 H3+
3 4096 2.667408e-05 3.696882e-04 1.453476e-03 H3+ 2.682072e-05 3.696858e-04 1.251941e-03 OHx 2.673199e-05 3.696833e-04 7.129469e-04 H3+
3 16384 6.252936e-06 8.663126e-05 3.404634e-04 H3+ 6.289599e-06 8.663064e-05 2.958975e-04 OHx 6.267402e-06 8.663003e-05 1.554437e-04 H3+
