# case N then per variant (default, refresh_rates) |dT/T| |dx/x|; reference: default, 200000 substeps
# case 0 reference T 7.438098e+03 K x 9.579997e-01
0 1 4.113524e+01 4.639450e-03 4.438911e+01 1.498266e-01
0 2 9.998656e-01 4.362819e-02 9.998656e-01 8.945745e-01
0 4 5.273114e+00 5.136416e-01 1.328647e+00 1.628098e-02
0 8 5.499755e-02 3.317288e-03 1.104584e-01 2.927997e-03
0 16 1.154400e-02 5.718653e-04 1.946571e-02 5.755906e-04
0 32 3.105688e-03 1.351846e-04 4.698646e-03 1.385622e-04
0 64 1.612648e-03 6.284557e-05 2.209719e-03 6.447552e-05
0 128 9.387178e-04 3.387554e-05 1.193580e-03 3.457731e-05
0 256 5.472091e-04 1.880123e-05 6.620674e-04 1.909322e-05
0 512 3.034905e-04 1.014712e-05 3.568808e-04 1.026549e-05
0 1024 1.606163e-04 5.295389e-06 1.860903e-04 5.344567e-06
0 2048 8.242561e-05 2.698434e-06 9.482148e-05 2.719976e-06
0 4096 4.144065e-05 1.351911e-06 4.754811e-05 1.361839e-06
0 16384 9.828103e-06 3.197767e-07 1.133739e-05 3.220911e-07
# case 1 reference T 4.046458e+03 K x 3.199423e-01
1 1 5.936662e-01 1.931891e-01 6.157367e-01 2.511765e-01
1 2 1.766643e-01 7.214703e-01 2.125837e-01 6.280586e-01
1 4 1.712369e-02 3.195036e-01 6.387204e-02 2.393332e-01
1 8 1.700047e-02 1.698205e-01 1.922338e-02 1.262369e-01
1 16 1.737119e-02 8.825980e-02 5.115488e-03 6.681107e-02
1 32 1.152292e-02 4.497619e-02 1.074574e-03 3.456301e-02
1 64 6.579992e-03 2.268414e-02 1.060803e-04 1.758912e-02
1 128 3.509938e-03 1.138552e-02 6.241615e-05 8.870500e-03
1 256 1.811269e-03 5.700449e-03 6.030623e-05 4.451661e-03
1 512 9.191230e-04 2.849348e-03 3.669716e-05 2.227210e-03
1 1024 4.620927e-04 1.421706e-03 1.912518e-05 1.111211e-03
1 2048 2.307978e-04 7.073675e-04 8.873061e-06 5.522648e-04
1 4096 1.144440e-04 3.500683e-04 3.371120e-06 2.725533e-04
1 16384 2.686018e-05 8.203560e-05 9.288082e-07 6.266368e-05
# case 2 reference T 4.420793e+01 K x 1.522209e-04
2 1 1.393378e-01 1.000000e+00 1.393378e-01 1.000000e+00
2 2 8.974184e-01 4.089808e-02 8.984742e-01 3.639046e-02
2 4 1.071409e+01 3.745499e-02 1.749152e-01 6.122510e-01
2 8 1.787041e+00 4.719225e-02 4.529476e-01 4.958760e-02
2 16 1.020092e-02 4.908818e-02 2.192688e-03 4.999574e-02
2 32 1.372624e-01 4.944995e-02 1.852117e-01 5.009272e-02
2 64 4.028401e-04 1.072369e-04 4.099891e-04 1.087877e-04
2 128 2.093028e-04 5.454393e-05 2.132780e-04 5.545392e-05
2 256 1.065925e-04 2.748148e-05 1.086761e-04 2.797094e-05
2 512 5.373188e-05 1.377877e-05 5.479718e-05 1.403222e-05
2 1024 2.692298e-05 6.885463e-06 2.746143e-05 7.014378e-06
2 2048 1.342361e-05 3.428428e-06 1.369426e-05 3.493431e-06
2 4096 6.650152e-06 1.697325e-06 6.785823e-06 1.729960e-06
2 16384 1.559627e-06 3.978644e-07 1.593604e-06 4.060466e-07
